Factories	2
Families	20
Machines	2
SetupType	3

Number of Jobs in each Family
4	1	8	7	8	3	10	2	9	8	1	6	6	3	8	5	2	9	9	6	

Jobs in each Family
0	1	2	3	
4	
5	6	7	8	9	10	11	12	
13	14	15	16	17	18	19	
20	21	22	23	24	25	26	27	
28	29	30	
31	32	33	34	35	36	37	38	39	40	
41	42	
43	44	45	46	47	48	49	50	51	
52	53	54	55	56	57	58	59	
60	
61	62	63	64	65	66	
67	68	69	70	71	72	
73	74	75	
76	77	78	79	80	81	82	83	
84	85	86	87	88	
89	90	
91	92	93	94	95	96	97	98	99	
100	101	102	103	104	105	106	107	108	
109	110	111	112	113	114	

Total number of jobs
115

Processing times of jobs
3	8	
10	8	
1	5	
10	2	
1	10	
5	6	
4	3	
10	9	
9	2	
8	10	
10	4	
4	5	
3	2	
5	3	
10	10	
6	7	
3	8	
10	10	
8	1	
10	5	
1	6	
2	2	
2	7	
9	2	
2	5	
9	8	
1	8	
6	7	
3	2	
10	10	
5	1	
9	7	
4	8	
8	3	
1	3	
4	10	
3	7	
1	1	
5	9	
1	6	
4	1	
8	8	
5	2	
1	10	
6	4	
9	9	
8	2	
2	5	
1	9	
2	6	
7	4	
2	7	
10	7	
2	8	
10	3	
8	7	
10	5	
1	4	
2	9	
10	6	
10	3	
4	2	
2	4	
2	5	
6	3	
8	4	
10	6	
8	4	
9	5	
3	3	
10	8	
9	7	
8	5	
6	5	
4	2	
9	3	
2	1	
1	1	
10	1	
1	3	
3	2	
10	9	
5	2	
3	6	
1	2	
10	2	
10	5	
6	5	
9	4	
1	7	
9	4	
3	2	
5	1	
1	4	
7	4	
8	1	
6	3	
8	5	
9	7	
7	3	
1	8	
8	6	
3	10	
3	8	
6	3	
6	10	
10	1	
3	6	
10	4	
2	4	
4	2	
7	3	
4	1	
10	1	
3	7	

Stepup times between Families, where [f][f] represents initial setup time
On machine	1
46	84	93	52	79	68	97	50	78	57	30	54	55	79	57	53	45	3	96	47	
22	54	92	61	55	74	99	59	36	5	100	25	72	77	36	13	33	14	87	34	
63	9	96	79	32	26	85	64	43	17	27	24	57	86	32	14	48	81	22	66	
28	67	71	42	7	70	81	61	4	90	32	58	2	85	29	70	10	16	22	32	
29	8	27	97	91	92	23	64	29	63	80	74	73	24	55	48	95	64	47	33	
82	64	19	55	1	64	42	82	79	95	91	35	97	27	29	62	46	16	57	61	
32	4	49	19	89	50	95	98	76	99	11	92	97	56	77	64	27	33	39	63	
84	25	61	65	2	32	89	81	4	21	65	71	26	24	63	34	42	67	16	17	
87	83	4	62	3	73	5	5	15	45	43	93	50	91	75	20	64	49	50	76	
52	60	88	2	11	46	7	42	82	52	78	15	66	27	19	64	63	44	16	7	
99	60	74	45	83	29	46	82	39	75	17	98	97	69	69	5	88	96	96	63	
43	100	16	7	50	12	4	45	61	17	26	81	78	38	73	50	41	63	29	6	
78	9	81	92	97	40	97	80	87	4	100	46	35	97	7	57	44	91	62	81	
25	24	90	11	84	43	40	40	95	100	25	29	67	21	59	65	55	49	99	67	
74	67	11	34	56	9	34	42	78	81	58	76	3	53	41	29	45	10	62	3	
32	38	34	97	25	17	95	85	27	60	76	23	43	57	50	31	53	62	54	45	
90	9	43	63	55	43	82	48	25	76	88	60	22	59	67	37	1	70	52	80	
81	88	4	11	60	45	57	1	86	30	66	30	11	2	62	1	93	87	62	19	
52	81	54	55	84	32	45	82	77	28	18	43	69	70	66	75	16	73	99	41	
63	74	75	42	72	23	82	47	9	65	64	43	87	37	87	30	18	44	91	50	
On machine	2
66	39	42	93	60	30	18	3	38	19	65	38	43	9	61	100	71	37	96	16	
11	77	17	62	56	88	7	55	76	5	6	32	16	87	60	79	100	76	57	64	
20	64	34	77	4	73	43	68	3	84	51	52	59	75	21	66	16	17	23	61	
54	77	97	100	8	59	99	71	58	71	55	34	85	60	47	1	66	84	82	90	
32	100	56	31	58	98	19	91	60	13	67	41	36	42	45	35	16	16	12	11	
47	97	92	67	57	63	32	50	3	19	13	55	50	97	39	18	62	4	91	79	
10	96	30	13	18	66	38	32	86	82	6	63	29	88	50	1	24	60	72	60	
68	38	77	62	85	86	55	76	76	39	94	88	88	26	61	27	12	69	3	95	
60	25	14	85	18	1	92	79	10	16	79	92	33	57	89	56	61	17	81	29	
57	68	60	86	80	99	63	95	79	61	12	9	80	9	96	67	40	44	84	25	
67	91	87	5	82	39	6	24	2	8	88	62	36	74	24	51	8	47	33	52	
97	68	6	1	52	5	95	25	41	76	67	76	15	21	17	51	52	10	27	2	
100	80	1	90	32	31	31	9	91	5	23	34	92	72	5	11	82	87	52	1	
11	15	88	11	39	10	87	43	25	40	21	34	75	92	35	85	47	61	1	95	
12	10	76	65	38	3	32	24	77	65	94	69	60	59	39	55	89	62	1	56	
3	22	100	45	84	74	67	19	96	77	25	90	21	38	29	38	61	18	20	35	
73	84	41	97	43	97	14	42	14	88	91	94	64	71	83	34	45	88	93	57	
43	7	71	53	69	1	69	36	63	20	41	84	6	95	3	11	100	69	50	90	
99	1	40	22	42	53	63	17	12	35	36	91	67	71	44	52	36	78	49	3	
38	71	74	91	12	84	82	37	87	35	26	23	54	49	60	67	16	86	39	51	
