Factories	2
Families	30
Machines	6
SetupType	3

Number of Jobs in each Family
8	7	8	3	10	10	5	1	9	9	8	2	6	1	1	7	5	7	7	6	1	9	6	10	5	9	1	7	7	4	

Jobs in each Family
0	1	2	3	4	5	6	7	
8	9	10	11	12	13	14	
15	16	17	18	19	20	21	22	
23	24	25	
26	27	28	29	30	31	32	33	34	35	
36	37	38	39	40	41	42	43	44	45	
46	47	48	49	50	
51	
52	53	54	55	56	57	58	59	60	
61	62	63	64	65	66	67	68	69	
70	71	72	73	74	75	76	77	
78	79	
80	81	82	83	84	85	
86	
87	
88	89	90	91	92	93	94	
95	96	97	98	99	
100	101	102	103	104	105	106	
107	108	109	110	111	112	113	
114	115	116	117	118	119	
120	
121	122	123	124	125	126	127	128	129	
130	131	132	133	134	135	
136	137	138	139	140	141	142	143	144	145	
146	147	148	149	150	
151	152	153	154	155	156	157	158	159	
160	
161	162	163	164	165	166	167	
168	169	170	171	172	173	174	
175	176	177	178	

Total number of jobs
179

Processing times of jobs
10	1	1	10	2	5	
6	10	6	1	1	1	
3	4	3	8	2	7	
10	6	9	10	1	3	
6	8	8	9	5	2	
2	1	1	8	5	6	
5	3	1	1	3	5	
9	10	4	2	5	6	
5	1	7	1	5	7	
6	2	5	1	8	4	
1	3	7	9	3	7	
8	3	9	3	10	7	
9	4	10	7	7	3	
1	2	5	2	7	1	
9	5	4	2	10	2	
10	8	1	5	2	10	
9	10	8	2	9	3	
6	7	4	8	9	9	
10	7	7	7	10	4	
6	6	10	1	4	7	
7	2	6	5	4	1	
2	3	1	9	7	4	
1	6	2	2	6	7	
4	8	3	8	5	4	
8	10	3	9	8	8	
10	2	10	9	1	2	
4	5	8	6	5	1	
1	1	4	1	7	6	
7	4	4	4	4	7	
8	7	9	4	3	3	
2	9	10	7	9	5	
10	6	2	9	9	9	
5	2	1	6	4	8	
2	4	9	10	5	2	
10	3	9	6	7	10	
10	2	5	8	5	10	
6	4	9	6	8	9	
5	10	1	9	4	6	
3	1	8	7	10	5	
9	5	9	4	8	10	
4	3	2	9	4	5	
6	7	1	8	2	8	
5	6	5	6	2	10	
7	5	6	2	5	5	
8	5	7	3	10	10	
9	8	6	7	9	5	
10	3	9	9	6	6	
2	6	3	7	4	9	
5	3	4	10	2	4	
4	4	1	8	8	1	
8	2	9	1	10	8	
7	6	5	6	10	8	
2	9	3	10	1	6	
1	9	8	1	10	10	
3	10	8	6	10	10	
3	10	1	6	8	5	
2	9	3	7	2	10	
10	2	7	5	2	2	
2	9	9	4	2	8	
8	7	10	6	10	4	
9	4	1	8	9	6	
1	4	3	8	10	3	
7	8	7	5	7	10	
4	8	9	10	4	1	
3	6	3	3	3	4	
5	8	7	9	6	10	
6	2	5	4	4	1	
8	4	7	3	2	2	
8	9	6	2	5	7	
9	7	9	1	2	9	
4	4	4	10	5	5	
6	3	2	3	9	3	
9	3	6	8	10	1	
1	10	10	8	7	10	
10	3	8	1	6	6	
3	4	5	2	6	3	
9	2	10	5	4	10	
6	1	4	9	8	4	
7	7	4	9	5	5	
4	2	9	7	10	3	
8	2	7	9	4	1	
7	3	5	6	6	5	
6	9	3	6	9	9	
8	3	8	6	6	6	
5	5	4	1	10	3	
9	3	3	9	10	5	
3	10	2	1	4	8	
5	7	8	8	3	6	
8	1	6	2	8	3	
4	2	4	8	2	2	
7	3	4	4	9	7	
5	4	4	3	7	8	
1	7	2	2	6	9	
8	9	8	8	9	8	
9	6	2	7	1	7	
6	6	2	6	8	1	
7	5	4	4	7	8	
6	2	4	7	4	9	
6	5	7	2	9	3	
9	7	10	10	2	6	
10	6	5	7	9	8	
8	2	5	5	8	4	
9	6	2	10	8	6	
10	6	4	2	8	4	
3	7	3	9	5	3	
7	9	8	9	5	7	
2	1	9	2	1	7	
6	5	4	1	6	1	
7	6	4	8	8	8	
5	10	6	7	9	7	
9	9	9	7	2	7	
6	9	1	10	9	4	
5	2	8	5	3	5	
3	2	1	4	7	10	
2	10	5	2	10	5	
2	8	8	7	1	9	
8	4	2	2	2	5	
5	2	7	2	2	7	
1	9	8	7	10	8	
3	2	4	9	5	2	
5	5	1	6	8	5	
10	5	2	6	9	1	
7	1	4	9	1	9	
7	6	2	7	5	6	
2	4	5	10	3	1	
3	9	9	3	3	6	
1	9	7	6	9	8	
10	8	9	6	7	6	
1	2	7	2	6	10	
9	2	2	7	5	6	
9	10	9	8	10	2	
9	3	3	10	7	7	
6	2	8	3	10	8	
4	1	2	8	1	6	
10	4	1	8	6	9	
2	10	3	1	10	6	
2	7	6	9	9	4	
9	2	1	4	8	8	
4	8	3	1	3	5	
8	1	5	1	3	5	
5	3	5	6	10	8	
8	3	8	2	9	7	
3	1	10	1	5	1	
8	1	9	6	10	5	
2	1	5	3	1	6	
7	9	7	2	4	4	
2	9	2	2	2	7	
6	1	10	10	6	5	
8	7	1	6	5	2	
1	1	10	6	5	3	
7	1	8	8	7	1	
4	2	7	6	5	6	
10	3	10	2	4	1	
6	3	2	7	4	9	
8	7	1	1	7	4	
9	3	1	4	3	8	
7	8	3	4	4	4	
8	7	2	2	5	7	
10	3	9	6	5	3	
6	10	10	2	8	10	
1	8	4	2	7	6	
2	5	5	3	4	6	
3	4	6	3	4	4	
5	6	10	6	4	3	
9	5	8	5	8	9	
1	5	4	5	7	9	
7	7	5	1	4	8	
7	8	1	10	2	9	
10	1	9	2	2	10	
4	8	6	2	1	3	
2	8	2	7	3	7	
2	6	5	7	7	4	
5	9	9	8	6	8	
7	10	2	6	10	6	
7	6	8	3	10	2	
4	5	10	5	7	9	
8	10	10	8	9	7	
6	10	8	8	9	5	
7	6	3	8	5	10	

Stepup times between Families, where [f][f] represents initial setup time
On machine	1
50	90	7	66	67	73	48	4	41	2	68	78	44	55	16	60	34	45	36	29	63	87	92	93	84	92	36	41	9	55	
91	9	21	50	51	40	10	57	36	54	97	52	78	90	51	7	83	100	73	6	58	92	21	80	85	69	89	71	65	53	
15	73	31	53	10	6	17	91	52	49	43	90	53	63	96	46	19	82	8	77	22	34	50	42	85	58	57	39	38	97	
38	8	18	22	1	98	49	24	94	48	73	26	62	1	32	56	50	18	35	39	97	19	92	94	73	45	12	24	96	93	
46	71	80	35	58	65	56	55	25	34	52	87	96	43	11	47	15	78	88	90	96	50	28	90	80	12	73	90	58	22	
90	57	57	55	57	81	19	51	93	41	83	28	45	8	18	4	48	24	41	74	71	38	70	32	75	90	10	78	12	85	
26	76	59	96	40	40	90	48	88	30	98	8	58	88	75	95	42	54	24	95	39	14	73	21	36	48	80	90	97	40	
32	57	20	55	23	78	51	78	48	54	97	8	96	12	11	64	28	20	81	84	58	98	61	64	91	88	43	34	46	31	
45	8	27	24	93	38	66	71	5	18	13	8	51	61	43	77	89	96	35	38	86	62	68	3	18	88	98	71	82	10	
49	22	83	56	4	16	65	17	41	82	75	99	87	70	94	80	59	98	1	54	48	62	50	37	5	51	10	72	84	58	
18	73	89	41	63	83	87	90	99	29	62	89	56	93	48	52	45	33	1	73	47	68	62	56	41	68	17	54	63	2	
91	21	59	62	69	72	97	86	48	18	32	21	78	2	69	97	30	54	96	32	51	36	78	33	59	36	30	55	52	59	
90	90	38	20	16	30	95	69	15	20	74	96	8	86	38	6	90	38	11	95	17	2	95	24	42	2	70	74	66	82	
90	84	66	42	96	66	77	40	99	86	80	5	39	67	46	94	21	85	22	4	21	48	78	14	83	13	45	90	71	57	
4	10	79	83	20	60	87	60	3	68	79	16	2	17	95	100	2	27	70	62	90	76	3	73	63	48	33	10	8	41	
90	30	41	74	27	13	7	7	10	86	30	98	36	55	89	1	8	16	45	12	31	63	9	32	17	14	93	60	24	65	
54	27	3	57	44	27	82	34	37	76	53	84	65	31	66	67	39	92	63	85	15	22	83	14	52	79	39	3	32	59	
4	60	89	81	71	86	26	91	17	9	78	18	12	45	93	42	33	20	69	19	28	67	91	72	97	48	18	14	93	91	
15	57	52	16	45	98	64	85	71	76	42	72	92	49	39	15	69	52	2	85	94	8	83	8	62	90	19	33	60	67	
19	52	86	80	82	21	47	34	75	45	2	98	30	25	92	41	30	24	26	59	31	71	11	81	61	74	55	49	52	41	
89	29	73	8	30	34	69	34	39	74	41	40	19	51	54	73	20	3	33	25	68	41	14	54	15	18	40	82	7	99	
4	11	42	16	59	72	7	2	57	53	28	29	84	32	27	9	20	28	40	62	44	86	6	54	77	18	56	29	50	72	
61	39	47	20	79	41	66	39	81	45	54	8	7	7	74	70	10	56	34	66	76	83	40	66	60	96	14	11	38	52	
1	36	2	38	49	85	83	79	60	63	59	33	36	36	95	45	29	89	83	22	95	70	3	16	15	11	24	81	11	52	
62	55	55	50	86	50	15	20	95	99	62	78	53	20	76	9	69	70	19	75	79	49	74	94	25	47	78	47	31	96	
62	35	80	28	87	13	12	6	11	45	78	63	5	9	52	34	44	67	28	42	59	38	98	89	41	56	3	88	22	95	
24	78	86	50	71	97	20	43	53	46	6	86	25	65	3	100	52	82	13	57	97	14	48	3	15	4	59	49	89	41	
53	55	17	38	3	94	40	77	96	10	20	91	1	33	11	57	58	47	88	80	20	24	24	33	68	54	14	4	96	100	
22	44	61	19	66	100	1	66	10	49	38	71	34	4	90	83	9	21	80	66	68	92	67	89	12	43	18	55	52	76	
16	75	3	57	85	62	68	1	32	4	2	84	82	1	22	61	74	68	47	99	3	92	78	27	88	69	26	81	74	94	
On machine	2
61	85	83	8	19	70	76	13	59	19	80	46	87	50	52	2	21	83	50	92	40	30	70	82	40	4	17	59	85	45	
100	10	12	5	25	69	51	37	76	88	18	80	93	33	98	80	48	52	39	37	77	27	65	79	41	12	18	87	88	50	
66	29	72	65	18	95	38	64	70	69	32	23	29	56	55	45	59	60	22	24	23	63	18	12	53	41	60	10	21	85	
64	73	36	89	18	37	98	84	82	37	37	75	48	74	86	58	46	98	81	80	42	38	65	86	67	28	97	36	87	92	
24	16	76	61	88	8	79	58	45	50	18	2	4	58	40	49	86	82	15	8	69	52	92	6	63	37	47	24	8	49	
62	93	85	83	22	50	37	30	45	82	63	16	36	42	46	82	72	7	40	28	72	30	50	19	37	56	86	28	86	49	
59	58	41	67	93	59	29	80	56	27	89	80	23	82	61	76	32	71	28	33	58	17	94	89	9	85	23	3	49	15	
4	58	77	69	32	88	86	34	57	95	9	36	68	11	9	93	82	61	81	82	68	27	96	72	62	13	21	46	48	16	
34	99	93	10	15	18	87	53	72	7	34	38	83	52	52	88	11	72	53	21	46	94	9	9	51	33	14	66	19	31	
90	83	69	59	73	96	49	100	10	73	99	23	84	95	23	63	95	7	58	87	32	20	94	19	41	87	91	85	96	16	
95	27	11	12	23	20	32	49	14	39	90	18	89	68	31	48	64	90	99	56	89	19	70	21	90	62	9	88	27	87	
11	30	28	82	53	99	36	81	54	69	99	19	25	6	77	13	67	54	99	80	14	70	13	91	18	61	53	54	42	93	
8	79	66	86	22	76	78	23	87	90	59	60	19	25	32	46	29	35	81	36	79	41	43	75	17	71	62	13	92	60	
78	3	61	14	35	90	7	14	25	21	69	39	32	25	15	28	48	98	58	92	91	92	9	42	65	13	27	7	85	83	
11	30	11	35	83	18	53	23	68	96	17	78	9	97	87	78	46	32	83	74	51	83	86	52	57	14	82	17	75	60	
3	47	65	86	43	64	14	70	24	69	84	16	28	35	44	79	74	29	69	70	71	74	32	24	19	49	42	49	5	71	
3	29	64	91	3	39	32	17	33	83	16	79	53	100	81	87	53	77	39	95	28	1	91	49	71	72	72	87	45	3	
30	42	24	67	48	61	32	30	49	37	60	59	97	42	99	31	44	13	85	28	64	28	22	45	3	8	6	62	67	10	
33	25	37	24	60	97	35	15	49	26	45	25	24	69	67	19	7	90	37	12	35	15	59	83	43	18	86	75	85	74	
15	57	71	90	86	23	75	91	1	39	74	91	58	1	61	1	58	36	13	15	96	37	1	98	2	54	9	65	34	62	
33	37	99	46	38	39	53	4	5	65	26	29	18	82	71	69	10	88	35	93	48	13	38	64	56	82	72	99	25	25	
22	69	9	85	1	91	47	2	31	83	24	48	51	83	49	54	84	52	92	5	92	92	32	45	29	81	14	82	40	19	
22	63	74	11	19	69	32	13	61	77	58	95	19	43	86	31	28	19	45	100	26	5	94	35	43	37	50	3	31	94	
52	82	22	10	30	30	4	46	72	100	5	52	59	30	16	34	36	11	3	53	86	7	45	54	2	100	83	76	2	96	
67	90	11	91	1	86	78	16	18	22	65	79	91	78	75	62	44	18	10	29	81	61	56	58	21	98	74	29	76	10	
95	78	24	23	93	88	96	43	27	46	53	48	19	80	90	67	56	20	78	66	10	26	95	74	13	93	65	57	40	2	
39	16	26	86	81	52	34	83	35	62	91	83	73	17	78	33	63	27	8	20	31	30	78	49	64	52	38	99	97	97	
54	5	79	65	72	80	88	54	38	57	65	50	11	13	84	68	82	43	97	27	49	62	90	75	13	80	69	84	91	90	
11	64	10	25	61	57	28	3	33	11	42	26	31	7	36	74	1	85	71	14	33	61	81	1	84	72	86	69	78	53	
49	60	72	82	95	17	5	53	1	21	18	90	12	78	60	34	100	88	46	96	18	86	6	24	86	79	12	9	31	41	
On machine	3
86	4	34	62	91	17	65	42	22	8	17	84	80	28	17	69	77	86	53	96	12	10	93	6	5	1	66	90	87	83	
83	84	9	7	56	64	82	83	39	96	85	38	83	29	66	15	58	58	61	51	93	33	34	10	33	88	46	74	68	79	
25	1	38	62	57	64	37	58	33	35	39	79	49	23	55	48	61	14	97	74	49	78	2	78	56	60	7	82	68	18	
88	82	81	51	96	71	27	6	15	83	9	78	16	58	3	36	37	17	96	33	100	85	1	42	6	2	64	1	17	77	
32	70	6	18	87	97	21	10	10	54	45	4	46	90	54	43	51	80	49	99	37	29	97	91	68	47	55	26	12	52	
65	97	57	97	50	61	49	84	41	20	83	27	63	38	23	98	69	72	60	16	63	12	92	97	82	100	26	94	8	63	
64	77	13	33	56	59	64	37	12	31	84	73	53	5	20	50	56	3	78	26	50	3	63	90	78	17	17	51	8	42	
73	2	29	53	63	18	96	76	76	59	63	7	78	45	46	97	86	99	7	23	95	52	38	25	81	58	19	9	96	25	
70	79	78	98	50	99	10	85	34	33	58	27	28	18	16	84	82	37	76	60	73	13	65	4	92	30	69	24	78	6	
10	2	60	57	31	81	49	79	50	36	54	9	71	93	75	90	56	5	3	92	22	92	29	13	69	100	39	95	60	51	
60	88	51	66	12	21	52	77	19	5	47	11	27	41	53	28	13	55	55	30	74	19	41	44	57	40	49	2	32	55	
32	21	76	9	75	41	61	10	17	56	26	98	93	20	85	31	25	25	90	59	38	45	53	72	27	52	41	85	18	32	
47	10	50	68	47	3	6	14	53	25	78	83	82	25	48	42	81	9	60	65	29	24	23	11	56	34	25	36	82	56	
85	59	46	53	59	49	97	17	64	15	69	97	8	69	35	95	72	92	95	99	44	41	27	54	36	23	19	13	67	36	
12	34	25	14	92	71	53	72	29	7	37	74	72	14	57	16	39	99	21	23	94	51	79	76	55	91	60	47	73	50	
94	47	10	82	9	3	95	12	78	96	15	10	9	24	22	96	94	46	61	69	19	23	71	79	84	5	90	29	14	85	
34	76	32	14	25	72	79	96	28	57	57	39	4	37	68	68	69	92	4	97	3	85	22	15	10	26	58	87	83	4	
16	74	83	19	22	74	16	89	6	6	18	77	66	31	20	81	63	48	46	41	85	62	78	4	19	97	18	29	51	99	
63	94	85	22	52	36	25	44	48	96	94	45	54	4	60	97	58	76	44	38	56	15	87	24	5	61	60	99	59	83	
26	5	62	93	1	9	32	78	44	31	60	65	79	97	75	35	81	9	55	40	93	52	81	79	4	46	40	100	66	22	
22	16	99	89	87	4	12	15	40	21	66	62	65	84	97	45	18	60	16	27	54	97	56	72	33	23	86	15	89	50	
22	70	87	81	66	55	51	76	34	23	47	42	33	16	51	82	48	47	74	30	1	30	8	49	15	50	13	38	28	4	
22	10	79	51	89	60	3	90	45	67	43	54	18	40	28	58	45	34	32	61	56	58	92	19	9	14	80	76	81	5	
38	74	55	28	84	9	57	100	74	7	30	15	19	32	72	47	87	40	84	61	81	16	40	18	21	83	56	20	97	40	
52	34	12	98	77	97	87	55	6	34	19	2	41	4	6	17	22	20	62	2	7	25	27	44	53	81	40	24	22	69	
9	40	99	32	90	47	83	88	3	74	81	100	30	23	91	61	13	73	68	77	53	35	99	72	66	12	16	75	50	2	
54	11	24	38	53	32	64	35	11	49	76	54	46	57	84	6	63	58	82	99	37	37	40	17	83	22	95	94	72	61	
97	31	41	9	49	3	35	29	42	72	2	4	17	15	56	61	35	74	82	11	87	65	78	37	23	14	24	6	72	60	
58	58	46	41	10	36	94	38	89	11	44	44	78	62	40	85	59	65	56	69	48	17	34	9	98	83	82	75	26	36	
95	59	65	15	46	53	66	75	30	21	86	98	10	64	95	70	52	59	92	80	68	85	64	47	61	76	30	74	13	40	
On machine	4
68	32	86	3	10	74	55	72	16	54	61	26	50	35	60	63	53	57	97	70	19	46	73	39	47	21	74	41	93	70	
92	64	2	94	71	7	33	41	55	87	13	81	60	34	67	97	63	27	90	62	16	87	23	32	25	62	16	68	75	90	
100	92	16	93	90	3	9	29	65	15	4	45	13	9	25	29	10	52	69	90	89	33	79	79	13	69	59	80	32	95	
66	73	54	23	91	57	65	15	19	23	58	57	44	8	15	33	61	99	10	65	79	10	36	2	95	25	25	81	22	31	
31	54	17	11	16	75	11	5	2	28	27	50	61	22	2	98	24	30	68	31	56	59	46	96	91	74	100	100	14	89	
84	77	56	9	59	96	70	53	82	73	15	24	84	38	74	94	82	81	19	50	47	87	63	90	96	47	28	68	67	87	
28	40	24	63	55	5	24	24	23	92	94	21	60	58	10	23	93	86	8	50	89	59	60	29	65	71	15	78	84	12	
94	3	40	10	74	60	53	57	12	91	8	20	85	20	34	35	25	36	32	37	52	80	93	33	41	90	90	45	62	24	
14	51	19	36	78	35	78	19	50	2	87	64	80	94	77	3	8	34	13	55	2	47	34	37	100	26	84	38	91	16	
85	42	71	68	8	10	97	16	32	79	81	79	41	48	88	65	73	87	28	79	22	18	33	48	58	35	86	36	19	44	
8	53	43	41	58	27	27	84	38	12	80	70	59	76	74	83	100	81	57	69	75	6	68	6	13	65	40	79	66	6	
41	54	40	79	46	82	9	5	75	24	72	80	82	34	39	61	43	13	79	51	97	8	12	100	67	99	24	81	48	25	
96	61	41	42	12	18	21	48	72	89	79	28	88	34	46	39	14	11	42	50	41	41	77	79	68	84	32	16	35	13	
34	81	42	96	13	93	71	86	8	41	68	43	41	33	70	89	97	71	84	13	28	45	31	18	29	9	54	62	73	79	
41	67	94	43	73	59	48	23	86	96	31	15	57	43	52	79	57	46	41	37	24	35	62	83	81	39	1	47	48	19	
72	78	59	81	45	94	36	39	70	20	21	87	62	12	6	14	8	73	45	11	99	92	82	58	30	88	82	94	89	93	
38	46	35	74	100	55	81	67	17	3	67	7	27	60	22	25	56	19	33	65	56	43	76	17	83	1	22	52	15	62	
73	71	89	83	40	67	62	79	16	54	40	95	95	81	48	45	81	1	26	3	55	1	35	34	26	44	91	68	92	3	
83	55	82	85	1	47	29	21	1	43	76	27	74	75	6	71	49	32	92	78	69	89	98	34	17	37	19	57	74	4	
94	41	19	78	58	62	85	65	8	39	34	31	39	50	27	76	88	42	58	9	92	38	85	77	51	52	27	63	69	59	
10	68	79	33	39	62	26	19	26	77	84	98	29	17	32	66	14	45	26	33	86	87	27	59	9	11	36	47	84	56	
14	44	54	60	66	52	54	3	31	21	47	36	60	38	17	43	26	48	55	42	34	51	6	74	67	98	53	52	74	14	
26	16	1	54	96	97	37	6	64	58	27	53	81	69	42	75	83	8	15	81	16	68	65	71	50	42	58	70	71	31	
54	51	53	44	62	54	68	2	43	39	31	42	24	90	99	16	1	89	70	41	70	70	99	38	68	38	69	55	98	6	
88	96	26	92	86	31	77	60	15	11	64	30	32	67	73	59	50	97	69	68	47	65	79	46	80	44	21	4	7	6	
1	61	71	4	76	74	5	66	42	43	81	8	80	1	10	10	13	3	86	77	14	67	69	32	46	20	80	91	6	53	
33	51	61	72	93	26	86	4	45	96	69	61	57	86	71	2	27	70	98	23	2	63	72	43	53	22	59	59	90	26	
33	73	39	68	57	100	5	74	42	28	35	33	18	20	36	80	81	26	35	43	63	71	99	8	72	28	71	8	50	16	
75	45	48	91	40	39	81	54	93	9	23	92	58	13	33	53	57	43	55	97	15	21	92	19	20	11	80	18	86	93	
39	63	11	85	94	68	9	67	9	37	53	34	8	78	55	5	6	8	61	65	35	15	35	25	85	58	82	80	25	48	
On machine	5
19	10	91	28	9	61	47	68	45	53	65	64	90	29	47	40	62	36	9	20	36	88	30	43	86	2	58	34	8	3	
71	24	13	14	88	54	58	37	46	27	1	92	21	74	48	91	51	66	30	63	35	79	69	96	81	18	84	61	7	45	
95	13	11	20	5	61	95	43	53	18	33	49	88	72	69	92	42	86	28	86	43	68	54	27	97	15	26	48	39	37	
48	8	15	53	39	13	50	31	25	77	31	54	15	41	43	13	13	62	1	37	58	58	71	33	88	93	55	19	39	41	
12	98	9	95	79	79	49	51	69	69	72	97	68	7	29	81	26	60	6	16	88	65	13	52	75	98	71	25	91	60	
90	9	94	36	35	29	75	24	64	18	66	46	50	59	79	21	45	83	20	88	82	69	76	48	69	66	74	97	93	23	
95	100	49	68	63	40	20	88	29	99	7	33	72	94	17	42	24	43	32	96	66	65	62	26	81	33	34	73	77	60	
52	42	25	49	51	1	87	25	5	2	74	28	4	53	7	73	83	12	68	73	26	8	95	56	79	12	22	16	45	16	
19	15	66	92	85	22	63	65	95	71	51	88	21	11	74	7	21	40	7	83	15	51	27	74	64	52	15	1	27	38	
72	5	22	44	2	99	84	20	87	84	3	15	96	82	47	29	5	88	11	47	93	96	80	30	68	55	16	5	36	57	
34	50	88	90	34	97	72	76	38	50	22	54	54	92	98	8	79	37	16	31	8	68	32	39	48	9	47	48	92	32	
88	98	84	16	94	52	29	17	76	23	38	64	32	70	13	98	28	41	11	40	93	39	26	81	30	24	15	28	30	83	
16	76	69	58	28	77	92	15	100	9	58	95	48	63	13	2	67	90	73	78	47	49	88	15	41	85	6	46	80	44	
11	96	7	5	58	95	87	84	48	35	69	36	14	66	74	21	29	84	33	19	71	68	1	56	83	4	18	45	96	91	
87	20	88	61	74	88	47	83	64	69	29	40	12	26	88	94	93	28	8	61	78	97	73	44	54	65	59	50	81	15	
21	25	85	100	20	53	16	83	80	82	61	9	98	25	65	67	72	60	28	16	43	73	99	68	47	33	1	25	32	1	
73	18	11	73	98	41	34	15	90	49	17	78	58	23	89	91	50	44	42	28	69	28	28	99	48	33	9	6	39	27	
82	77	66	99	19	11	21	74	56	64	43	99	98	38	76	7	29	74	86	68	22	86	20	52	20	93	32	91	91	26	
79	76	54	97	22	68	9	66	95	43	77	84	12	47	79	49	75	10	46	14	11	43	53	37	54	24	12	5	20	67	
9	74	99	86	26	86	59	28	62	56	95	72	21	94	92	32	68	20	90	14	36	55	22	6	21	42	87	89	58	24	
67	80	91	18	19	87	76	40	17	11	8	15	10	62	76	56	36	23	17	79	94	90	91	40	38	52	100	14	42	2	
80	10	22	14	86	46	72	83	78	55	65	10	93	32	31	92	98	60	88	46	98	6	38	79	3	54	7	37	8	14	
16	99	100	59	88	45	20	66	58	24	42	99	90	80	43	15	27	87	7	71	79	63	64	68	79	71	64	81	63	14	
15	97	12	25	72	2	30	78	2	37	20	4	6	75	9	69	4	91	38	46	23	57	70	90	81	86	13	1	62	9	
32	30	71	98	43	39	47	41	99	80	61	72	11	30	80	57	94	90	34	10	79	49	31	86	72	41	34	1	43	81	
53	98	98	25	78	44	92	41	8	82	73	43	3	8	54	55	99	87	36	14	7	70	39	24	13	34	94	58	24	71	
49	100	94	8	34	72	19	76	88	47	9	98	85	60	54	94	14	38	35	46	92	9	82	28	13	4	86	8	63	13	
97	44	85	61	3	38	72	98	22	62	95	50	29	69	93	78	84	73	98	23	56	81	69	35	63	56	74	72	67	21	
100	68	51	54	72	8	66	21	67	99	71	50	88	17	84	6	81	45	51	4	51	27	66	82	4	17	38	14	29	20	
34	57	17	17	1	51	49	2	1	29	31	27	26	76	16	65	86	31	20	34	26	98	29	12	33	35	85	6	79	49	
On machine	6
67	85	69	68	13	48	39	77	53	10	58	70	1	99	67	31	30	21	51	94	7	80	24	20	59	56	21	33	95	15	
38	62	12	50	50	41	49	43	44	22	35	80	87	51	5	58	22	92	31	53	87	20	30	79	19	26	74	11	30	4	
6	19	83	6	95	7	55	38	4	80	10	98	81	5	70	90	59	9	31	87	50	13	7	37	32	55	94	52	85	76	
24	48	83	54	66	19	57	29	95	17	54	62	12	39	55	88	86	1	6	87	22	68	36	94	53	72	81	97	81	89	
9	59	68	33	10	48	51	93	13	98	42	79	97	26	74	96	26	45	83	37	78	16	35	35	68	3	98	63	6	16	
64	51	33	80	56	62	34	30	91	10	16	77	8	24	19	98	36	40	6	1	5	22	64	56	27	11	75	88	87	40	
55	57	71	68	58	8	17	44	88	51	80	100	29	3	97	56	64	69	54	28	46	63	64	47	12	24	68	38	89	46	
22	80	67	23	86	25	88	18	44	91	32	27	31	49	21	62	17	50	37	56	1	40	3	11	68	78	25	31	47	78	
13	16	45	91	43	78	70	26	34	98	95	47	48	3	9	95	67	49	4	84	30	5	27	4	44	41	25	77	32	17	
69	80	64	82	58	53	34	50	1	94	48	49	64	100	11	46	57	62	52	5	62	36	26	91	37	7	10	94	79	81	
84	87	85	43	93	9	99	45	89	60	4	75	27	82	74	1	83	92	34	96	68	80	63	59	34	14	48	50	45	17	
2	94	58	36	62	25	97	36	3	89	76	59	60	31	35	21	12	8	53	2	18	95	46	40	71	4	49	75	62	26	
72	6	98	60	21	56	18	64	75	15	37	3	54	55	55	47	16	67	36	79	100	31	64	9	91	93	58	97	64	97	
61	9	19	38	8	22	30	31	52	90	40	79	35	48	75	25	67	91	48	30	33	79	93	95	15	76	82	90	21	28	
22	32	75	63	88	60	98	61	33	46	12	81	8	35	96	83	49	100	82	87	58	5	55	39	59	7	93	53	40	95	
58	94	28	97	22	6	88	5	73	30	1	9	93	5	34	3	20	42	5	8	10	78	72	57	54	97	47	5	69	15	
60	52	67	63	10	67	28	72	38	79	2	15	30	90	45	84	83	15	67	55	2	42	34	93	62	36	14	91	100	28	
31	96	75	82	78	35	51	46	39	51	91	36	84	72	42	55	95	88	94	48	69	64	50	53	26	49	42	97	19	30	
83	69	47	42	29	16	21	50	59	35	18	85	18	39	18	31	78	63	20	47	80	21	86	39	21	53	69	79	25	12	
17	26	84	54	37	58	37	98	23	47	36	92	73	70	85	97	70	86	41	38	78	71	60	3	47	25	44	50	1	74	
73	30	57	27	50	34	2	68	23	48	75	76	3	8	96	20	8	65	35	6	89	29	46	61	27	68	42	33	3	49	
37	41	54	74	17	85	18	57	24	12	17	3	39	15	75	32	95	6	40	7	12	59	2	47	80	68	17	6	64	17	
41	13	41	43	72	85	10	55	15	32	68	54	56	70	38	48	22	10	94	79	41	100	27	53	89	33	57	66	37	21	
6	27	22	67	97	93	42	9	49	95	94	62	82	41	87	42	28	33	40	81	65	16	78	99	43	64	14	85	27	13	
35	19	54	52	8	98	66	59	52	8	76	31	62	48	63	10	27	18	1	25	14	45	96	45	96	36	52	35	96	69	
31	54	36	26	66	52	76	90	62	97	31	22	1	27	88	12	89	49	39	10	9	19	88	67	92	46	6	55	46	52	
80	73	22	53	68	78	28	91	33	83	46	47	15	97	30	53	92	12	90	66	21	42	8	44	61	70	35	86	69	13	
50	65	69	83	3	98	70	53	62	96	73	86	95	68	15	99	73	44	57	63	73	57	82	51	82	68	57	7	30	86	
13	45	86	95	88	13	89	56	19	41	51	8	16	62	67	10	48	32	69	39	19	42	65	33	69	48	84	95	94	24	
94	87	9	60	43	1	20	71	18	21	35	13	46	28	39	7	39	71	37	46	54	83	43	56	76	99	70	58	64	96	
