Factories	2
Families	30
Machines	4
SetupType	3

Number of Jobs in each Family
6	3	6	8	6	7	3	4	10	3	3	6	7	6	9	8	3	9	5	6	1	3	9	1	3	7	9	3	3	5	

Jobs in each Family
0	1	2	3	4	5	
6	7	8	
9	10	11	12	13	14	
15	16	17	18	19	20	21	22	
23	24	25	26	27	28	
29	30	31	32	33	34	35	
36	37	38	
39	40	41	42	
43	44	45	46	47	48	49	50	51	52	
53	54	55	
56	57	58	
59	60	61	62	63	64	
65	66	67	68	69	70	71	
72	73	74	75	76	77	
78	79	80	81	82	83	84	85	86	
87	88	89	90	91	92	93	94	
95	96	97	
98	99	100	101	102	103	104	105	106	
107	108	109	110	111	
112	113	114	115	116	117	
118	
119	120	121	
122	123	124	125	126	127	128	129	130	
131	
132	133	134	
135	136	137	138	139	140	141	
142	143	144	145	146	147	148	149	150	
151	152	153	
154	155	156	
157	158	159	160	161	

Total number of jobs
162

Processing times of jobs
4	7	5	2	
4	8	4	10	
3	2	6	3	
4	5	6	6	
8	5	5	5	
2	8	3	3	
6	10	7	7	
3	6	4	4	
4	5	2	4	
4	10	1	7	
5	9	10	7	
2	6	8	2	
10	3	4	1	
9	5	9	8	
10	3	3	9	
2	1	2	3	
9	2	9	10	
3	3	3	3	
7	9	6	7	
1	9	6	9	
3	2	6	10	
8	10	6	4	
3	10	8	3	
8	2	8	3	
10	10	5	4	
3	7	5	5	
10	3	1	8	
10	8	4	3	
10	2	8	4	
6	6	8	8	
1	5	3	1	
9	4	1	8	
7	8	8	8	
9	2	8	3	
3	3	10	3	
4	4	3	7	
1	1	1	2	
7	8	8	6	
1	6	4	9	
10	7	6	5	
7	7	5	8	
6	7	9	2	
8	3	8	5	
9	3	7	10	
1	9	6	1	
3	4	10	9	
1	8	8	3	
1	7	10	3	
2	7	4	10	
6	4	7	7	
2	2	8	2	
2	7	3	10	
5	7	8	7	
8	4	6	6	
10	2	9	7	
1	9	1	4	
9	8	8	10	
5	1	5	8	
7	9	3	1	
1	5	8	4	
3	10	9	3	
8	10	3	9	
1	1	4	10	
2	5	8	1	
6	1	2	8	
6	9	2	5	
3	4	6	9	
4	2	1	4	
1	4	1	10	
6	1	6	9	
6	5	5	3	
9	10	8	5	
2	10	1	4	
4	10	10	3	
8	3	6	6	
7	4	7	5	
1	9	1	2	
5	8	8	3	
9	6	7	3	
4	2	10	5	
10	1	6	8	
9	4	4	1	
10	8	2	4	
10	7	10	2	
3	1	5	1	
1	5	2	9	
7	5	9	2	
9	3	1	3	
10	3	8	1	
10	4	3	10	
3	4	6	10	
1	4	7	7	
3	5	6	8	
3	2	4	10	
5	6	2	2	
7	10	6	5	
9	2	10	8	
9	3	4	9	
2	8	3	3	
2	5	1	10	
3	6	5	7	
1	1	6	9	
7	1	9	8	
10	9	8	4	
1	5	8	8	
6	1	10	6	
7	3	2	6	
5	2	9	8	
2	8	7	6	
3	5	7	4	
10	9	8	3	
7	6	10	5	
3	2	5	3	
7	2	10	1	
9	4	8	9	
6	3	2	9	
8	9	9	3	
3	7	1	6	
6	10	4	3	
2	8	9	8	
5	9	8	7	
6	10	3	5	
5	1	8	4	
2	5	3	3	
9	1	3	3	
7	2	1	5	
1	1	7	5	
2	2	3	10	
8	7	2	5	
3	5	5	9	
3	4	1	7	
7	5	1	4	
9	5	8	8	
5	9	8	2	
1	10	2	8	
9	6	5	8	
3	2	4	10	
5	3	7	5	
5	5	6	4	
3	9	1	9	
8	3	2	3	
10	5	3	8	
10	9	7	10	
3	6	2	6	
5	6	9	1	
2	6	9	10	
5	6	3	7	
10	9	8	7	
10	7	10	1	
8	5	9	1	
8	5	3	2	
2	10	5	1	
7	4	10	2	
7	2	3	7	
7	8	3	8	
2	7	6	10	
5	8	2	5	
10	8	4	2	
5	8	5	3	
6	6	3	2	
7	2	2	5	
3	1	4	2	

Stepup times between Families, where [f][f] represents initial setup time
On machine	1
24	54	46	25	40	86	94	24	67	47	91	95	25	33	65	87	84	88	85	21	10	53	49	49	12	84	66	22	44	81	
75	33	28	97	73	26	29	51	47	97	87	20	30	25	91	56	52	39	25	66	74	5	84	2	34	65	54	77	4	59	
80	97	87	41	24	41	62	82	1	34	22	57	53	19	45	5	38	99	21	77	35	62	72	12	95	49	30	80	94	85	
57	70	83	80	33	52	66	86	72	70	79	23	4	70	31	78	7	49	9	10	45	29	83	58	52	18	9	94	92	53	
34	3	94	50	59	72	75	100	73	99	56	65	67	30	88	12	51	27	76	99	3	92	43	4	71	43	10	27	37	57	
85	45	37	1	70	24	27	35	85	67	61	21	54	67	53	19	11	1	11	34	37	94	98	34	36	89	33	72	65	40	
75	9	48	34	64	81	98	43	90	18	41	44	15	29	97	72	5	37	45	39	37	73	34	99	89	12	59	12	67	43	
62	80	99	79	94	75	9	84	82	19	2	25	92	35	49	97	41	5	43	89	9	34	27	86	98	9	84	54	82	18	
39	50	100	72	69	47	74	32	1	54	49	61	30	44	32	89	44	77	100	53	67	31	23	76	72	51	18	12	43	44	
85	94	12	27	40	99	62	77	17	18	64	2	19	72	58	14	29	29	80	19	43	29	94	39	21	63	32	82	41	24	
6	81	53	36	50	76	30	37	100	89	23	88	27	14	33	16	82	1	55	28	70	13	32	76	22	8	72	74	62	32	
8	58	65	22	50	89	81	5	9	26	56	54	67	75	44	8	59	85	86	83	57	68	92	81	19	62	32	88	23	66	
56	52	11	53	24	8	7	8	65	88	73	3	87	34	97	89	72	73	20	68	66	97	91	75	55	53	12	87	21	13	
92	6	1	4	69	78	39	64	1	25	30	40	79	27	63	71	70	24	68	69	65	44	3	95	18	57	4	58	10	44	
67	40	39	70	53	78	26	28	78	41	15	84	32	8	3	90	6	66	18	12	51	24	29	25	55	52	42	28	46	95	
37	20	32	41	97	86	33	75	83	27	98	38	70	10	99	45	48	45	82	66	8	99	40	5	77	16	99	62	38	50	
52	38	74	67	58	79	42	87	91	59	96	95	29	42	98	34	51	39	39	71	77	81	21	43	57	46	29	16	32	39	
59	30	32	25	93	25	7	68	21	52	48	34	80	45	56	94	70	68	44	81	28	76	58	97	41	47	85	85	92	86	
24	16	28	21	57	33	21	71	18	10	90	10	52	7	76	84	48	86	62	5	3	69	54	97	40	95	27	92	40	63	
70	48	37	13	10	82	63	42	79	37	83	58	79	91	88	88	12	52	84	66	64	44	42	29	81	64	89	39	79	69	
38	60	53	88	5	70	12	21	86	100	42	49	5	52	57	81	38	55	6	78	27	34	97	34	19	34	98	40	52	77	
6	14	26	87	90	17	22	78	47	59	30	94	79	1	42	20	3	72	48	25	5	89	27	73	32	29	48	84	53	74	
57	81	20	43	55	98	20	76	23	87	35	90	27	14	13	8	29	9	35	66	64	18	43	5	43	92	6	35	15	23	
81	52	84	6	44	17	34	79	40	32	60	59	71	93	45	18	93	19	54	85	77	13	68	53	45	10	54	15	38	31	
2	59	75	49	93	30	7	71	8	87	5	49	68	47	56	17	48	67	91	72	18	66	62	73	34	92	26	13	18	22	
14	10	91	7	54	38	60	15	44	90	21	82	57	52	69	90	65	96	68	93	38	6	39	61	66	16	8	61	95	21	
14	77	30	43	61	48	59	17	10	77	100	32	17	59	100	60	58	14	83	37	70	99	87	82	14	94	32	28	97	25	
79	35	62	99	91	10	28	38	22	16	85	86	27	40	37	88	60	53	87	29	33	64	80	23	81	62	95	44	85	36	
77	20	35	14	6	93	73	72	99	65	34	91	74	65	48	59	55	3	50	75	20	69	44	74	27	71	89	97	79	44	
84	13	20	50	74	82	67	84	59	68	56	57	39	93	82	53	63	23	44	9	48	63	70	48	24	78	40	88	38	3	
On machine	2
44	47	34	74	34	22	65	91	15	13	78	46	6	5	79	66	31	47	78	35	77	18	50	48	31	6	16	64	41	22	
9	57	88	23	11	51	55	13	68	54	71	83	25	34	94	46	11	86	23	95	38	79	57	74	44	58	84	33	72	33	
92	56	10	62	53	97	30	48	87	72	66	10	71	41	9	73	58	48	90	53	12	33	66	87	19	24	9	14	89	7	
89	64	48	12	4	86	1	80	83	54	34	81	68	95	68	58	10	10	71	15	57	100	32	80	56	100	37	90	81	31	
87	26	31	77	64	44	47	22	6	38	3	64	65	92	37	74	60	91	15	78	73	23	47	83	66	46	76	2	74	90	
21	21	4	4	42	9	98	81	17	25	62	53	94	18	78	99	30	6	65	84	52	79	36	16	50	56	13	57	35	91	
98	85	13	25	82	46	100	38	69	51	83	47	8	98	71	37	6	24	58	75	13	65	59	35	97	41	46	33	55	26	
84	9	9	66	64	42	8	7	32	55	97	22	72	100	32	29	51	20	50	32	26	98	86	54	41	42	90	51	8	89	
23	56	49	43	3	35	75	100	21	65	32	29	66	61	34	89	74	90	66	39	72	55	94	50	47	82	53	6	85	66	
100	97	29	65	55	90	80	90	33	92	43	82	4	74	28	10	77	17	86	76	79	19	38	29	81	3	7	42	16	81	
80	10	5	56	1	28	12	29	100	37	19	33	9	7	94	81	67	75	34	81	40	72	2	23	38	26	28	90	28	42	
29	31	9	42	4	90	51	4	32	44	59	14	36	39	39	8	51	87	63	69	93	36	52	83	16	95	6	21	66	70	
53	78	98	98	71	28	28	55	71	38	35	71	17	65	13	51	100	41	69	38	32	40	33	70	58	27	13	56	97	59	
88	31	74	30	67	36	62	34	70	4	70	98	44	19	34	4	2	35	42	81	48	96	55	7	26	95	6	16	56	41	
7	88	73	25	31	1	25	76	45	29	14	12	70	67	31	11	35	14	78	94	64	58	28	33	42	92	98	56	97	80	
82	58	23	60	26	97	48	12	32	63	82	85	31	20	80	55	69	79	10	14	74	17	15	50	88	27	39	17	2	88	
77	65	38	100	39	63	74	86	65	40	55	16	100	13	17	94	89	84	74	72	17	61	49	58	89	94	52	8	88	79	
13	55	76	8	41	33	10	21	70	29	70	74	3	3	27	27	30	32	99	99	1	9	42	79	48	100	35	78	81	48	
67	74	97	54	72	65	86	36	24	93	26	84	32	1	91	68	87	5	43	90	32	100	15	26	75	100	10	19	45	73	
79	29	82	1	10	36	95	76	38	98	34	12	5	46	37	84	44	68	4	36	63	18	90	39	19	36	2	51	32	88	
32	77	21	81	43	34	1	85	19	69	41	57	26	42	68	64	54	78	90	34	3	40	80	34	91	51	26	98	41	5	
65	38	86	100	92	76	53	11	42	78	38	59	42	24	85	23	94	88	68	24	68	47	70	77	10	9	33	30	19	12	
11	67	54	97	17	43	15	32	19	41	92	22	95	48	62	91	95	26	56	57	41	82	90	29	62	6	62	48	2	50	
59	27	60	75	99	22	15	62	91	43	11	72	40	49	77	54	32	95	41	61	17	43	59	64	74	82	100	61	67	82	
61	12	46	1	40	41	59	96	54	93	91	20	32	52	93	56	26	86	21	83	69	74	98	79	85	38	13	22	66	8	
15	35	90	32	51	5	63	15	15	99	20	31	96	12	18	69	88	65	29	3	8	15	93	82	75	19	30	87	74	35	
14	52	47	32	53	77	58	84	45	79	6	72	87	22	26	18	1	10	81	95	90	87	10	28	95	69	83	58	24	52	
30	27	94	64	5	83	94	9	57	68	30	22	97	14	6	64	8	10	17	100	87	91	61	36	87	69	85	58	14	5	
78	93	32	46	88	26	13	71	41	34	6	60	30	33	8	89	13	42	11	12	63	71	78	63	46	71	70	34	42	75	
18	42	52	22	66	82	79	48	23	29	2	49	77	76	21	5	50	90	92	63	10	85	37	19	19	78	94	64	68	28	
On machine	3
41	46	32	72	22	3	96	73	46	16	77	27	37	70	47	45	15	37	23	35	75	85	90	8	36	11	62	100	71	7	
92	66	92	72	91	96	76	87	91	34	3	80	6	92	55	33	99	70	21	59	56	39	14	86	38	33	56	21	86	90	
94	48	98	76	70	53	13	9	58	15	95	26	61	64	68	80	10	61	94	36	9	77	97	43	5	64	55	61	58	23	
24	67	91	50	16	30	15	92	10	67	88	76	27	52	32	62	76	76	7	27	28	37	89	61	21	53	28	37	77	35	
100	26	3	12	47	66	12	49	67	67	19	22	38	47	44	96	24	68	33	91	3	63	8	47	31	88	57	100	79	9	
51	75	12	46	40	35	52	68	98	92	62	84	32	19	96	95	13	86	13	84	35	1	32	81	83	18	41	69	60	76	
70	38	93	18	17	67	7	42	88	80	91	100	4	60	32	33	63	35	39	27	7	8	100	7	16	17	36	12	53	54	
11	38	94	34	100	39	38	40	67	64	46	82	83	60	97	79	28	32	57	38	38	70	46	81	6	72	54	27	32	71	
5	61	46	69	61	95	72	62	65	58	77	30	69	69	69	32	10	25	51	81	79	61	29	44	35	10	17	20	61	82	
38	78	96	79	24	45	29	35	16	56	53	13	48	95	15	26	58	60	41	90	90	71	14	48	40	87	12	9	58	40	
75	11	31	34	62	100	61	39	72	27	49	32	22	69	17	75	59	25	61	97	91	65	56	22	57	95	8	53	14	56	
45	79	39	30	27	78	99	16	3	86	12	26	91	82	60	90	75	51	21	22	99	6	93	15	22	83	23	18	77	6	
78	72	49	77	53	3	49	98	7	27	11	82	56	42	73	6	51	48	7	94	9	29	99	63	9	72	48	29	42	52	
26	16	2	41	98	42	29	18	30	26	50	64	76	48	23	37	99	53	79	46	88	40	7	74	30	57	37	4	17	32	
93	22	84	41	24	23	46	71	95	82	73	71	56	68	12	39	83	28	14	14	28	61	83	17	87	40	100	19	71	83	
5	57	3	36	47	9	7	78	70	23	95	20	59	20	53	11	55	99	23	15	2	26	46	5	48	86	65	64	24	25	
41	52	46	99	82	22	86	94	82	1	73	23	21	80	39	74	69	69	34	5	75	22	22	35	81	94	62	98	77	70	
94	32	38	88	61	78	89	96	81	54	15	93	77	85	17	94	42	43	96	58	32	23	91	57	75	3	13	44	62	66	
7	34	39	70	22	75	65	46	32	25	53	84	69	58	98	88	40	82	68	50	95	57	95	87	35	15	1	34	23	78	
43	32	52	15	99	54	17	29	96	48	67	98	62	29	72	68	45	5	28	15	24	60	20	56	20	21	23	9	79	43	
85	85	90	34	58	99	18	37	46	38	82	23	35	92	75	76	16	67	46	70	6	19	94	19	29	9	66	48	51	75	
65	22	13	29	10	72	58	52	14	89	67	93	8	72	54	64	1	25	97	66	88	46	43	4	67	18	44	41	78	80	
31	69	88	79	13	6	4	68	97	31	82	53	68	88	86	25	29	97	23	20	71	14	84	21	25	71	7	89	19	83	
63	29	92	95	84	63	95	16	64	80	1	76	88	22	67	53	47	40	80	26	30	18	98	63	69	84	22	3	17	48	
40	33	51	100	44	48	96	68	33	62	1	24	16	82	40	62	17	89	15	69	8	2	54	18	34	69	36	14	21	74	
42	84	61	25	58	24	12	9	9	69	33	54	19	10	65	99	20	55	38	99	76	90	63	34	98	1	67	92	68	51	
17	70	34	1	97	64	97	65	73	46	46	15	98	98	83	76	91	57	49	93	46	57	64	81	79	82	38	21	86	55	
38	99	64	40	52	45	100	94	68	44	17	43	40	36	36	43	45	25	84	13	26	43	26	5	75	46	70	58	31	80	
77	28	46	23	57	12	64	74	86	91	30	44	82	8	30	7	79	36	49	50	83	7	84	21	56	89	66	47	34	62	
33	94	26	9	79	82	12	70	75	59	35	3	96	13	59	32	29	45	99	67	25	42	44	67	38	19	54	58	12	78	
On machine	4
18	13	79	17	51	3	49	97	57	18	1	49	95	45	41	24	15	65	93	49	60	54	68	85	3	36	2	42	98	99	
82	95	81	84	10	87	2	18	62	83	4	79	97	2	78	74	94	76	8	1	13	59	66	58	92	59	80	52	4	5	
34	67	68	44	37	35	6	20	29	29	75	84	13	31	24	25	96	14	42	69	37	29	26	95	45	7	69	73	43	65	
77	100	5	53	85	39	45	10	90	70	14	18	43	4	28	68	53	63	25	89	98	59	86	52	7	90	65	33	29	62	
44	48	93	67	22	87	6	15	13	41	90	79	36	35	4	12	73	38	29	14	9	99	62	67	23	64	73	51	87	72	
25	23	48	61	67	55	27	99	62	9	33	47	11	26	43	65	90	67	25	15	100	49	57	7	93	72	96	75	79	34	
41	27	3	14	37	15	52	59	63	90	42	48	77	66	65	72	79	32	94	62	70	18	93	52	75	19	76	51	37	19	
58	4	20	39	63	58	76	12	11	20	34	99	90	88	69	56	99	88	20	95	28	43	49	22	4	84	37	37	82	75	
58	10	81	4	21	88	65	100	78	34	81	85	48	100	41	13	81	94	74	90	46	84	95	92	83	56	11	84	13	73	
12	8	23	20	94	58	34	86	92	86	5	54	70	86	41	3	87	4	98	43	89	38	29	97	92	17	42	36	55	72	
77	73	17	10	45	43	82	99	17	17	48	19	35	96	61	63	53	21	50	100	22	25	17	41	45	3	70	84	44	30	
27	45	63	52	46	70	46	85	71	70	29	68	34	31	94	39	14	33	84	74	31	5	6	38	38	14	34	74	70	59	
24	25	20	74	9	61	66	71	8	80	65	95	58	97	70	18	60	81	26	95	3	46	1	48	51	43	7	86	68	86	
95	65	33	95	5	79	46	21	75	57	17	42	35	75	91	62	67	1	56	40	37	22	12	28	9	56	39	16	84	64	
84	14	34	91	69	2	56	92	78	24	50	1	51	76	98	57	18	60	62	32	22	17	58	100	8	46	74	81	68	53	
6	32	20	75	3	16	15	27	21	54	1	66	5	38	64	37	10	29	90	90	14	21	14	40	78	95	60	62	30	4	
53	2	17	54	77	54	5	48	99	2	61	21	47	43	4	28	30	3	66	63	27	58	76	10	71	49	57	83	94	77	
37	36	89	34	64	71	92	37	5	28	69	14	40	19	80	22	34	96	68	68	38	4	13	98	19	66	47	43	29	82	
44	91	80	13	22	38	40	70	64	48	86	86	53	37	93	30	64	8	12	93	13	49	3	11	64	55	12	18	78	71	
37	26	36	11	35	36	47	90	77	79	24	49	29	17	95	65	37	5	91	9	6	99	87	14	13	21	28	41	7	24	
82	70	63	59	100	47	1	63	72	86	78	10	74	34	33	74	55	75	56	44	57	33	11	22	89	87	27	81	22	4	
87	39	92	62	32	35	27	73	35	85	25	6	91	48	41	72	23	75	73	3	8	92	54	28	11	99	3	40	46	83	
56	96	53	40	60	55	39	20	77	42	84	19	78	53	1	61	56	99	82	31	9	64	64	36	7	9	51	61	29	4	
42	99	11	36	100	5	50	15	57	93	42	2	85	75	55	81	4	55	81	87	83	82	68	68	66	13	74	97	31	33	
79	92	61	46	32	85	81	37	11	88	97	11	78	9	66	60	96	32	99	20	11	48	90	29	72	5	27	65	45	80	
38	2	17	40	62	83	61	3	3	100	37	43	12	73	73	86	82	11	21	67	63	23	70	57	22	67	27	52	70	50	
74	86	57	16	92	100	3	14	76	86	99	55	10	69	93	91	51	62	5	86	2	65	43	41	18	100	92	20	83	77	
60	35	15	75	23	19	94	16	89	92	83	70	29	89	88	7	77	57	64	33	72	79	24	64	64	28	48	27	67	41	
46	96	100	1	90	47	33	84	36	11	63	44	24	22	36	18	49	52	4	72	32	99	75	42	21	14	90	54	46	27	
76	77	98	80	3	71	49	69	7	42	79	2	10	74	38	20	92	55	88	18	89	83	39	64	25	21	10	56	24	31	
