Factories	2
Families	30
Machines	2
SetupType	2

Number of Jobs in each Family
10	2	4	9	9	7	8	2	9	1	5	5	10	5	10	6	6	3	8	4	7	8	8	1	6	10	9	1	3	1	

Jobs in each Family
0	1	2	3	4	5	6	7	8	9	
10	11	
12	13	14	15	
16	17	18	19	20	21	22	23	24	
25	26	27	28	29	30	31	32	33	
34	35	36	37	38	39	40	
41	42	43	44	45	46	47	48	
49	50	
51	52	53	54	55	56	57	58	59	
60	
61	62	63	64	65	
66	67	68	69	70	
71	72	73	74	75	76	77	78	79	80	
81	82	83	84	85	
86	87	88	89	90	91	92	93	94	95	
96	97	98	99	100	101	
102	103	104	105	106	107	
108	109	110	
111	112	113	114	115	116	117	118	
119	120	121	122	
123	124	125	126	127	128	129	
130	131	132	133	134	135	136	137	
138	139	140	141	142	143	144	145	
146	
147	148	149	150	151	152	
153	154	155	156	157	158	159	160	161	162	
163	164	165	166	167	168	169	170	171	
172	
173	174	175	
176	

Total number of jobs
177

Processing times of jobs
5	1	
6	7	
2	7	
10	2	
3	5	
6	2	
4	5	
10	6	
10	1	
7	9	
8	1	
9	9	
6	7	
4	2	
3	7	
7	7	
5	1	
6	6	
8	4	
2	3	
4	6	
5	10	
1	3	
8	3	
7	3	
10	8	
3	3	
5	5	
4	1	
6	10	
8	5	
9	5	
8	8	
1	6	
7	6	
7	2	
5	7	
6	2	
2	4	
5	2	
6	5	
4	1	
9	7	
4	9	
2	7	
9	8	
8	1	
2	4	
1	6	
1	6	
10	5	
4	8	
8	2	
6	4	
5	6	
10	9	
10	7	
4	4	
2	9	
4	2	
10	7	
2	4	
3	7	
4	10	
3	6	
6	8	
8	9	
4	4	
8	3	
3	7	
4	5	
1	8	
4	5	
5	9	
4	9	
2	4	
7	5	
6	1	
2	7	
9	6	
3	1	
7	1	
8	7	
7	10	
5	7	
6	2	
4	8	
1	9	
5	9	
1	9	
3	8	
6	9	
1	4	
8	10	
1	8	
1	1	
10	5	
1	1	
8	1	
9	3	
2	7	
4	7	
6	2	
1	10	
5	2	
1	7	
7	8	
9	4	
4	1	
1	2	
5	3	
8	1	
8	4	
4	3	
5	7	
1	5	
4	8	
8	7	
4	7	
8	9	
1	2	
10	9	
3	4	
6	10	
2	2	
1	5	
8	8	
7	7	
8	5	
3	6	
9	8	
5	7	
9	5	
1	6	
3	7	
3	9	
6	9	
7	10	
3	7	
1	7	
7	9	
3	9	
1	9	
5	4	
8	10	
10	2	
9	4	
10	8	
5	3	
2	7	
5	6	
3	3	
6	8	
1	1	
9	4	
6	4	
7	9	
6	4	
4	9	
6	10	
3	7	
6	6	
1	8	
7	6	
1	9	
6	5	
2	6	
3	10	
2	4	
3	8	
5	5	
2	6	
8	10	
9	4	
3	10	
3	9	
3	6	

Stepup times between Families, where [f][f] represents initial setup time
On machine	1
9	25	40	18	43	3	38	48	29	34	6	20	22	18	44	3	38	2	25	24	9	45	23	34	3	3	46	34	48	42	
7	46	22	42	3	30	7	24	30	27	50	41	25	5	31	3	8	47	16	22	7	7	28	43	2	20	5	15	19	31	
35	40	10	9	28	27	32	11	24	9	20	44	4	37	45	23	48	48	34	15	32	34	49	40	28	1	4	36	10	34	
19	34	4	38	18	25	14	48	2	37	41	14	26	23	50	4	32	22	2	36	37	31	10	27	24	5	34	24	19	48	
48	32	5	26	14	33	22	44	5	32	9	37	42	45	14	21	3	18	31	4	48	34	35	21	34	18	28	48	25	29	
40	23	38	8	29	29	45	37	14	20	37	34	42	47	2	47	34	50	20	19	38	6	45	48	25	13	37	33	16	4	
6	45	23	18	23	21	50	47	6	22	17	42	17	4	27	31	4	13	34	6	50	35	48	3	46	34	5	22	34	47	
46	10	22	44	41	23	38	26	46	42	11	43	3	1	29	5	35	50	7	47	42	44	31	46	38	23	26	6	8	35	
43	8	23	42	8	44	30	16	10	5	9	39	11	41	9	24	45	42	23	28	24	31	6	48	8	24	1	48	36	23	
26	22	24	49	21	8	26	42	45	45	36	2	49	41	5	26	6	29	26	33	28	11	44	9	5	11	49	33	26	42	
31	22	21	9	10	23	25	41	7	11	6	10	23	42	40	14	24	15	47	50	47	27	37	30	28	2	13	27	50	21	
23	44	43	40	22	24	27	18	3	41	26	21	46	48	2	24	39	32	47	23	47	40	49	29	18	5	14	42	41	24	
10	28	13	10	41	18	34	14	22	45	26	44	16	35	33	32	10	11	32	1	7	40	26	25	19	7	40	6	27	25	
48	21	38	18	35	18	41	12	17	30	2	14	10	39	14	28	1	40	9	7	44	34	27	39	49	47	1	28	1	24	
35	40	6	38	32	7	27	13	9	40	30	29	12	12	22	4	15	36	46	2	50	32	10	47	39	46	11	39	41	32	
34	7	13	20	7	29	46	16	24	10	6	28	27	12	39	18	26	49	26	10	34	49	12	34	16	38	48	42	48	17	
16	40	39	48	27	45	38	39	47	2	12	31	15	20	28	28	26	24	4	27	23	41	44	3	8	3	30	30	16	44	
19	34	24	33	45	1	16	37	2	13	37	24	41	30	14	31	23	6	44	21	2	22	5	49	3	34	15	23	2	45	
49	2	36	48	2	37	15	20	9	1	21	2	25	8	29	32	46	10	14	27	16	20	48	21	1	1	25	35	30	46	
50	44	36	45	27	1	47	41	27	26	12	47	12	5	15	24	8	1	37	27	19	30	44	17	20	18	40	8	1	36	
10	26	2	9	50	10	37	40	27	43	40	15	18	1	27	47	35	5	25	1	16	6	22	19	47	17	46	25	31	24	
7	19	15	19	8	22	11	45	20	13	2	22	48	32	45	49	16	1	12	26	42	18	21	25	23	4	43	3	33	39	
37	17	17	49	16	40	47	36	37	48	3	23	9	31	28	29	36	38	27	46	9	7	24	37	45	11	21	14	2	35	
7	28	29	48	39	35	8	50	31	7	35	7	42	10	38	41	50	22	43	45	42	47	2	31	14	35	39	16	46	15	
19	3	8	14	18	8	11	33	24	20	36	44	35	22	10	16	4	42	23	20	19	22	41	38	49	9	6	38	31	6	
29	25	13	10	8	36	9	14	5	37	7	48	24	45	40	7	25	34	14	44	20	31	15	35	3	41	27	29	26	12	
50	40	49	17	28	15	11	8	26	44	24	29	38	44	35	8	29	20	11	48	30	49	26	35	19	30	24	12	24	42	
32	41	40	7	48	47	29	27	7	40	20	9	20	43	8	35	27	16	3	9	18	8	42	33	12	11	23	8	11	12	
31	41	14	26	12	39	6	44	26	47	28	35	32	24	46	14	14	18	40	45	7	26	30	19	26	6	30	31	34	21	
27	20	35	50	13	43	40	15	48	24	17	39	28	12	25	5	35	17	9	40	15	17	22	9	34	23	50	37	15	31	
On machine	2
28	45	12	7	7	38	49	50	35	4	29	19	39	11	26	11	24	43	37	46	7	39	36	43	23	12	8	46	9	41	
17	4	4	21	40	38	32	16	9	44	48	26	27	34	6	16	34	40	8	26	32	47	25	19	26	22	26	17	3	19	
19	7	18	9	5	16	1	40	47	8	15	24	42	25	29	25	6	17	4	32	28	16	3	3	22	26	4	25	34	31	
31	10	35	41	49	12	14	40	33	20	17	32	50	28	48	10	7	22	17	8	48	33	48	26	45	16	17	34	36	34	
25	45	7	20	7	39	9	47	18	3	23	41	28	5	16	26	9	12	31	34	38	28	14	47	1	42	4	26	49	29	
42	41	7	22	41	9	23	46	23	2	48	40	24	2	41	32	12	45	22	14	5	15	45	22	46	46	27	12	39	42	
17	25	35	26	3	22	27	17	28	49	24	33	7	13	40	7	9	18	38	29	29	21	13	49	37	2	6	37	46	48	
30	42	26	14	32	33	16	1	26	43	9	31	36	49	42	28	38	26	23	9	7	12	23	21	23	43	24	7	21	33	
11	5	15	42	6	50	45	13	36	44	12	1	10	34	19	47	19	9	16	34	34	50	49	10	9	26	34	5	33	17	
33	33	5	18	38	27	26	32	23	20	47	26	42	11	13	35	34	13	49	33	42	11	13	28	13	28	32	31	12	48	
37	15	15	36	48	30	5	50	47	37	26	8	4	5	6	44	13	45	35	29	14	10	46	3	27	25	5	41	9	3	
38	40	29	4	25	33	18	31	38	5	36	2	14	39	39	32	11	43	40	14	30	38	22	29	25	29	46	18	39	10	
33	10	41	29	48	18	4	29	18	39	43	2	20	9	47	6	21	34	27	39	17	29	23	14	18	37	7	27	33	11	
7	32	19	9	17	22	36	36	4	1	24	19	38	39	46	20	3	27	45	21	8	25	9	26	4	35	27	29	39	36	
6	7	33	24	27	41	46	27	42	1	14	32	3	8	44	48	21	42	2	20	14	28	20	24	1	49	23	18	43	39	
29	36	11	32	23	25	50	18	34	21	24	43	34	36	30	44	45	34	44	42	4	6	21	16	35	21	6	9	2	46	
36	6	6	5	29	11	19	6	28	39	43	4	49	48	35	35	2	40	9	38	16	47	47	26	31	29	34	7	7	42	
24	28	15	19	8	44	37	25	42	44	9	39	48	42	5	4	33	18	42	21	34	20	3	47	20	46	3	36	50	45	
1	40	5	2	34	21	29	23	32	40	28	19	24	4	37	38	37	14	13	13	45	41	20	42	2	31	23	42	19	18	
49	31	34	33	29	12	30	11	39	32	21	45	31	47	20	44	18	36	50	26	3	30	50	15	29	3	10	40	28	33	
48	35	28	31	31	24	26	8	6	19	46	12	50	43	37	47	13	2	10	10	37	50	21	36	33	34	43	25	8	18	
35	9	21	39	47	17	41	26	44	40	47	33	35	44	39	29	28	26	27	11	19	39	1	23	27	1	11	22	7	28	
23	17	30	42	23	15	4	44	33	34	45	12	36	23	44	11	50	47	22	9	11	34	33	10	16	42	3	12	26	42	
47	5	16	2	9	25	1	38	41	7	40	34	41	14	10	20	40	30	16	49	1	8	5	28	50	8	49	3	24	13	
46	23	22	36	44	48	22	40	2	49	20	16	11	42	8	38	46	13	9	40	34	50	29	19	36	47	23	3	23	10	
33	30	26	19	28	3	21	25	34	19	21	11	48	23	9	37	22	50	30	7	50	18	31	43	21	30	10	37	16	41	
17	30	8	14	47	48	2	21	32	49	39	15	39	38	31	14	49	40	28	49	21	14	29	7	2	48	3	11	5	41	
31	32	6	22	6	47	31	39	38	31	22	46	17	2	13	18	44	26	10	35	46	20	18	28	29	22	9	48	4	22	
4	46	47	10	31	13	49	18	36	29	39	25	24	4	43	40	5	4	10	19	38	1	36	4	28	36	10	15	6	4	
3	37	34	50	10	43	47	50	45	1	3	39	43	29	31	6	13	38	4	39	47	37	22	27	50	41	34	19	19	40	
