Factories	2
Families	40
Machines	4
SetupType	2

Number of Jobs in each Family
4	1	3	4	1	10	10	10	8	9	1	6	1	8	5	2	4	3	6	8	1	6	2	7	4	3	5	7	5	7	10	7	3	6	4	10	5	6	9	10	

Jobs in each Family
0	1	2	3	
4	
5	6	7	
8	9	10	11	
12	
13	14	15	16	17	18	19	20	21	22	
23	24	25	26	27	28	29	30	31	32	
33	34	35	36	37	38	39	40	41	42	
43	44	45	46	47	48	49	50	
51	52	53	54	55	56	57	58	59	
60	
61	62	63	64	65	66	
67	
68	69	70	71	72	73	74	75	
76	77	78	79	80	
81	82	
83	84	85	86	
87	88	89	
90	91	92	93	94	95	
96	97	98	99	100	101	102	103	
104	
105	106	107	108	109	110	
111	112	
113	114	115	116	117	118	119	
120	121	122	123	
124	125	126	
127	128	129	130	131	
132	133	134	135	136	137	138	
139	140	141	142	143	
144	145	146	147	148	149	150	
151	152	153	154	155	156	157	158	159	160	
161	162	163	164	165	166	167	
168	169	170	
171	172	173	174	175	176	
177	178	179	180	
181	182	183	184	185	186	187	188	189	190	
191	192	193	194	195	
196	197	198	199	200	201	
202	203	204	205	206	207	208	209	210	
211	212	213	214	215	216	217	218	219	220	

Total number of jobs
221

Processing times of jobs
7	8	10	5	
10	4	5	7	
8	3	4	4	
9	8	3	9	
3	7	5	4	
6	6	3	10	
7	4	2	6	
4	5	5	2	
7	5	3	7	
5	6	1	4	
10	7	6	8	
9	10	4	6	
9	6	4	3	
4	6	10	5	
6	9	8	8	
6	7	5	6	
2	2	3	3	
6	8	7	10	
1	6	7	2	
3	4	3	3	
8	9	3	6	
1	2	4	2	
10	5	4	10	
5	2	10	10	
1	6	3	1	
6	7	6	5	
9	1	10	9	
10	2	3	7	
7	3	5	3	
9	4	4	5	
7	7	1	7	
10	10	6	10	
2	8	1	2	
1	1	5	4	
8	10	8	4	
6	9	5	4	
10	9	7	5	
9	6	6	4	
5	1	10	6	
1	4	5	8	
4	2	1	4	
7	8	9	2	
6	6	10	9	
5	6	6	5	
7	3	6	5	
3	2	9	5	
8	2	5	9	
10	9	4	3	
1	6	8	6	
2	2	2	9	
3	7	9	2	
7	9	5	9	
6	8	1	7	
1	6	9	6	
8	8	4	5	
9	3	7	10	
8	9	4	1	
4	4	10	8	
4	5	3	10	
6	2	6	8	
3	4	7	6	
5	10	3	10	
2	9	5	5	
4	6	7	10	
5	1	4	3	
7	3	3	2	
7	3	9	2	
8	6	4	10	
6	7	7	5	
7	10	3	6	
10	10	6	3	
7	7	5	9	
2	6	7	5	
1	5	3	1	
10	1	4	5	
9	9	1	6	
5	2	3	8	
8	10	4	9	
5	1	6	6	
10	10	2	1	
6	7	7	3	
2	10	1	3	
4	3	9	1	
7	5	2	3	
2	9	10	4	
5	8	9	7	
5	3	10	3	
2	7	7	5	
7	4	6	4	
6	2	9	1	
3	9	5	10	
5	8	9	2	
9	6	2	10	
4	2	1	3	
1	2	2	4	
1	1	4	8	
4	3	1	3	
10	10	2	6	
2	2	9	10	
1	3	3	7	
2	9	5	6	
4	5	7	3	
6	8	7	9	
1	8	2	6	
5	7	4	1	
2	2	8	1	
4	5	2	9	
10	9	3	8	
6	7	6	8	
3	8	3	3	
2	4	9	3	
4	5	8	4	
9	5	6	6	
2	8	9	3	
7	2	10	5	
5	8	10	1	
7	1	2	5	
3	1	10	9	
4	4	8	7	
8	2	1	3	
6	4	6	2	
4	5	4	2	
10	7	4	4	
4	10	9	10	
7	7	9	10	
6	6	2	6	
2	2	8	4	
9	1	9	1	
2	4	9	6	
2	4	4	8	
5	2	4	4	
1	1	2	1	
6	5	10	4	
10	6	4	6	
4	3	7	1	
5	5	6	5	
3	7	10	9	
8	3	9	8	
3	2	10	9	
3	6	2	6	
6	9	9	8	
5	1	2	7	
9	9	6	6	
6	10	6	10	
5	9	6	6	
10	2	3	1	
6	2	1	7	
1	3	6	9	
2	2	10	8	
6	5	1	2	
9	6	3	3	
4	2	1	10	
7	2	8	1	
9	10	9	7	
9	8	6	2	
7	2	5	10	
5	8	10	2	
5	9	8	2	
8	1	5	5	
4	2	4	4	
2	7	7	7	
3	1	1	7	
3	2	1	8	
8	8	10	10	
7	1	4	1	
5	7	2	7	
10	4	1	1	
8	2	10	1	
8	4	5	1	
2	3	4	4	
1	2	10	8	
4	10	4	6	
5	3	9	6	
1	5	8	8	
3	6	3	9	
3	2	9	7	
10	1	9	1	
2	8	1	8	
4	3	4	1	
7	8	8	5	
9	2	8	5	
3	2	8	8	
4	1	9	6	
8	3	8	7	
6	10	7	3	
3	5	9	10	
4	1	3	2	
3	10	5	5	
1	1	3	7	
9	4	1	1	
2	3	3	3	
2	8	3	7	
8	8	1	10	
5	9	7	8	
6	2	2	9	
4	4	10	2	
5	7	4	5	
5	6	6	7	
7	1	3	4	
6	7	8	3	
6	8	8	3	
6	10	8	7	
10	5	1	2	
10	4	9	9	
3	3	8	1	
9	4	4	7	
6	1	8	6	
2	4	9	1	
2	8	5	1	
2	2	3	8	
6	2	6	2	
8	2	3	7	
3	5	9	6	
2	8	10	8	
1	10	3	8	
5	1	1	4	
5	2	8	6	
7	5	4	3	
8	4	2	8	
6	8	5	5	
4	3	10	4	

Stepup times between Families, where [f][f] represents initial setup time
On machine	1
4	9	35	35	46	28	2	34	10	40	48	18	7	40	15	38	22	24	44	33	50	30	4	46	49	4	4	42	36	38	14	6	29	9	38	9	41	39	42	16	
25	13	31	29	7	23	45	47	29	30	6	11	36	35	16	41	48	26	5	48	46	50	44	23	1	46	50	40	34	4	31	23	37	16	48	30	4	23	24	2	
48	40	43	13	26	47	10	44	29	22	11	11	23	25	3	37	8	43	42	28	46	19	9	36	20	41	4	34	50	14	7	41	1	43	36	40	36	36	19	13	
6	24	23	28	45	2	19	45	6	29	40	38	29	46	9	50	34	6	12	29	17	15	41	50	42	38	24	33	8	12	11	29	17	16	28	36	42	7	23	36	
15	1	11	43	4	20	38	20	22	29	21	4	39	42	29	41	25	6	36	30	5	34	11	5	4	19	26	33	6	50	9	12	37	25	12	28	39	13	42	14	
20	49	10	20	2	48	34	39	18	46	24	16	35	49	22	31	6	22	36	13	45	46	40	19	24	37	8	7	1	13	42	44	3	39	26	3	23	44	7	48	
40	17	49	1	22	26	49	6	45	2	38	17	20	46	22	17	10	11	22	22	38	13	50	17	41	47	46	40	17	7	41	46	7	9	11	42	24	31	11	29	
6	21	2	13	19	38	18	9	30	7	49	45	50	29	20	50	23	17	34	43	32	49	36	27	17	48	35	22	15	7	11	4	45	31	3	9	31	12	33	39	
30	38	10	20	18	24	23	41	31	4	27	7	33	4	49	8	4	18	5	35	31	12	48	1	47	15	10	31	28	28	42	3	24	20	49	9	3	2	16	47	
37	44	5	35	48	10	29	24	12	34	24	8	28	10	24	35	12	13	47	12	49	15	48	38	26	37	1	17	3	37	50	21	37	27	6	9	39	7	45	33	
21	35	7	7	43	48	16	13	22	19	11	1	28	43	43	40	32	13	23	43	43	36	12	43	35	47	37	8	34	37	12	24	11	27	24	13	26	46	11	6	
46	26	42	4	2	44	26	40	3	21	48	12	1	29	20	24	10	1	3	1	41	48	15	10	8	20	4	33	47	26	34	44	28	15	37	24	3	27	38	7	
46	8	35	32	3	29	38	49	41	38	42	40	39	3	31	39	20	46	47	21	20	30	34	38	15	42	16	40	32	16	8	9	7	7	43	17	5	8	3	34	
28	14	22	1	30	23	29	14	42	18	46	6	29	19	2	23	40	23	22	14	37	8	25	5	43	15	15	32	47	50	9	21	14	49	50	44	25	48	48	19	
12	41	3	33	38	8	35	33	25	4	42	47	33	37	16	36	44	39	26	32	3	34	39	1	43	3	38	16	11	2	24	33	22	37	39	36	45	49	5	29	
35	9	18	5	16	17	36	3	14	4	13	34	27	18	4	3	9	39	7	47	42	46	42	45	24	32	19	18	10	28	41	31	27	37	15	47	48	7	42	2	
11	35	36	3	39	34	17	42	20	40	18	45	6	14	19	7	42	6	48	18	14	37	45	8	28	3	5	12	7	13	37	37	35	31	28	43	26	15	37	21	
16	6	40	47	3	6	6	34	10	39	39	44	15	19	11	21	25	15	39	50	5	14	45	15	26	8	30	8	38	49	26	42	6	27	18	11	3	9	18	29	
16	50	46	43	40	21	22	8	26	9	37	36	48	8	29	45	17	4	5	31	27	26	39	15	10	29	15	36	7	33	5	48	27	46	42	45	14	27	21	5	
4	46	10	29	12	45	30	4	24	6	46	49	7	23	4	49	1	37	24	35	10	36	42	19	25	15	48	5	43	41	21	25	43	8	27	9	4	12	9	42	
48	44	46	36	44	36	41	45	48	19	43	26	48	35	13	19	10	21	3	40	3	1	31	23	49	41	33	24	48	1	5	11	22	44	42	5	2	30	23	49	
3	25	43	2	34	44	25	36	32	9	7	46	29	50	45	4	6	16	45	29	30	6	27	19	40	25	30	49	29	29	5	20	18	40	20	50	12	18	10	32	
1	17	18	47	44	36	17	47	16	39	20	27	38	4	12	16	36	37	25	22	36	33	40	9	27	42	28	1	28	49	7	35	31	29	28	28	50	23	43	26	
9	2	23	15	8	49	50	40	37	19	21	6	15	37	45	48	46	4	26	15	26	9	43	50	18	36	45	19	16	30	22	45	37	50	28	16	10	7	42	31	
20	31	34	30	45	5	26	46	5	42	17	48	16	47	5	41	22	32	44	26	10	13	49	35	30	31	46	14	26	35	8	11	11	33	35	49	34	48	9	22	
20	40	41	35	38	13	4	3	36	47	13	37	16	29	39	41	18	46	32	43	22	44	50	46	5	24	25	30	7	22	1	8	4	49	14	19	21	40	8	9	
50	46	9	33	30	8	17	32	32	3	45	26	17	28	19	33	8	6	6	34	20	45	44	17	17	9	9	23	49	20	24	9	7	50	32	7	36	14	29	22	
28	6	6	2	21	19	30	43	26	48	38	33	46	44	23	49	37	31	40	13	47	11	50	48	46	15	8	27	30	48	45	41	6	34	22	17	49	5	15	43	
33	44	10	13	39	29	47	25	24	43	44	37	20	22	11	31	21	33	14	43	42	48	48	43	4	19	44	18	14	22	20	13	17	2	30	21	36	30	13	18	
20	27	16	37	18	39	21	12	4	50	25	49	15	3	38	28	32	42	28	38	43	10	28	9	48	37	33	12	39	32	14	4	17	18	41	27	15	10	15	36	
32	47	35	34	27	43	8	8	29	9	21	29	29	17	47	18	46	49	8	6	35	7	46	32	3	40	30	7	26	25	38	26	6	44	14	44	22	14	11	22	
20	26	27	4	16	22	24	1	45	42	20	2	6	43	44	14	35	49	48	2	32	7	28	36	12	11	39	11	38	31	2	23	25	20	44	48	43	10	15	18	
30	6	10	39	36	33	38	7	17	8	36	31	5	33	40	47	15	7	10	38	19	50	32	20	15	21	39	29	1	2	18	38	33	48	5	21	21	25	32	14	
2	46	26	25	22	35	10	32	49	44	4	44	3	42	22	7	44	27	23	44	32	38	35	26	35	49	26	31	45	18	33	29	43	18	23	44	31	47	29	13	
44	33	34	41	12	1	3	18	30	7	30	15	37	45	10	7	3	43	35	10	1	16	44	45	8	7	22	9	28	5	9	38	30	46	39	1	35	23	13	50	
23	19	16	11	6	19	46	1	15	14	31	46	20	39	2	47	15	24	26	16	25	32	41	50	5	33	34	11	5	5	43	28	23	21	48	45	41	12	16	8	
49	18	24	6	12	30	8	33	11	12	14	12	32	37	36	20	45	37	6	17	10	3	48	23	12	24	48	23	42	41	39	5	34	46	13	33	4	19	16	46	
29	32	19	34	43	2	47	47	12	50	32	27	1	3	35	48	40	10	29	16	30	14	19	29	14	45	38	49	4	37	22	39	33	19	50	16	50	25	19	7	
33	35	16	27	10	47	39	29	18	14	43	20	35	23	21	31	28	11	13	22	4	20	13	42	20	11	38	3	44	42	18	42	14	44	31	14	21	46	15	22	
26	42	22	46	24	30	34	39	4	48	24	45	44	38	33	34	16	28	40	15	29	8	3	18	46	11	12	15	30	33	28	42	8	50	45	45	43	34	17	8	
On machine	2
31	24	36	9	44	34	33	35	1	16	4	41	46	33	39	29	20	9	48	32	35	42	32	32	40	33	43	2	23	38	43	6	31	32	33	17	12	34	6	14	
33	16	33	6	16	11	33	31	24	14	22	49	15	9	24	30	34	21	30	5	26	28	2	46	8	32	40	43	1	20	15	28	38	16	6	18	41	23	47	12	
46	6	3	26	48	12	6	5	12	16	28	46	48	32	13	33	2	38	26	1	45	25	37	1	6	14	6	32	25	4	3	48	39	32	4	50	27	40	3	18	
50	37	20	24	30	26	14	39	14	49	13	23	47	37	16	2	45	33	46	25	35	44	13	31	38	28	47	37	29	26	37	7	21	9	26	32	15	23	24	41	
28	20	3	22	8	46	39	23	27	48	7	39	36	49	9	31	45	48	23	49	12	36	12	40	26	6	25	43	29	45	47	47	45	23	14	26	42	11	20	41	
7	5	14	45	48	30	4	28	9	35	16	9	50	42	42	48	23	10	4	23	11	8	12	46	33	2	44	1	33	14	11	39	37	50	15	22	50	35	14	46	
30	17	3	16	15	32	22	5	31	3	4	3	17	23	40	1	39	37	30	49	10	2	3	14	5	18	31	32	6	46	44	40	40	39	48	34	13	31	10	27	
34	39	28	4	37	29	41	2	11	8	49	11	36	31	15	40	9	47	41	43	46	1	26	25	17	21	6	19	49	37	10	14	34	3	16	12	5	28	18	24	
11	19	18	27	7	37	36	3	19	11	50	24	30	7	34	43	25	15	8	6	40	14	4	39	47	8	17	23	43	16	43	30	20	26	49	9	18	47	15	34	
15	37	49	48	20	39	27	17	42	30	26	42	40	49	5	38	22	30	1	12	3	48	19	14	29	3	37	19	45	39	40	10	31	5	41	8	26	45	10	26	
28	24	19	36	34	30	43	46	23	3	17	30	17	30	2	47	18	46	25	48	12	46	41	32	48	13	19	32	38	7	27	2	12	12	39	5	38	32	32	36	
13	10	19	26	19	20	5	46	28	19	24	27	45	20	39	50	26	2	12	3	17	27	28	14	48	44	13	49	16	35	30	13	22	41	16	6	9	32	33	23	
1	25	7	35	18	47	26	9	29	40	11	40	15	44	4	12	29	38	41	42	2	17	34	41	45	18	11	44	50	13	47	16	25	15	20	12	17	4	37	10	
16	7	48	31	7	34	39	27	12	1	28	5	25	15	14	50	6	20	29	4	4	32	18	26	24	33	14	26	16	1	31	39	49	46	24	35	30	25	20	14	
1	25	23	3	13	17	35	12	19	11	3	44	3	13	37	50	36	5	47	6	19	18	23	4	20	24	20	26	20	32	30	41	18	6	16	31	27	44	33	23	
5	9	7	36	5	28	23	27	31	46	7	43	43	40	20	30	1	43	3	43	15	39	4	21	50	25	15	9	47	44	15	49	21	49	20	32	6	23	16	10	
29	38	47	21	8	39	4	34	49	9	34	29	48	35	5	45	12	2	11	3	30	27	34	11	27	22	15	38	47	45	31	29	14	3	18	7	14	35	42	10	
38	28	10	10	18	45	34	49	44	7	10	9	18	12	31	44	40	5	37	14	3	13	25	40	39	44	7	8	9	7	32	33	39	13	26	40	25	28	34	45	
25	49	17	31	19	1	21	43	18	43	39	41	14	29	25	48	50	25	13	42	11	35	10	38	20	12	10	16	18	50	5	12	7	39	19	5	21	1	43	16	
43	5	46	34	37	19	36	50	32	6	36	10	14	50	15	20	34	9	35	15	45	41	36	17	20	41	19	43	32	6	10	48	36	42	27	30	42	43	19	6	
48	4	38	21	50	24	36	37	2	9	46	40	16	43	44	27	26	23	2	33	37	44	28	19	50	41	5	31	33	13	9	3	27	3	38	27	14	27	42	9	
20	34	14	6	43	24	16	33	41	7	1	13	6	30	38	40	32	13	29	17	48	46	48	38	48	44	28	31	50	20	34	34	24	13	32	25	22	16	31	7	
41	47	3	28	25	34	45	28	47	4	7	47	37	45	17	7	7	35	5	40	49	47	34	20	29	41	19	1	11	27	42	15	20	22	35	3	27	28	38	31	
45	28	48	38	2	50	25	47	11	2	28	12	7	7	2	37	29	21	48	17	20	42	44	18	5	27	33	7	14	4	20	10	4	3	9	23	26	3	1	41	
21	46	42	11	47	36	29	18	39	3	36	36	21	46	2	37	38	46	6	20	1	5	28	35	21	50	15	25	5	15	34	35	29	35	4	2	41	4	5	6	
5	11	23	47	7	29	27	24	24	49	2	36	3	32	13	39	40	28	3	50	40	6	19	33	24	23	40	40	46	4	17	22	20	39	4	32	30	15	33	8	
22	23	31	10	48	1	11	15	5	13	14	10	26	40	25	20	28	31	21	42	50	12	22	32	10	14	35	23	30	33	9	10	2	48	5	5	1	16	33	1	
24	21	33	18	25	40	27	9	13	8	21	22	6	10	19	14	1	3	26	10	9	49	4	14	20	32	30	32	38	19	17	16	41	36	13	27	33	48	28	41	
33	49	25	36	32	13	49	41	34	7	14	9	21	31	19	3	29	26	1	45	20	35	6	3	10	9	6	19	8	43	34	16	25	35	41	38	17	45	10	46	
15	16	8	4	14	48	1	16	46	47	21	44	7	47	36	36	39	16	11	40	28	37	44	15	5	7	50	40	41	10	3	26	17	37	8	1	42	10	17	5	
41	2	1	9	24	21	11	48	33	15	28	11	16	16	31	29	24	20	41	36	4	21	24	1	26	16	5	36	36	43	12	35	13	31	43	42	44	43	49	3	
30	21	43	2	12	35	6	12	1	33	44	28	22	38	11	25	33	17	11	9	26	46	34	13	44	12	18	31	8	37	5	24	14	47	29	37	39	32	8	27	
30	25	12	30	9	44	37	30	18	7	17	27	12	1	6	27	16	43	27	36	19	10	9	30	5	17	7	8	21	1	28	50	13	46	37	2	28	45	39	36	
5	24	37	13	38	27	29	9	43	40	43	29	49	28	47	3	37	15	49	50	9	23	21	2	26	32	40	34	22	27	20	15	6	42	4	48	32	2	38	50	
3	27	29	32	19	5	32	48	44	4	4	28	39	16	45	32	35	5	29	38	39	17	15	31	23	39	13	42	6	48	32	41	42	24	38	6	13	10	48	6	
6	10	28	28	32	14	47	34	30	22	35	44	4	11	44	26	37	28	49	33	2	46	44	29	20	25	49	10	31	31	4	37	39	49	2	9	4	6	19	28	
41	14	15	7	41	6	37	36	29	24	37	38	46	28	3	6	48	12	14	47	25	11	1	3	24	23	44	12	36	35	8	15	9	43	34	44	26	4	15	10	
11	49	43	4	44	32	9	16	48	50	40	13	9	44	11	8	21	19	17	1	46	49	36	25	8	47	29	47	15	45	38	43	46	25	6	17	5	11	5	23	
13	26	46	50	49	12	49	16	43	12	20	25	15	44	15	26	30	28	45	27	48	34	23	22	26	28	22	14	33	26	21	5	32	11	5	15	41	16	35	7	
17	12	33	2	5	8	27	38	13	27	36	49	45	35	29	29	47	19	30	22	16	3	32	20	27	33	48	37	47	44	16	35	17	19	1	43	12	27	21	8	
On machine	3
27	6	25	43	29	10	21	8	15	33	24	33	22	42	34	36	2	19	28	11	45	35	28	50	3	15	48	49	30	9	9	25	28	27	32	50	32	26	24	16	
22	5	7	50	7	45	30	13	12	35	10	7	30	19	14	46	32	3	41	4	37	2	35	5	18	41	13	22	23	41	34	38	24	38	4	16	35	16	33	45	
22	33	14	27	28	6	9	31	25	7	16	21	41	17	13	16	49	2	1	40	5	39	4	1	46	27	49	43	26	10	27	36	4	18	47	31	13	33	18	37	
38	5	18	3	16	39	32	32	38	31	33	11	26	35	14	27	6	31	49	50	45	8	39	28	5	48	45	41	25	2	10	12	10	24	50	18	21	39	23	19	
49	41	22	7	18	23	50	4	25	31	18	50	24	6	1	33	9	35	15	7	38	2	6	13	9	15	23	44	28	25	19	27	18	27	39	43	44	2	19	44	
6	28	13	3	25	38	22	4	14	9	9	45	24	27	1	25	3	32	20	6	25	39	35	34	23	3	28	42	1	44	24	37	49	12	46	47	44	8	14	22	
50	3	13	39	3	23	19	29	28	11	14	5	48	28	21	6	28	39	6	28	1	37	20	21	40	5	2	13	11	3	18	31	29	6	7	13	12	37	1	15	
16	13	40	36	35	43	1	29	11	25	34	50	5	38	40	44	44	50	42	30	36	36	45	2	13	24	14	12	37	7	34	21	31	16	2	42	36	4	44	45	
18	2	41	32	23	13	6	28	40	29	35	35	13	35	48	16	46	35	44	43	44	37	25	12	42	2	13	23	3	15	4	42	24	15	36	35	13	7	14	29	
46	24	4	45	48	34	4	35	5	35	47	43	1	19	27	13	7	39	44	11	36	4	46	20	22	29	32	20	17	24	15	12	23	6	17	38	17	19	15	16	
14	23	2	42	38	32	27	12	41	48	38	49	16	33	41	24	36	44	18	3	7	16	7	38	33	31	29	2	27	9	4	39	46	37	7	48	23	5	40	42	
23	20	32	24	41	15	34	45	41	49	37	39	7	44	5	10	20	22	20	8	48	50	21	19	10	47	1	2	50	26	6	46	11	18	49	48	25	21	12	30	
41	36	26	12	21	2	34	44	42	31	27	49	20	18	22	45	8	48	35	17	33	13	18	12	49	37	6	34	12	23	1	11	8	47	45	35	19	36	11	18	
11	34	14	33	27	12	20	1	14	33	29	36	17	26	14	41	9	28	11	3	48	45	34	10	15	13	27	15	6	47	9	23	49	4	15	29	41	49	38	34	
13	20	12	31	28	40	19	44	3	46	27	19	41	49	35	30	10	36	13	7	46	41	26	42	46	27	4	50	10	37	1	1	40	9	2	34	25	2	19	45	
18	46	42	29	19	48	37	34	30	50	34	37	9	4	13	36	43	29	34	38	38	46	12	4	15	39	28	43	1	14	3	45	24	39	20	2	23	46	30	31	
43	46	47	49	9	17	34	11	42	21	27	45	6	23	31	7	19	2	24	42	44	44	38	5	26	21	44	8	42	9	7	21	32	18	13	49	30	40	40	39	
48	3	49	38	44	48	24	37	2	8	47	19	48	34	30	49	46	42	9	42	16	48	7	38	45	10	19	29	18	24	43	30	30	7	5	25	16	39	49	13	
46	39	30	2	48	23	42	31	17	19	15	24	34	20	40	8	30	23	11	21	21	39	8	8	4	4	23	8	19	48	17	50	47	12	28	31	31	45	42	14	
23	43	20	11	16	9	40	49	31	25	22	10	32	39	42	45	40	35	8	21	16	14	38	41	19	46	22	24	3	28	11	39	49	41	39	28	48	29	36	45	
14	5	11	29	29	1	45	37	18	12	19	9	16	48	38	6	4	17	15	10	15	45	33	11	41	5	28	1	32	17	24	8	37	5	9	5	23	3	20	26	
22	29	41	24	44	31	5	45	48	19	36	16	17	48	17	8	16	19	16	49	19	29	11	38	44	3	9	44	22	10	47	16	15	38	31	19	44	42	48	3	
12	46	19	27	25	30	46	43	36	1	7	20	41	41	28	5	12	16	4	45	33	10	47	38	43	41	41	37	22	22	35	35	18	49	7	7	7	3	10	17	
14	37	13	23	13	31	48	20	15	42	3	4	48	21	30	5	34	28	42	19	37	6	25	41	23	14	1	48	25	31	6	48	10	21	1	43	2	50	14	22	
9	37	15	27	40	2	13	18	16	9	30	31	25	3	16	16	38	31	38	39	11	33	22	45	20	29	14	30	34	31	29	46	50	42	43	32	27	31	23	45	
31	12	45	35	41	26	13	1	14	25	3	27	27	29	5	48	50	26	18	45	8	30	2	36	26	19	31	32	14	6	7	30	7	37	28	41	6	39	49	28	
38	41	31	39	2	8	41	24	28	11	19	39	17	23	2	48	7	12	10	1	21	8	40	12	32	20	36	31	23	12	9	14	18	31	37	13	28	18	23	32	
42	22	48	14	22	20	19	5	31	22	41	41	49	13	36	26	30	14	8	37	7	30	6	46	50	25	22	33	48	19	18	30	16	33	45	15	46	18	36	50	
14	38	35	33	16	23	30	49	25	28	45	35	10	18	23	46	24	32	13	9	21	30	49	2	39	3	19	45	17	36	6	25	9	48	1	2	20	49	34	39	
20	42	39	9	15	7	39	9	5	42	46	31	20	3	35	45	29	44	41	22	8	44	10	35	30	12	34	16	43	39	19	31	1	18	36	25	36	41	18	12	
23	49	44	49	2	45	11	16	26	8	4	43	23	18	35	41	45	43	19	44	33	42	27	20	40	25	25	24	20	36	35	23	12	19	6	43	39	32	44	50	
12	28	9	13	36	32	42	39	14	7	36	41	37	44	25	32	19	17	36	13	47	48	38	8	2	17	21	19	2	10	36	10	23	30	30	34	33	34	48	30	
37	38	2	31	14	33	36	19	6	2	22	21	28	49	49	28	37	14	4	29	24	44	14	4	9	36	32	18	16	23	13	15	24	28	41	44	28	20	44	46	
33	24	44	10	42	17	11	36	47	20	7	36	29	4	15	38	34	11	19	24	21	2	36	36	3	32	21	11	38	49	18	20	50	44	18	2	13	14	49	17	
27	9	9	15	32	12	14	23	30	1	42	37	32	29	7	16	3	16	29	17	2	1	4	47	18	47	36	30	34	21	1	43	33	45	10	35	33	10	10	38	
44	41	17	22	49	46	40	20	46	24	50	49	12	48	25	25	3	3	15	39	45	9	37	42	42	27	21	44	30	41	26	3	38	37	41	37	39	46	6	44	
25	24	34	48	8	24	39	12	48	18	27	17	20	50	50	44	13	42	26	50	23	38	27	33	5	13	47	18	46	31	50	43	14	40	29	24	28	22	15	14	
31	2	3	17	14	36	4	29	16	13	46	26	24	35	2	7	42	46	44	17	1	19	42	17	2	29	18	25	44	4	28	32	13	32	46	50	49	28	38	3	
25	31	32	35	30	36	29	28	39	2	17	22	1	47	8	15	43	34	47	18	45	34	9	9	35	27	2	6	45	42	33	36	10	11	35	37	1	33	11	12	
22	28	38	25	6	25	47	24	42	18	31	6	29	27	49	15	3	19	39	40	2	46	26	4	41	32	36	39	48	1	24	41	14	32	20	40	10	28	37	48	
On machine	4
1	33	29	44	17	7	46	22	26	48	17	47	40	27	46	17	21	31	7	6	48	23	36	34	20	50	20	29	6	8	23	32	3	31	4	44	28	10	37	40	
8	40	18	33	42	27	10	26	49	11	3	33	41	47	22	46	48	11	49	14	17	29	28	34	2	3	13	32	40	17	32	8	21	39	17	5	8	40	45	14	
45	50	12	40	1	45	13	20	17	11	8	10	17	14	49	43	13	25	17	46	23	38	18	28	2	42	29	42	17	47	17	20	22	40	8	47	18	5	33	30	
47	50	42	34	47	19	39	4	16	9	39	32	38	6	21	14	3	34	42	20	3	30	17	32	12	44	38	17	48	2	9	12	22	27	18	21	43	38	25	11	
45	38	20	50	48	27	24	25	26	3	35	43	27	26	10	15	29	50	11	21	28	2	31	47	44	20	11	7	11	34	26	17	26	48	14	39	17	37	20	44	
37	23	12	12	49	45	49	29	19	10	4	46	43	19	26	44	29	17	18	6	19	7	17	21	25	10	44	14	36	13	5	3	2	3	49	18	49	9	15	28	
10	47	6	4	47	4	28	4	43	49	13	43	19	27	16	17	1	2	26	34	35	33	50	10	38	41	32	50	2	17	27	12	13	5	29	4	7	31	14	10	
35	46	25	19	11	33	26	26	13	48	2	41	38	12	3	22	23	21	2	9	50	1	46	24	36	14	21	31	39	7	17	4	15	27	41	33	48	18	13	15	
23	1	2	15	35	2	17	35	20	44	39	39	50	13	39	20	22	7	14	17	43	12	9	40	14	14	38	41	42	44	49	28	36	9	28	37	18	43	2	9	
9	18	2	30	42	42	47	50	46	37	1	4	49	42	22	17	27	29	19	50	24	43	45	39	44	10	11	46	41	40	43	16	17	18	5	15	33	31	4	9	
12	42	44	45	40	16	11	30	46	19	41	21	9	35	36	31	35	13	19	43	42	39	31	37	4	8	17	25	25	24	47	6	10	18	5	23	40	22	38	33	
17	48	23	2	7	24	50	15	47	43	29	41	43	38	49	3	44	2	33	48	40	3	9	5	44	7	24	32	14	31	22	43	10	47	34	26	16	1	36	2	
18	50	8	14	29	36	4	50	29	3	6	23	12	20	7	5	18	9	28	9	6	9	24	23	3	40	28	13	42	43	2	41	50	34	44	46	2	5	42	48	
16	49	29	43	27	29	22	29	33	9	37	3	41	48	11	27	49	15	2	21	47	18	16	12	46	13	23	4	44	1	2	41	9	50	17	2	2	21	6	31	
22	12	46	11	43	35	6	7	37	49	40	41	38	24	45	7	38	45	46	27	39	35	10	2	47	47	29	19	35	23	50	5	39	44	5	19	38	4	42	42	
23	22	44	41	39	32	6	13	43	5	48	19	37	19	19	17	33	41	29	24	39	17	4	30	31	13	37	31	46	13	26	8	42	32	39	29	22	18	32	9	
28	6	43	13	32	2	25	30	3	1	4	30	32	19	27	41	46	20	27	40	43	3	21	37	12	16	26	31	42	6	6	23	3	32	29	50	6	6	23	2	
43	11	2	36	41	33	31	19	14	47	28	5	46	5	29	13	19	14	15	16	19	11	42	42	18	35	7	36	4	33	8	18	17	11	11	28	28	32	7	9	
47	16	23	25	43	1	13	7	27	16	17	29	9	16	32	13	1	3	1	1	20	12	10	8	11	33	20	49	21	25	16	47	25	16	13	32	19	43	24	25	
37	37	40	26	10	24	27	14	12	27	44	8	13	5	34	15	4	37	34	36	28	26	43	49	25	7	29	1	42	21	19	32	11	5	49	14	7	40	35	18	
12	4	9	28	43	25	26	41	11	22	27	23	10	1	1	26	39	20	21	50	29	41	19	3	14	41	28	36	50	9	49	39	27	30	27	12	1	26	23	5	
46	12	13	22	5	18	6	17	40	39	48	44	28	32	43	9	42	33	38	4	5	42	44	8	47	9	19	37	27	10	1	46	2	9	17	7	38	50	17	6	
41	48	27	42	22	27	24	30	6	37	16	19	37	20	47	44	11	45	47	45	10	38	47	38	23	9	19	42	14	7	48	22	8	38	47	14	39	42	33	48	
32	48	4	47	6	46	45	1	29	9	46	34	20	36	50	46	21	21	40	10	37	15	40	4	19	17	9	9	8	17	15	15	14	14	17	15	28	42	46	38	
19	33	26	35	28	18	45	49	36	47	23	48	45	41	23	36	8	47	14	37	41	40	26	15	43	19	27	44	27	50	19	50	19	27	5	23	38	3	19	17	
44	21	5	43	38	2	35	15	13	11	43	5	17	22	21	26	24	32	17	16	33	14	2	1	48	26	38	16	17	43	6	5	17	16	45	10	36	20	2	16	
37	45	49	42	10	10	5	21	33	28	43	42	21	47	14	7	42	49	41	11	31	46	7	20	28	21	10	5	4	1	27	23	11	17	25	28	27	6	49	19	
7	49	30	13	14	3	41	26	1	22	38	17	16	21	18	22	29	50	7	32	9	24	20	19	23	6	23	36	13	28	38	49	16	41	1	27	4	34	30	27	
8	35	41	4	34	32	8	44	11	17	34	5	33	37	47	43	18	4	32	15	37	50	10	49	48	40	29	46	14	47	2	24	11	4	35	3	17	44	21	50	
7	39	12	17	7	22	47	33	14	42	3	29	38	16	28	24	19	28	35	29	48	35	34	25	8	41	48	7	28	45	22	49	1	22	5	23	25	17	38	21	
39	40	41	35	38	35	46	20	49	12	40	25	26	14	27	5	11	50	15	20	28	39	36	42	31	4	17	36	33	43	5	34	39	32	9	16	40	42	41	46	
36	1	27	49	2	16	7	41	18	37	12	25	29	3	45	11	42	31	21	20	7	47	29	41	10	9	29	38	28	5	15	3	46	7	20	24	10	42	39	13	
38	26	38	49	24	33	20	47	15	48	24	9	43	6	11	11	13	33	28	6	38	48	45	9	27	46	30	20	18	34	16	9	48	31	50	48	37	8	23	5	
34	6	12	24	14	35	48	18	6	15	40	8	36	10	46	37	27	2	12	49	42	18	15	44	24	48	9	38	12	16	25	49	44	41	37	40	10	7	22	20	
14	41	42	25	36	21	43	9	23	12	43	6	15	22	9	47	39	30	6	32	37	43	4	5	41	11	22	15	40	7	40	17	12	43	34	32	22	27	31	42	
11	19	40	26	33	43	9	25	3	28	19	1	34	16	27	48	49	6	13	32	7	12	5	1	22	14	39	33	22	33	34	45	33	33	14	41	12	36	18	27	
18	4	31	32	9	27	35	23	14	23	47	4	17	17	18	34	2	28	6	43	16	23	47	40	49	18	48	12	44	21	13	33	26	16	4	1	49	42	29	11	
28	11	37	6	24	4	29	30	2	31	38	6	32	22	21	44	19	42	48	26	9	42	27	49	11	29	39	3	22	42	30	17	47	40	18	38	44	7	26	3	
12	22	50	27	15	24	35	2	13	40	43	31	17	23	18	12	43	25	42	37	47	35	38	23	13	30	15	14	31	47	1	11	33	3	26	5	5	11	38	4	
23	21	23	8	26	15	1	1	43	26	28	35	41	9	20	9	47	23	29	27	34	18	42	39	48	44	9	18	30	30	21	17	38	12	18	10	29	33	33	41	
