Factories	2
Families	30
Machines	4
SetupType	1

Number of Jobs in each Family
2	6	5	3	9	7	7	4	7	2	3	3	10	10	1	2	6	3	7	1	2	10	7	1	7	3	9	8	7	9	

Jobs in each Family
0	1	
2	3	4	5	6	7	
8	9	10	11	12	
13	14	15	
16	17	18	19	20	21	22	23	24	
25	26	27	28	29	30	31	
32	33	34	35	36	37	38	
39	40	41	42	
43	44	45	46	47	48	49	
50	51	
52	53	54	
55	56	57	
58	59	60	61	62	63	64	65	66	67	
68	69	70	71	72	73	74	75	76	77	
78	
79	80	
81	82	83	84	85	86	
87	88	89	
90	91	92	93	94	95	96	
97	
98	99	
100	101	102	103	104	105	106	107	108	109	
110	111	112	113	114	115	116	
117	
118	119	120	121	122	123	124	
125	126	127	
128	129	130	131	132	133	134	135	136	
137	138	139	140	141	142	143	144	
145	146	147	148	149	150	151	
152	153	154	155	156	157	158	159	160	

Total number of jobs
161

Processing times of jobs
2	7	1	9	
1	1	7	9	
10	9	9	10	
9	6	2	3	
3	3	4	5	
2	1	7	3	
8	1	8	7	
5	5	6	2	
6	2	1	10	
7	3	9	3	
7	3	2	6	
9	2	2	1	
9	5	6	5	
10	9	10	5	
10	3	2	8	
10	5	10	1	
6	10	7	7	
3	8	9	7	
3	4	7	9	
7	7	6	5	
7	4	9	7	
7	7	6	3	
10	6	3	7	
4	9	7	7	
8	9	6	9	
9	7	6	4	
10	6	9	8	
3	9	3	8	
5	2	2	8	
9	7	6	8	
1	7	6	4	
7	8	10	3	
2	9	10	7	
10	10	7	5	
7	6	3	7	
9	4	6	8	
9	9	8	5	
4	8	5	10	
1	10	10	7	
1	10	5	4	
6	9	10	7	
1	4	7	7	
8	2	8	5	
7	7	6	5	
9	5	6	9	
8	6	10	8	
3	3	10	3	
9	5	5	2	
2	3	2	5	
8	10	7	10	
7	10	8	1	
2	1	4	10	
1	3	7	4	
8	10	3	5	
5	1	5	3	
9	5	10	1	
4	9	3	2	
8	7	8	6	
2	9	2	3	
10	8	6	10	
10	2	9	6	
2	6	1	9	
7	8	4	1	
10	7	2	4	
2	5	3	2	
7	9	3	8	
5	4	8	1	
6	10	5	4	
6	4	9	7	
3	6	3	6	
7	6	6	2	
9	4	2	2	
1	2	6	9	
9	3	1	9	
10	5	6	2	
2	3	3	10	
4	1	5	5	
10	3	4	1	
1	4	9	7	
8	6	7	9	
9	1	10	3	
10	3	1	6	
5	2	1	3	
5	6	2	4	
1	6	2	8	
7	1	5	7	
2	4	10	8	
3	7	9	6	
2	10	10	7	
6	9	1	4	
4	1	10	3	
10	10	9	2	
3	1	4	6	
4	4	5	10	
4	1	5	10	
4	5	2	8	
6	5	2	2	
9	4	8	5	
10	2	1	5	
9	3	7	6	
10	10	8	5	
4	7	3	3	
2	7	7	8	
9	5	3	3	
7	4	4	6	
9	8	9	5	
9	4	4	9	
7	5	3	4	
4	4	3	1	
2	6	8	7	
9	8	4	6	
1	7	8	6	
8	6	8	1	
8	7	7	9	
3	6	8	5	
2	6	6	3	
3	9	5	2	
8	5	5	1	
3	9	5	7	
8	7	2	6	
2	1	7	9	
1	1	7	8	
8	10	1	2	
10	6	10	2	
6	5	1	6	
1	7	4	7	
6	6	3	4	
8	4	8	1	
9	5	6	5	
4	3	4	4	
6	4	6	3	
4	6	9	2	
3	1	5	3	
3	2	6	3	
8	1	2	9	
2	3	7	4	
8	8	2	7	
2	6	9	2	
5	1	4	10	
2	7	5	3	
6	9	2	10	
10	3	10	10	
9	3	9	2	
4	10	2	3	
5	2	8	7	
6	6	4	3	
3	1	4	10	
8	9	3	6	
9	2	6	4	
8	6	7	7	
2	7	4	10	
7	5	7	7	
6	4	6	10	
6	5	8	3	
1	4	7	2	
8	6	3	5	
6	8	8	5	
3	1	10	1	
7	2	6	8	
4	3	7	3	
1	5	8	10	

Stepup times between Families, where [f][f] represents initial setup time
On machine	1
14	18	13	8	17	13	8	20	16	9	11	9	3	1	9	18	17	11	9	18	1	8	13	9	5	12	2	19	18	8	
15	10	3	11	17	5	14	10	6	5	11	8	13	15	20	16	12	18	20	8	7	11	16	17	12	1	15	4	19	14	
1	1	17	19	7	6	7	15	20	15	5	8	3	19	15	17	15	1	14	3	3	3	12	20	15	7	4	17	18	5	
10	8	11	16	5	17	13	20	10	19	18	3	4	1	19	11	8	2	20	19	7	16	12	2	13	4	2	4	9	18	
11	18	6	18	2	12	4	19	11	9	20	20	16	15	11	20	13	12	10	14	20	12	2	9	12	15	10	20	13	13	
10	2	12	12	4	19	19	7	13	6	20	17	5	18	3	15	16	2	12	9	18	18	13	10	3	15	20	7	18	2	
5	18	15	20	19	19	15	12	15	7	9	1	8	3	18	13	9	7	16	18	8	4	7	5	13	6	12	9	2	2	
2	1	16	15	1	8	6	3	20	19	4	17	16	4	3	1	19	18	15	3	6	1	17	3	13	15	10	16	14	15	
16	12	1	17	7	12	16	19	15	4	3	14	8	9	9	19	17	9	15	12	17	19	16	10	11	15	10	5	10	8	
4	10	5	16	4	11	19	8	11	11	8	1	11	1	9	7	20	3	15	12	15	19	20	18	2	9	19	4	4	18	
7	18	15	1	16	16	19	14	18	17	15	7	15	12	1	14	5	14	2	19	15	1	18	16	10	5	5	14	3	6	
15	18	19	5	6	20	7	6	13	2	5	1	7	20	19	3	4	11	15	11	19	16	18	2	5	14	5	4	13	18	
12	12	4	14	5	10	15	11	9	3	2	4	1	16	12	20	12	3	17	19	11	18	18	12	13	13	3	13	15	3	
1	12	7	12	3	17	5	1	2	3	14	3	4	3	13	20	17	6	14	11	11	7	8	3	12	13	10	11	9	2	
2	5	6	20	10	20	3	11	19	18	17	15	2	9	8	11	8	16	7	11	17	5	19	18	8	14	17	15	6	8	
3	16	1	16	3	11	3	5	8	20	3	8	1	8	1	3	5	5	20	11	18	6	13	15	20	16	14	14	3	16	
6	20	16	7	11	14	5	16	20	18	12	17	13	5	4	9	3	15	20	16	12	2	1	3	10	19	15	9	18	1	
5	18	17	19	4	20	14	4	15	11	7	1	16	9	1	7	10	14	20	18	20	16	16	5	1	6	12	15	12	10	
13	17	1	17	6	12	12	10	5	14	14	9	3	20	19	5	19	15	11	7	8	4	3	14	12	8	17	16	11	15	
10	10	9	11	4	7	15	1	12	5	4	20	6	1	15	20	15	12	15	9	13	1	12	16	9	12	4	6	10	12	
4	1	6	18	19	19	9	2	3	12	16	1	19	1	18	11	17	13	20	18	1	13	7	3	10	8	8	5	12	1	
11	18	13	7	15	20	7	12	9	13	6	1	2	11	18	2	2	12	16	15	3	7	18	6	7	1	15	18	17	6	
16	15	17	19	11	3	2	2	14	16	7	9	16	6	5	2	9	15	4	10	12	2	12	8	4	1	6	8	8	7	
2	13	20	1	7	6	15	11	2	8	10	9	12	5	1	2	11	7	12	4	9	12	5	17	2	16	13	3	15	11	
3	3	3	5	8	15	19	11	7	19	8	4	9	4	7	13	9	4	17	16	12	13	20	15	7	18	10	15	11	18	
19	14	18	14	20	2	4	16	14	19	9	5	12	12	1	17	9	9	8	17	2	20	7	6	7	17	2	3	7	10	
8	14	5	2	4	11	20	13	5	6	2	17	8	12	17	16	8	7	10	10	10	13	10	4	10	6	6	1	14	1	
18	16	14	13	2	6	20	4	3	5	1	11	15	17	3	3	11	18	12	20	13	7	7	8	19	10	10	18	10	3	
20	3	18	13	3	9	5	14	16	11	14	14	10	4	16	20	12	11	15	4	3	18	7	20	4	17	11	17	1	18	
3	12	18	11	16	17	10	3	3	3	11	13	5	1	14	1	18	5	14	8	17	9	4	6	7	6	15	2	2	17	
On machine	2
1	2	16	15	9	15	12	1	15	3	20	8	13	1	15	9	7	6	1	8	17	18	4	14	7	8	10	4	9	9	
1	15	1	13	10	20	6	4	17	5	10	1	19	1	10	17	13	6	3	18	16	1	17	12	5	10	8	20	15	15	
3	15	11	9	12	9	12	4	7	2	19	19	19	13	4	10	2	3	10	17	20	10	11	1	2	19	4	13	11	1	
19	1	20	4	13	2	4	4	15	10	18	17	8	9	18	14	1	8	9	17	19	13	5	3	7	15	4	20	8	12	
20	5	14	12	19	19	7	15	20	19	14	18	18	5	17	10	11	17	3	6	15	5	11	6	6	15	8	12	15	9	
5	13	7	10	7	15	6	6	20	18	16	6	6	9	2	13	5	14	18	10	9	1	4	7	7	13	7	2	13	15	
8	10	5	18	12	17	10	15	4	11	1	6	4	17	11	18	20	10	6	10	7	9	13	11	1	17	19	8	16	6	
19	12	5	13	5	7	11	17	5	7	8	15	5	16	4	3	8	1	3	4	12	9	2	10	7	10	4	6	14	2	
1	17	6	7	7	8	7	3	13	4	5	7	20	18	1	19	8	17	5	11	3	19	20	4	4	8	16	10	2	17	
17	4	6	20	20	17	19	5	3	14	20	16	13	16	19	4	1	15	20	3	16	18	12	11	18	9	7	13	20	17	
16	7	11	16	19	7	16	13	3	18	13	20	13	19	19	20	5	8	20	4	16	17	10	9	18	11	1	6	8	11	
2	5	16	16	5	17	8	14	12	11	17	4	12	14	1	3	3	6	2	19	18	19	4	7	10	1	17	12	18	3	
12	7	19	6	20	20	10	15	5	13	1	16	7	18	20	11	15	8	6	19	2	1	5	7	9	13	6	8	9	2	
16	18	14	13	10	14	7	14	7	19	11	19	2	15	15	10	10	11	2	12	4	17	14	14	14	16	17	14	18	1	
10	13	16	17	17	12	4	19	8	11	11	8	8	6	4	8	20	14	2	3	4	18	20	19	4	6	20	11	14	19	
15	20	16	13	17	20	19	17	8	13	1	20	11	10	14	8	6	19	6	11	15	1	20	5	2	17	9	9	8	3	
18	20	5	14	20	5	20	9	19	17	19	18	13	11	3	18	3	1	5	13	12	17	18	16	1	2	4	12	14	18	
1	12	19	13	11	14	12	15	17	2	17	10	13	12	20	12	14	3	5	11	16	14	20	12	10	1	5	1	16	3	
9	6	13	7	19	5	14	16	14	17	7	14	16	12	1	6	10	9	5	17	19	5	16	4	13	11	16	14	19	5	
2	10	8	17	4	3	12	2	13	9	12	12	18	2	18	17	8	13	3	20	11	1	4	14	17	9	15	8	11	18	
19	12	15	2	5	15	15	4	9	6	17	4	4	12	20	5	10	3	5	15	19	18	5	2	18	19	6	16	18	17	
12	10	5	16	10	10	10	12	14	19	2	10	5	13	12	16	6	11	5	4	5	3	10	16	19	4	20	16	12	13	
3	3	11	13	13	2	5	18	17	15	12	19	10	6	2	5	10	10	7	20	5	6	19	18	4	15	12	11	2	9	
6	9	4	10	3	19	12	18	9	15	20	17	14	20	3	2	8	19	9	4	5	17	7	2	4	14	14	6	16	12	
4	9	1	3	2	13	9	16	4	16	12	20	18	18	11	18	12	17	2	15	9	11	4	5	3	11	11	6	18	3	
8	10	2	14	16	8	2	10	8	13	14	16	14	17	7	18	4	6	17	8	4	2	14	7	5	12	6	19	17	14	
13	12	16	6	4	18	20	2	14	3	13	13	10	13	10	10	19	5	13	11	7	3	4	3	4	11	16	11	10	4	
10	3	4	3	7	19	10	2	8	15	3	1	11	16	17	16	9	12	2	6	5	6	20	10	15	2	7	1	12	5	
20	11	1	16	17	1	10	17	8	14	2	7	6	8	3	7	17	9	11	10	12	7	20	13	13	9	16	3	19	19	
18	18	9	12	11	9	2	1	4	4	11	13	3	4	10	3	5	13	8	4	7	1	9	14	15	6	2	8	13	11	
On machine	3
12	18	9	15	7	19	11	7	18	5	18	13	17	9	17	4	14	12	12	6	13	5	5	20	17	4	6	9	12	6	
10	5	10	6	18	3	12	15	2	1	16	11	4	3	3	20	20	6	20	13	20	15	7	3	3	19	4	5	8	20	
1	4	8	17	1	3	8	10	3	14	20	19	2	20	13	14	10	15	15	7	19	3	15	7	4	16	14	10	7	16	
14	17	3	10	15	12	2	20	20	1	4	10	4	17	19	4	17	3	8	18	11	18	7	10	18	14	3	14	8	10	
20	2	12	4	12	16	6	17	15	10	18	3	10	16	14	20	15	11	18	13	3	5	12	3	8	14	16	12	20	14	
9	6	1	16	17	3	18	13	18	5	9	10	5	12	19	8	19	3	6	5	1	16	10	19	17	11	10	10	15	6	
7	15	9	18	8	12	17	16	16	11	6	14	17	13	14	8	18	9	19	11	12	13	1	1	12	1	14	4	1	20	
11	11	16	19	11	3	3	2	17	3	5	20	11	6	6	10	12	12	19	17	9	7	5	20	20	3	19	4	4	17	
13	2	9	4	19	16	7	16	16	4	13	18	19	13	20	16	7	16	16	3	2	14	18	15	17	18	6	2	10	6	
15	3	14	17	13	8	12	7	10	17	13	8	8	15	9	2	10	17	14	18	1	6	12	17	9	7	12	7	16	18	
17	11	10	8	20	13	6	3	19	12	8	19	17	12	3	17	19	19	9	12	2	1	12	12	19	14	7	4	19	3	
14	12	20	1	18	7	7	9	8	17	20	3	20	4	4	10	1	13	5	15	20	1	3	9	4	17	4	16	8	1	
20	5	3	15	15	10	10	20	20	19	13	3	15	19	7	7	13	11	3	1	7	15	19	1	8	14	2	5	11	17	
11	6	16	11	7	20	18	19	3	8	5	1	18	8	5	14	12	13	14	14	20	8	9	11	16	7	3	8	14	5	
5	7	20	12	20	19	8	14	5	12	9	6	8	20	18	20	20	10	12	8	18	13	18	3	15	7	16	3	11	18	
15	12	12	7	16	18	10	6	15	17	17	13	19	18	3	12	3	4	18	8	15	7	9	18	18	20	18	7	10	9	
12	6	2	10	6	5	19	4	4	15	11	9	12	6	14	17	16	12	17	15	1	12	4	3	12	18	14	18	8	3	
8	6	3	6	6	16	9	5	17	19	13	12	14	19	11	14	13	14	2	10	13	1	19	6	11	2	17	13	18	1	
2	10	18	17	2	3	4	1	11	11	16	10	16	11	20	2	3	3	17	17	16	12	19	3	11	9	1	7	9	7	
17	6	1	5	1	3	14	4	15	1	7	6	7	9	11	17	10	2	6	15	13	11	16	7	6	16	16	10	14	19	
12	7	12	4	15	20	13	6	19	11	16	5	5	11	4	1	9	14	16	20	2	18	18	10	9	19	11	16	16	9	
9	12	11	7	2	7	10	11	1	16	6	2	3	19	4	6	3	1	18	2	17	3	5	6	7	17	19	4	13	4	
6	14	19	9	12	17	12	20	5	5	2	17	17	2	7	14	18	19	5	9	6	1	6	19	9	18	17	17	14	2	
17	10	18	17	3	14	17	2	2	10	15	8	19	3	14	19	17	11	2	2	18	9	13	2	6	13	13	5	4	12	
2	16	3	13	4	1	14	20	4	18	3	1	2	14	17	8	3	17	20	12	8	2	13	18	7	10	10	16	20	16	
7	13	15	15	10	6	16	16	16	6	3	16	16	2	5	12	7	8	6	15	1	16	12	20	19	19	4	13	1	20	
4	7	3	17	1	11	6	15	10	4	8	8	12	14	16	15	8	6	2	5	6	7	11	12	7	8	19	9	8	15	
8	13	12	18	19	10	8	8	12	19	2	2	19	2	1	14	4	15	15	16	6	1	18	15	11	2	7	18	2	18	
4	20	11	20	20	20	8	14	17	1	12	10	1	6	12	9	13	13	7	7	2	17	14	7	16	4	16	12	5	18	
16	4	18	7	17	12	20	7	1	13	18	20	13	1	13	3	20	13	20	7	18	5	5	10	18	12	19	14	19	2	
On machine	4
5	11	8	7	4	13	19	6	8	5	3	13	17	15	20	19	3	19	6	20	6	20	4	8	16	19	16	19	3	8	
4	18	12	11	7	17	4	11	8	9	12	19	5	12	4	15	8	17	12	20	19	8	19	7	18	4	3	16	13	20	
12	4	18	10	8	8	16	4	20	2	5	5	13	13	12	14	9	4	10	13	14	7	2	16	15	1	4	10	18	9	
20	19	6	12	6	10	7	15	11	12	6	13	9	2	5	10	20	13	18	2	18	17	15	4	4	4	14	11	13	9	
6	6	19	5	9	17	15	12	11	3	18	11	16	7	1	1	17	4	4	7	1	4	3	5	13	10	13	5	8	19	
18	2	13	6	6	13	18	7	14	14	6	18	7	7	8	11	20	5	6	13	9	16	9	19	6	19	6	15	4	10	
18	1	14	19	12	10	2	16	15	14	19	4	19	14	2	7	8	6	20	10	14	6	18	14	1	11	6	13	5	17	
18	12	18	15	18	18	16	18	3	20	1	13	16	16	9	12	12	8	11	12	10	13	11	3	12	7	7	4	12	14	
2	13	18	17	5	7	13	15	12	18	8	11	17	2	4	16	18	8	9	13	1	1	12	9	19	8	3	14	10	10	
11	19	8	15	9	3	8	18	8	8	3	13	18	1	13	15	17	3	5	6	12	6	18	1	6	18	8	16	10	8	
6	13	12	15	13	19	14	10	9	16	19	3	11	13	4	12	11	17	16	18	6	2	17	16	2	19	19	9	17	13	
13	20	15	8	6	14	20	8	18	4	6	1	1	15	11	8	3	10	17	8	4	4	13	7	6	13	13	20	20	1	
10	17	1	2	5	16	2	4	9	4	13	11	17	9	11	13	6	3	6	15	17	3	6	9	6	10	12	19	3	20	
5	10	2	1	2	10	13	5	4	18	1	13	6	3	16	15	20	20	10	18	18	17	5	19	1	13	1	7	10	14	
9	19	9	16	7	16	11	9	17	19	3	19	14	16	9	18	18	12	20	16	18	13	15	2	7	5	18	9	19	2	
18	13	13	13	8	12	16	16	13	6	2	2	20	12	1	8	4	14	19	17	17	14	2	3	20	17	18	7	9	12	
18	3	4	8	16	1	3	17	5	15	3	17	8	9	18	19	10	7	16	18	18	15	17	8	2	1	1	11	14	13	
9	10	3	13	17	3	15	20	10	16	18	2	18	7	12	9	18	18	14	7	12	3	5	1	4	17	19	19	20	19	
15	5	6	4	11	14	5	19	8	10	20	4	4	13	6	7	4	6	7	1	3	10	10	12	11	14	3	10	19	9	
18	13	9	6	5	17	4	20	19	3	13	19	14	13	17	20	2	5	2	16	14	6	15	6	14	9	8	17	18	13	
7	19	18	5	12	11	14	18	20	20	8	19	8	15	11	11	14	19	15	14	12	15	7	3	20	19	9	6	1	19	
8	1	15	9	18	16	4	5	16	13	9	10	3	4	3	10	12	19	12	1	16	1	8	2	1	20	12	3	19	16	
16	16	6	2	20	6	10	17	5	20	16	20	13	1	13	13	1	11	5	12	17	4	1	6	5	15	12	3	13	1	
15	10	2	16	11	1	8	11	11	9	4	3	14	18	3	18	1	10	1	19	5	10	2	10	4	6	11	20	5	14	
1	16	9	1	15	6	4	17	9	4	1	18	7	20	13	8	10	14	16	19	5	6	9	18	16	16	7	12	14	14	
4	4	11	13	15	15	8	16	4	14	9	5	3	10	7	5	1	9	4	3	2	17	12	20	4	3	6	5	18	16	
13	16	20	6	11	4	6	18	11	12	4	9	2	5	14	9	13	15	11	17	8	9	6	3	6	4	2	1	3	7	
14	18	6	16	6	19	13	4	17	6	2	15	16	5	11	6	9	1	19	18	11	17	2	10	17	2	11	20	1	9	
5	4	15	19	13	4	2	11	17	11	2	17	11	13	3	18	19	6	13	12	7	6	8	19	6	16	10	17	15	18	
7	18	19	13	8	6	8	5	19	19	19	19	9	13	20	13	17	20	16	10	17	2	8	11	19	13	4	17	14	16	
