Factories	2
Families	20
Machines	2
SetupType	2

Number of Jobs in each Family
4	3	9	10	6	6	1	5	9	5	2	9	2	8	6	4	7	1	6	7	

Jobs in each Family
0	1	2	3	
4	5	6	
7	8	9	10	11	12	13	14	15	
16	17	18	19	20	21	22	23	24	25	
26	27	28	29	30	31	
32	33	34	35	36	37	
38	
39	40	41	42	43	
44	45	46	47	48	49	50	51	52	
53	54	55	56	57	
58	59	
60	61	62	63	64	65	66	67	68	
69	70	
71	72	73	74	75	76	77	78	
79	80	81	82	83	84	
85	86	87	88	
89	90	91	92	93	94	95	
96	
97	98	99	100	101	102	
103	104	105	106	107	108	109	

Total number of jobs
110

Processing times of jobs
3	5	
1	9	
8	5	
3	2	
5	10	
7	6	
5	1	
10	2	
3	9	
7	10	
7	7	
6	9	
6	10	
5	2	
5	6	
6	7	
2	2	
6	7	
9	9	
4	1	
8	9	
2	1	
5	8	
3	3	
7	7	
3	2	
6	9	
5	3	
9	6	
2	1	
9	4	
3	8	
9	2	
7	9	
6	9	
10	1	
4	8	
3	9	
9	1	
2	10	
9	9	
3	7	
9	1	
4	3	
10	9	
3	10	
2	10	
1	8	
10	1	
10	3	
6	5	
5	4	
5	4	
10	4	
6	6	
9	5	
6	6	
7	2	
9	3	
5	1	
10	2	
6	2	
3	9	
4	1	
6	1	
8	1	
4	2	
3	8	
8	1	
5	3	
8	8	
3	4	
9	10	
10	6	
10	4	
5	10	
1	5	
1	10	
1	7	
9	7	
9	3	
1	8	
5	3	
6	2	
9	7	
1	4	
10	2	
3	2	
3	4	
10	3	
5	8	
1	2	
9	7	
9	7	
8	10	
2	5	
6	6	
9	4	
8	1	
1	10	
5	1	
2	10	
5	6	
7	7	
3	2	
3	3	
1	3	
3	3	
5	3	
4	6	

Stepup times between Families, where [f][f] represents initial setup time
On machine	1
37	12	32	29	25	47	10	5	13	42	48	50	31	32	43	10	36	23	36	20	
36	22	47	25	19	17	48	13	5	25	17	34	41	7	50	21	45	19	17	30	
2	34	7	45	41	40	13	39	2	21	18	23	13	46	45	7	12	23	6	7	
4	18	49	48	7	17	16	48	1	24	14	37	8	15	36	15	48	40	10	37	
7	33	29	46	50	25	45	15	3	48	49	1	39	36	42	46	29	26	18	21	
16	22	27	17	33	1	11	44	24	3	48	29	16	46	41	2	48	17	15	32	
19	26	32	47	43	12	50	28	33	28	27	8	35	2	3	16	36	38	23	19	
2	43	3	8	21	50	41	25	48	8	40	14	21	29	29	18	11	45	40	17	
9	33	42	41	44	47	30	46	36	49	41	47	20	25	17	44	37	4	27	3	
49	27	4	15	30	17	45	3	24	23	45	37	11	43	1	45	20	33	38	24	
40	35	41	38	21	18	49	15	4	2	18	24	22	1	25	48	10	15	34	34	
25	2	49	14	30	20	3	26	30	1	47	4	29	25	42	38	28	6	39	12	
33	47	15	15	14	32	15	40	10	21	19	39	44	31	49	47	36	42	30	12	
31	18	15	42	44	25	46	29	46	19	43	41	13	20	16	23	44	37	6	9	
25	35	34	3	20	49	9	35	48	10	46	35	41	30	30	45	32	22	23	33	
14	30	14	14	4	11	33	12	8	5	11	25	38	30	13	14	49	29	9	50	
34	25	33	26	32	26	46	47	29	30	7	35	35	6	42	8	23	27	32	36	
39	44	41	10	6	25	8	46	17	20	9	31	32	43	19	26	32	42	34	44	
28	39	14	30	46	12	45	40	28	49	7	49	45	50	26	38	10	2	17	27	
1	32	21	37	37	23	50	25	13	25	46	5	50	21	10	30	49	21	9	33	
On machine	2
22	21	34	44	28	20	41	6	41	19	21	34	36	35	5	31	36	44	18	31	
4	30	14	35	36	23	25	15	41	35	17	41	43	14	43	16	41	41	10	29	
43	29	19	4	30	32	1	13	5	2	2	42	39	31	22	12	19	37	40	5	
9	34	35	4	4	27	25	13	35	48	27	9	3	18	23	5	49	16	19	2	
44	34	6	23	43	23	38	44	6	35	1	37	48	31	13	6	28	22	4	37	
12	34	30	50	32	6	28	27	48	10	14	22	48	8	41	46	34	49	24	31	
28	48	18	36	43	25	50	25	8	23	4	8	32	39	41	43	29	37	12	46	
9	48	8	27	47	37	14	15	2	45	44	7	41	39	19	12	19	16	22	48	
15	13	31	49	2	49	35	34	39	6	17	23	19	10	7	34	46	44	43	23	
42	12	28	42	4	26	46	47	9	15	11	31	8	3	5	8	12	43	10	3	
27	44	3	25	23	20	11	21	28	11	36	47	47	23	36	46	39	30	23	9	
37	41	43	14	6	4	14	11	11	44	23	49	14	5	44	22	38	28	26	26	
28	37	12	7	11	20	31	27	5	10	10	15	32	46	46	43	31	47	28	45	
28	5	7	30	49	24	47	34	25	16	16	16	41	45	4	1	50	34	35	17	
4	6	10	24	34	39	11	47	48	30	49	27	6	22	30	48	19	46	48	3	
17	42	19	3	4	21	34	34	13	43	44	32	10	3	12	13	5	9	31	28	
32	45	26	17	4	23	39	50	4	43	22	24	5	8	32	29	24	45	49	50	
14	4	12	25	3	45	22	9	12	24	46	8	42	29	27	21	49	26	37	29	
19	36	4	13	21	30	19	41	37	10	15	25	44	50	31	3	26	25	25	49	
34	45	27	42	1	29	48	38	12	11	1	5	11	19	12	18	2	17	28	23	
