Factories	2
Families	30
Machines	2
SetupType	3

Number of Jobs in each Family
4	6	8	4	5	10	8	9	7	7	8	6	8	7	1	7	2	1	3	5	3	9	9	9	3	5	4	8	5	6	

Jobs in each Family
0	1	2	3	
4	5	6	7	8	9	
10	11	12	13	14	15	16	17	
18	19	20	21	
22	23	24	25	26	
27	28	29	30	31	32	33	34	35	36	
37	38	39	40	41	42	43	44	
45	46	47	48	49	50	51	52	53	
54	55	56	57	58	59	60	
61	62	63	64	65	66	67	
68	69	70	71	72	73	74	75	
76	77	78	79	80	81	
82	83	84	85	86	87	88	89	
90	91	92	93	94	95	96	
97	
98	99	100	101	102	103	104	
105	106	
107	
108	109	110	
111	112	113	114	115	
116	117	118	
119	120	121	122	123	124	125	126	127	
128	129	130	131	132	133	134	135	136	
137	138	139	140	141	142	143	144	145	
146	147	148	
149	150	151	152	153	
154	155	156	157	
158	159	160	161	162	163	164	165	
166	167	168	169	170	
171	172	173	174	175	176	

Total number of jobs
177

Processing times of jobs
8	1	
5	3	
9	7	
1	9	
5	2	
10	6	
4	2	
2	9	
9	1	
10	1	
1	9	
7	5	
10	2	
6	4	
10	5	
4	5	
8	3	
6	6	
3	7	
5	5	
9	6	
6	8	
7	5	
3	5	
2	4	
2	8	
10	2	
9	8	
4	6	
4	9	
6	2	
3	2	
1	7	
10	3	
1	9	
5	1	
9	3	
8	8	
6	7	
7	3	
6	3	
1	2	
6	4	
4	2	
10	5	
1	4	
1	8	
5	1	
4	4	
2	1	
7	10	
2	10	
6	9	
7	3	
9	10	
10	5	
9	4	
1	2	
10	2	
7	8	
7	5	
3	2	
5	5	
2	2	
4	1	
3	1	
2	10	
3	6	
10	6	
6	3	
7	5	
10	1	
3	1	
7	8	
10	10	
10	4	
3	8	
7	9	
8	5	
1	5	
8	1	
4	7	
6	7	
7	6	
6	7	
2	6	
3	7	
4	5	
6	7	
8	8	
5	10	
10	7	
3	6	
5	8	
4	6	
6	6	
7	5	
2	7	
3	6	
9	5	
10	9	
6	4	
9	10	
1	9	
5	4	
9	1	
4	7	
4	8	
9	1	
2	8	
7	9	
3	7	
1	2	
5	10	
3	1	
7	1	
6	8	
5	5	
3	10	
3	1	
1	2	
1	6	
3	1	
5	1	
5	9	
1	9	
3	9	
10	6	
3	7	
10	9	
2	8	
4	2	
6	6	
5	5	
7	9	
9	5	
2	10	
9	5	
8	5	
6	5	
7	4	
1	4	
10	6	
4	8	
7	6	
6	7	
10	8	
4	9	
6	10	
3	6	
5	2	
7	1	
7	6	
4	8	
8	10	
4	7	
7	6	
5	5	
8	2	
9	4	
3	7	
8	5	
4	8	
10	7	
10	4	
3	6	
6	2	
5	4	
2	6	
8	4	
7	1	
4	3	
10	3	
10	1	
5	1	
1	9	
1	5	

Stepup times between Families, where [f][f] represents initial setup time
On machine	1
73	71	20	64	76	90	20	78	31	5	78	47	12	59	79	17	70	75	62	38	31	83	20	1	86	83	78	4	85	67	
57	54	24	51	95	73	31	59	11	66	76	58	47	91	41	58	4	28	1	45	71	6	44	63	38	89	12	44	37	45	
21	98	39	74	96	70	80	94	76	27	39	95	57	48	78	2	58	4	45	75	56	62	93	46	83	38	3	6	12	72	
60	68	24	43	29	98	13	19	49	20	18	27	70	2	28	6	65	3	46	62	22	50	76	89	56	76	71	4	53	29	
43	89	33	66	43	49	71	14	2	38	80	15	90	17	46	43	13	12	60	24	49	30	40	69	44	7	84	74	53	85	
74	90	69	67	14	34	18	29	61	29	99	12	47	14	84	87	65	90	13	22	17	27	69	99	17	32	17	2	69	93	
96	66	36	41	57	48	53	6	39	17	44	5	82	32	92	87	11	85	1	7	72	73	21	45	27	85	86	58	90	44	
68	57	29	93	89	53	56	58	72	48	65	83	42	20	100	74	18	8	12	21	48	73	1	12	92	81	74	5	68	56	
4	77	35	22	31	77	68	52	50	32	86	33	70	87	33	43	80	54	33	18	14	37	81	57	56	96	46	45	47	34	
93	86	35	24	91	83	47	51	20	12	30	19	79	37	23	83	7	26	51	37	4	65	2	64	55	80	71	27	68	43	
45	72	11	60	2	21	25	5	73	49	11	66	96	10	67	36	79	25	70	9	56	63	5	33	55	99	44	47	12	87	
4	57	18	88	85	77	98	80	87	24	96	62	56	98	89	41	98	78	23	57	76	51	37	14	35	5	6	65	71	21	
23	36	36	1	10	73	94	59	22	26	63	8	65	11	83	43	93	60	20	46	26	17	99	33	18	24	30	39	78	78	
4	13	57	44	10	59	58	47	36	76	51	62	3	33	15	79	4	27	59	28	77	97	53	11	22	20	25	100	22	25	
88	54	63	58	73	25	72	25	54	27	86	21	64	36	57	75	39	42	47	56	52	16	49	51	23	66	49	29	27	62	
44	28	76	66	84	41	36	42	33	53	45	23	4	74	18	5	72	81	56	4	52	63	39	73	44	4	81	75	64	67	
66	75	26	44	1	49	52	2	54	32	36	41	40	42	34	99	41	7	63	68	7	2	15	28	1	25	74	20	63	89	
99	93	26	82	65	76	88	36	97	33	6	10	23	19	34	49	32	47	4	25	76	56	92	95	41	22	86	14	48	62	
28	56	38	18	63	4	90	94	44	17	36	81	49	72	69	88	16	6	38	91	16	84	22	33	98	72	20	35	85	88	
4	36	24	52	45	39	8	3	63	40	74	14	34	44	74	59	14	19	98	4	76	87	96	90	13	95	41	51	26	5	
66	42	84	80	93	82	100	8	65	29	9	91	1	7	37	8	22	85	98	54	15	59	82	83	37	58	25	1	58	46	
77	65	67	84	90	3	33	77	31	97	47	66	57	63	42	6	6	10	65	49	57	3	59	52	44	7	2	17	66	84	
45	29	78	27	1	30	64	16	64	30	19	62	74	16	30	3	4	17	54	10	90	88	63	47	83	22	99	43	32	5	
44	49	85	2	82	27	91	44	40	37	67	63	22	14	73	57	83	69	85	72	8	84	85	56	52	2	59	74	97	62	
74	73	99	97	55	63	56	85	95	35	20	84	9	26	49	82	9	44	10	47	6	97	7	31	51	84	93	88	18	2	
72	53	17	82	72	39	23	3	15	44	17	87	39	10	19	63	61	87	25	14	30	98	77	50	13	68	60	44	52	96	
85	100	6	96	21	42	29	86	44	75	29	29	66	30	65	75	81	12	96	26	70	10	63	54	70	15	65	99	23	25	
62	52	72	88	33	51	89	100	11	85	34	94	77	56	25	42	94	39	2	43	44	94	99	24	97	79	44	34	19	16	
61	90	88	18	14	12	31	1	30	56	87	21	98	36	23	25	20	6	94	2	15	84	44	98	41	93	16	8	16	17	
79	27	70	15	28	27	71	18	98	52	95	51	23	82	32	38	79	55	12	91	93	27	75	89	83	1	36	27	72	51	
On machine	2
62	63	33	31	17	53	80	15	64	41	13	22	41	68	21	92	23	30	9	88	8	35	55	55	63	48	99	20	59	89	
81	78	45	5	17	10	42	39	2	53	1	82	36	24	31	7	80	42	80	11	21	82	53	65	40	58	83	4	75	55	
63	44	91	38	53	97	83	66	30	13	92	19	45	100	42	50	6	45	31	34	38	98	75	50	34	42	76	48	62	34	
47	62	7	10	50	11	3	93	31	56	5	32	77	87	57	51	93	52	46	64	4	30	90	9	15	60	77	80	23	69	
52	5	31	84	56	46	6	16	63	9	77	24	62	95	13	42	80	52	28	61	2	35	98	35	84	23	30	28	18	66	
74	72	62	49	59	15	85	88	4	75	60	84	22	97	6	14	92	68	87	81	39	2	35	63	5	21	59	12	26	61	
30	100	83	10	60	58	79	69	75	53	54	78	47	22	12	25	84	45	6	85	42	12	63	47	80	6	21	99	11	77	
60	52	97	63	8	40	1	21	55	83	14	68	2	86	100	23	76	42	81	21	43	84	60	45	22	60	46	63	70	15	
97	81	37	46	74	42	71	51	34	85	99	9	29	37	54	31	50	80	63	37	88	89	23	26	85	11	85	53	48	11	
80	15	61	48	7	72	58	73	94	42	62	27	40	54	92	45	88	45	53	80	63	86	42	6	2	76	18	66	40	94	
75	73	75	20	70	95	76	85	52	37	95	12	18	85	88	80	44	87	43	99	26	39	22	16	83	7	32	99	51	62	
88	70	26	81	43	86	85	37	59	88	69	21	60	92	18	93	100	1	5	35	58	66	41	2	99	41	58	4	65	66	
31	48	79	54	38	83	77	69	90	82	91	72	60	65	8	91	73	11	21	82	99	74	39	58	89	39	1	63	24	57	
18	52	63	31	47	6	55	68	59	32	24	67	22	14	86	13	55	49	83	61	73	11	88	98	57	19	59	21	86	35	
44	35	5	96	78	15	70	74	64	3	46	73	51	55	15	78	11	26	49	10	42	29	30	28	15	18	80	33	94	41	
93	65	87	85	11	79	61	97	50	89	90	4	91	26	28	6	18	16	10	40	74	89	63	27	47	24	26	83	44	20	
27	89	10	13	32	67	17	85	24	4	98	5	100	60	44	60	35	40	27	96	32	1	6	4	53	25	59	80	73	91	
17	99	17	16	41	58	28	18	33	66	34	24	41	28	35	42	23	18	39	42	54	9	96	39	29	41	41	97	56	61	
86	17	99	99	45	71	6	2	71	21	41	10	84	5	93	83	10	94	42	78	69	19	59	32	67	89	51	57	50	2	
5	53	30	82	54	80	83	25	73	63	24	68	84	8	89	92	13	82	46	13	51	50	76	12	18	93	80	3	84	80	
90	33	90	60	51	48	14	42	62	82	58	82	60	64	37	89	90	25	41	57	75	66	97	88	33	51	91	76	80	6	
4	6	93	77	79	76	97	93	44	52	35	6	30	82	62	28	78	53	82	34	37	27	96	69	60	42	76	35	51	17	
82	37	88	34	57	46	52	11	92	5	2	16	13	90	3	45	82	84	14	32	22	17	73	61	90	82	84	68	92	17	
88	3	47	81	6	1	95	16	9	30	99	14	54	40	97	53	74	1	18	40	53	66	53	29	73	55	40	10	81	28	
61	83	7	12	39	32	68	47	81	60	62	85	58	34	58	37	46	43	92	4	4	81	31	95	12	22	73	49	71	36	
59	17	89	44	65	70	65	64	76	80	79	41	76	12	46	85	40	19	77	5	15	24	16	2	24	62	59	9	62	43	
82	89	94	98	69	8	60	94	70	28	4	12	13	19	25	71	51	65	58	38	98	74	25	53	39	44	64	16	9	29	
74	53	14	4	94	44	88	12	50	51	77	21	87	27	94	51	6	69	32	56	2	45	36	86	12	37	97	58	91	5	
39	19	94	50	46	69	99	23	87	83	34	95	79	82	60	40	90	84	28	72	90	46	31	1	15	66	22	38	21	8	
6	85	44	9	59	23	99	76	81	46	1	13	27	36	79	31	93	76	62	31	81	30	32	1	28	63	81	5	78	10	
