Factories	2
Families	20
Machines	4
SetupType	3

Number of Jobs in each Family
5	2	3	6	9	2	4	8	9	1	3	1	3	8	8	3	10	3	10	10	

Jobs in each Family
0	1	2	3	4	
5	6	
7	8	9	
10	11	12	13	14	15	
16	17	18	19	20	21	22	23	24	
25	26	
27	28	29	30	
31	32	33	34	35	36	37	38	
39	40	41	42	43	44	45	46	47	
48	
49	50	51	
52	
53	54	55	
56	57	58	59	60	61	62	63	
64	65	66	67	68	69	70	71	
72	73	74	
75	76	77	78	79	80	81	82	83	84	
85	86	87	
88	89	90	91	92	93	94	95	96	97	
98	99	100	101	102	103	104	105	106	107	

Total number of jobs
108

Processing times of jobs
1	8	8	4	
1	7	3	5	
3	3	3	8	
5	7	7	8	
2	4	2	5	
9	1	3	6	
5	7	7	2	
4	8	8	2	
4	10	1	2	
8	9	8	8	
6	5	2	6	
2	2	1	8	
7	7	3	4	
7	3	8	3	
2	10	5	6	
8	5	9	4	
5	5	6	10	
5	4	8	9	
6	7	5	7	
1	3	6	3	
8	2	1	8	
9	10	5	3	
2	6	10	9	
10	4	2	6	
6	7	8	9	
5	8	9	6	
3	1	7	6	
4	8	4	5	
4	9	9	2	
2	2	9	9	
8	1	7	10	
1	10	6	9	
6	8	9	8	
1	10	7	4	
6	10	5	5	
8	7	1	7	
1	9	10	6	
2	7	1	8	
1	5	8	8	
3	5	10	5	
7	1	2	6	
5	5	3	2	
4	7	10	3	
4	10	8	10	
6	6	9	8	
1	9	10	10	
5	3	7	6	
8	3	2	1	
6	1	9	5	
2	7	7	8	
1	6	6	3	
10	1	4	9	
8	10	1	5	
7	7	5	5	
5	7	7	10	
6	7	7	8	
10	7	1	9	
5	2	3	5	
8	1	6	5	
6	9	1	10	
3	4	3	2	
6	5	6	10	
9	3	1	6	
9	10	10	2	
1	9	8	10	
3	10	1	1	
3	2	9	8	
6	7	7	7	
5	2	2	8	
10	3	6	4	
5	2	5	9	
9	10	4	2	
5	3	7	2	
5	9	8	3	
3	8	4	3	
4	7	1	10	
2	5	6	6	
7	2	4	5	
6	2	1	2	
4	9	6	5	
6	4	9	7	
7	10	4	8	
6	10	1	8	
7	1	7	7	
4	7	2	10	
5	6	5	8	
8	3	8	2	
7	3	7	9	
10	6	10	4	
6	2	4	10	
2	4	2	2	
1	10	8	8	
10	2	9	6	
1	8	2	4	
1	4	4	7	
10	5	8	9	
10	5	7	8	
4	7	6	8	
9	6	9	2	
3	10	1	2	
2	3	8	9	
7	10	10	1	
5	7	2	1	
10	5	7	10	
2	10	10	4	
8	3	7	3	
7	10	8	6	
9	1	3	6	

Stepup times between Families, where [f][f] represents initial setup time
On machine	1
74	56	98	80	63	6	30	30	10	41	43	90	70	25	39	58	62	61	20	16	
88	5	28	29	86	33	18	18	38	40	93	47	41	75	50	5	67	19	44	36	
9	100	16	60	42	74	9	19	38	67	17	52	63	71	4	55	34	81	81	49	
42	39	35	73	91	23	61	15	39	14	13	63	7	50	90	25	32	76	88	44	
40	80	72	21	90	43	28	38	10	80	60	42	19	94	34	30	59	18	7	9	
1	65	46	80	2	68	64	17	2	90	57	92	80	58	30	10	59	94	71	22	
70	67	7	2	86	86	14	11	30	94	35	95	87	79	42	78	69	82	43	42	
54	82	79	52	82	82	78	20	67	68	62	16	78	98	48	75	89	95	88	99	
70	76	70	66	52	35	58	81	100	75	39	22	15	50	83	75	58	84	77	94	
6	44	85	90	86	80	49	56	9	40	60	43	96	71	43	17	23	14	41	69	
71	81	7	56	49	31	16	37	96	15	27	20	37	8	15	43	26	42	18	14	
59	11	57	17	8	77	23	28	94	36	96	59	70	22	39	53	52	97	51	10	
37	17	35	98	46	10	53	96	46	33	100	99	81	62	32	27	19	40	25	87	
52	52	50	86	69	39	73	36	84	59	52	99	35	80	85	9	26	7	22	75	
42	19	86	38	88	90	92	37	59	66	98	31	21	88	56	87	93	60	78	69	
5	95	74	63	64	49	67	8	66	59	71	91	94	88	37	3	57	91	38	5	
74	73	5	71	21	6	26	24	8	65	77	96	39	55	94	94	74	24	10	63	
85	94	3	24	62	82	89	11	59	32	26	21	58	37	11	96	41	67	23	55	
35	89	88	10	46	24	47	77	71	21	85	87	70	43	15	43	59	28	85	57	
69	19	3	1	89	20	92	76	99	7	40	32	42	86	75	74	14	90	26	91	
On machine	2
1	80	2	2	7	76	26	83	75	37	10	45	29	22	42	55	58	36	95	58	
80	62	92	2	14	62	11	69	67	45	82	80	70	56	81	83	15	31	13	4	
88	46	87	95	74	54	70	89	72	87	77	99	68	4	84	41	81	78	8	17	
26	16	56	12	57	62	15	71	74	49	44	95	84	7	17	36	44	27	39	70	
57	91	65	69	48	44	11	49	29	46	49	89	9	36	44	52	94	94	3	28	
35	74	10	75	41	91	4	75	39	89	63	95	52	25	32	15	98	27	62	62	
85	65	95	62	69	73	37	60	29	4	87	89	48	21	60	20	9	28	95	65	
31	27	4	51	45	80	21	97	36	37	81	69	96	57	13	94	59	63	12	54	
58	59	80	71	24	76	65	7	30	28	10	69	84	31	90	58	72	70	49	20	
72	26	67	62	24	92	44	56	30	14	72	20	57	21	36	65	76	89	58	35	
23	24	78	95	34	59	34	29	53	29	44	31	20	13	80	19	48	63	67	28	
61	70	46	33	90	60	87	43	50	53	23	68	20	68	67	95	45	72	44	70	
24	10	37	58	22	96	70	86	28	50	75	34	70	10	17	97	97	77	1	21	
55	28	7	99	9	32	84	70	49	38	15	19	69	53	68	37	92	97	74	2	
36	16	60	47	4	51	94	81	6	20	89	60	67	9	10	10	22	76	82	27	
42	88	100	40	20	82	18	21	69	85	27	68	100	15	61	15	75	81	8	12	
89	25	67	31	63	98	93	88	7	75	48	55	21	96	78	56	94	77	75	38	
97	28	47	43	92	85	54	96	26	88	85	47	3	79	28	86	49	29	72	2	
96	30	83	52	44	68	50	23	53	37	67	90	12	94	46	19	68	15	24	96	
39	32	2	68	54	59	4	86	98	43	86	62	37	57	23	28	9	17	7	21	
On machine	3
79	47	96	99	90	26	93	12	32	85	63	66	21	8	65	57	64	94	34	70	
83	16	68	95	90	96	47	75	38	23	34	95	98	79	41	24	35	2	16	71	
72	91	3	31	48	50	2	86	99	97	99	58	75	92	37	65	36	35	39	55	
25	69	70	48	92	57	84	41	83	68	30	67	57	84	51	65	61	24	64	57	
17	39	18	11	41	86	74	57	33	85	65	82	93	77	81	80	83	61	82	67	
38	73	44	36	37	2	87	18	66	38	28	68	80	39	88	4	87	52	83	90	
90	11	18	79	29	1	84	20	85	86	34	33	68	72	21	11	14	35	32	86	
36	66	62	43	10	72	76	89	12	44	55	72	68	29	13	47	59	70	61	86	
53	85	12	48	74	23	86	15	38	92	14	76	75	19	21	68	38	99	59	31	
16	19	74	80	5	43	28	65	2	12	48	1	94	63	98	62	86	16	82	68	
39	37	36	72	20	12	85	25	76	100	53	36	99	73	50	77	27	9	19	89	
10	63	4	6	66	73	41	9	74	48	14	87	31	85	6	70	73	62	63	57	
92	43	81	95	24	69	80	27	69	2	83	23	3	54	14	75	4	30	72	97	
32	19	10	11	80	74	42	47	36	57	83	1	62	80	75	69	58	8	23	55	
86	20	92	48	97	95	18	11	32	61	25	12	90	65	53	80	61	26	2	86	
75	89	64	88	82	86	41	4	26	63	89	44	48	77	21	87	76	92	47	43	
50	17	8	56	78	90	19	95	70	82	50	19	92	49	83	46	64	86	57	19	
93	72	82	74	42	42	90	45	88	26	25	93	78	67	38	37	90	69	42	79	
50	6	91	22	82	3	75	31	32	60	43	46	51	12	99	21	100	71	93	1	
49	77	97	52	85	67	39	9	53	16	43	24	59	77	5	16	44	17	65	92	
On machine	4
30	8	92	66	60	62	24	86	74	39	59	83	72	64	3	29	49	61	6	6	
59	45	37	78	40	1	79	65	40	60	69	40	14	50	71	30	45	40	32	68	
60	7	31	95	35	41	66	2	7	76	12	7	31	4	62	22	82	96	5	11	
33	4	26	15	93	21	25	43	96	32	23	60	42	92	23	18	16	66	75	74	
4	98	100	69	95	19	78	27	23	71	52	12	15	28	32	18	85	51	66	79	
39	27	23	81	16	92	55	15	93	68	38	9	38	57	59	23	38	45	6	62	
52	54	96	99	82	42	76	12	31	82	17	64	24	85	9	47	62	95	24	54	
8	43	86	36	86	78	81	49	16	77	22	21	5	25	53	49	90	96	2	53	
16	47	11	66	77	34	24	34	73	79	34	56	67	91	43	74	77	69	33	71	
18	44	93	30	2	19	9	52	31	75	13	62	11	97	15	95	48	37	26	15	
27	67	92	80	48	51	58	39	22	58	87	26	26	14	75	9	80	90	67	43	
30	35	2	82	31	38	10	13	59	68	3	21	50	6	83	66	54	60	67	44	
12	24	28	25	93	23	86	36	85	76	93	31	73	100	17	57	78	24	47	19	
57	61	32	48	16	65	66	66	24	98	1	60	89	36	44	61	71	78	28	53	
87	74	68	10	49	65	1	24	35	37	51	94	62	25	13	85	83	64	38	41	
96	9	77	87	76	50	30	68	9	57	65	32	32	60	43	79	79	96	50	14	
98	39	90	65	22	71	5	15	57	6	75	67	73	77	6	21	13	70	91	96	
21	2	18	3	86	69	10	50	13	91	53	83	82	78	3	68	85	81	25	18	
28	89	52	94	23	54	89	19	56	92	39	37	57	66	30	92	60	87	71	52	
73	91	90	23	17	28	39	83	31	5	8	35	99	87	25	88	14	63	17	64	
