Factories	2
Families	20
Machines	6
SetupType	2

Number of Jobs in each Family
7	10	3	6	4	1	1	3	8	1	8	6	1	4	2	7	6	8	6	1	

Jobs in each Family
0	1	2	3	4	5	6	
7	8	9	10	11	12	13	14	15	16	
17	18	19	
20	21	22	23	24	25	
26	27	28	29	
30	
31	
32	33	34	
35	36	37	38	39	40	41	42	
43	
44	45	46	47	48	49	50	51	
52	53	54	55	56	57	
58	
59	60	61	62	
63	64	
65	66	67	68	69	70	71	
72	73	74	75	76	77	
78	79	80	81	82	83	84	85	
86	87	88	89	90	91	
92	

Total number of jobs
93

Processing times of jobs
10	5	10	4	2	4	
7	10	7	10	3	8	
2	5	9	8	1	4	
2	6	7	10	2	8	
10	7	4	5	1	4	
9	10	7	10	3	4	
2	5	7	9	6	10	
2	8	4	7	6	8	
3	4	5	10	3	6	
8	1	10	1	7	2	
7	2	8	3	1	9	
10	9	10	7	2	6	
3	8	10	10	8	7	
4	4	5	10	10	9	
7	9	10	1	1	5	
5	1	5	10	8	3	
7	3	1	6	7	3	
6	4	1	4	9	6	
3	2	5	7	9	4	
3	8	10	10	7	1	
4	2	9	4	1	9	
8	9	6	7	2	9	
4	10	5	7	7	2	
10	6	6	9	3	5	
10	7	9	7	4	10	
5	8	7	2	5	2	
1	4	8	6	5	7	
7	4	10	4	10	6	
7	4	3	8	2	8	
5	7	8	7	6	6	
4	6	1	4	6	5	
7	9	8	3	7	6	
5	10	1	9	5	9	
3	5	4	7	4	7	
4	7	3	9	7	3	
5	7	3	2	5	1	
5	2	5	5	10	5	
9	1	3	8	2	9	
2	9	9	8	1	10	
7	2	7	5	9	7	
4	8	8	1	4	3	
6	7	1	6	5	7	
8	2	6	7	9	8	
1	2	4	2	3	4	
7	3	2	3	5	9	
7	2	2	7	4	1	
6	9	4	3	8	10	
1	5	5	3	4	7	
6	1	7	4	10	6	
1	3	9	2	6	4	
7	5	5	8	5	4	
1	1	3	1	1	5	
7	2	2	5	2	5	
1	3	1	5	2	2	
2	9	3	5	10	7	
9	1	7	4	3	5	
3	5	1	1	8	4	
3	9	3	6	4	10	
8	8	5	1	7	9	
2	5	8	1	2	7	
7	3	2	5	2	5	
5	6	9	1	7	5	
7	4	9	2	2	8	
8	4	5	5	4	6	
9	4	2	3	6	2	
1	1	10	6	4	1	
4	8	6	2	5	9	
10	6	3	4	9	1	
2	1	7	3	10	6	
4	3	8	6	7	2	
2	6	4	5	2	10	
1	7	9	9	5	7	
8	4	8	10	4	2	
8	4	5	5	3	2	
9	2	4	6	9	6	
1	1	3	5	8	2	
7	8	9	5	3	1	
10	3	7	4	8	7	
3	7	6	1	3	2	
10	3	2	10	2	1	
6	9	9	8	7	7	
3	10	10	5	10	3	
5	8	2	4	1	10	
6	4	1	6	4	8	
3	10	9	5	4	1	
2	5	6	3	5	7	
3	1	5	2	7	1	
6	4	7	4	3	6	
5	1	6	4	6	3	
4	5	2	6	3	4	
8	9	2	4	2	2	
1	4	7	10	6	8	
1	8	8	6	7	9	

Stepup times between Families, where [f][f] represents initial setup time
On machine	1
37	26	9	5	46	3	3	7	16	50	33	22	24	34	37	38	14	4	15	47	
27	28	31	40	34	2	23	1	7	43	27	8	40	7	10	48	2	37	40	31	
3	23	34	40	23	44	48	9	26	14	8	47	11	32	26	8	37	23	37	49	
21	4	18	5	39	25	28	3	46	49	26	49	24	32	44	6	22	38	21	23	
42	36	24	13	9	26	45	27	11	25	42	21	45	27	12	27	48	42	44	21	
28	27	3	18	9	23	2	21	45	45	4	35	7	14	10	13	47	42	14	29	
13	37	8	20	13	5	41	47	12	9	30	33	14	47	16	19	13	46	5	20	
50	3	32	9	35	21	45	8	36	50	33	1	37	9	44	42	39	50	45	6	
11	2	27	13	22	23	38	46	14	32	44	32	11	48	1	40	4	47	20	3	
10	39	29	43	4	9	18	47	21	8	39	32	8	39	6	35	47	16	30	41	
50	4	11	47	32	21	10	47	23	32	31	18	44	17	32	18	7	12	35	6	
24	48	43	5	45	3	6	27	37	49	27	37	27	38	25	47	37	36	18	48	
22	41	33	30	11	12	33	31	50	10	26	16	26	8	36	47	14	22	14	33	
20	42	24	45	33	42	30	47	44	37	8	19	25	5	21	13	11	25	29	18	
37	31	31	40	20	45	40	40	8	14	18	25	40	21	36	8	24	31	10	38	
42	27	37	35	22	26	12	38	32	4	5	42	5	24	44	12	4	3	12	46	
48	14	15	37	25	46	7	43	16	23	4	4	11	42	19	27	20	28	35	48	
7	38	24	26	37	41	2	2	17	46	5	22	44	49	10	43	34	32	16	12	
47	18	13	44	23	6	39	43	7	17	37	5	3	2	5	6	5	20	47	20	
19	39	24	35	49	10	16	35	24	12	20	25	16	9	24	47	40	12	9	22	
On machine	2
40	38	27	9	20	41	41	30	6	2	16	38	50	38	20	16	17	10	50	12	
3	42	14	19	23	38	50	3	30	40	19	49	37	7	19	43	7	49	14	23	
42	48	32	24	16	14	32	19	34	32	41	21	10	12	3	23	49	1	45	41	
5	39	22	37	1	40	36	16	8	46	31	38	7	8	26	8	7	11	23	33	
17	13	22	49	33	32	12	47	43	47	17	6	47	31	7	26	17	42	23	49	
23	2	41	24	17	14	23	10	26	7	13	2	5	40	16	34	26	32	30	28	
34	46	39	50	33	18	11	4	35	21	15	7	10	39	49	40	2	38	2	18	
25	3	47	37	27	24	8	2	9	11	45	49	33	17	49	40	7	11	35	19	
5	34	9	34	15	35	16	8	38	2	32	45	8	15	26	5	34	25	2	48	
32	22	42	2	4	40	30	37	46	40	33	43	42	16	20	34	14	34	13	26	
37	17	44	48	8	19	43	40	22	43	11	39	15	41	44	28	4	23	41	45	
42	50	33	50	8	48	25	8	31	21	49	23	26	28	38	14	41	3	47	49	
5	46	38	40	23	24	48	24	8	49	9	32	36	13	40	37	50	34	37	19	
42	13	43	2	11	5	23	41	8	14	29	38	30	37	44	10	38	50	25	36	
44	36	9	27	36	49	16	47	32	44	50	20	4	18	20	33	1	14	15	19	
24	49	36	40	5	43	16	33	7	3	20	18	1	6	49	35	31	15	8	19	
29	8	23	47	37	42	12	9	19	46	6	21	17	10	40	30	28	40	27	43	
11	33	2	41	33	30	50	41	23	41	45	19	35	3	12	46	13	32	40	37	
3	27	44	28	16	1	20	14	21	26	12	35	44	13	32	32	30	21	22	23	
33	5	40	39	8	10	13	7	2	36	3	19	41	1	31	1	33	46	10	43	
On machine	3
46	35	10	26	20	35	27	32	28	28	14	9	33	26	2	6	7	34	9	14	
22	22	38	2	36	19	48	26	29	6	39	28	39	36	19	2	29	42	11	41	
32	46	34	31	22	42	43	17	38	29	45	33	25	27	6	25	23	30	48	21	
46	10	25	7	26	37	42	5	17	50	15	26	40	34	31	37	34	25	18	19	
38	20	3	6	29	11	24	40	4	9	24	48	27	42	40	17	44	14	25	10	
39	9	12	42	21	29	26	3	37	2	37	50	47	35	24	15	33	32	37	30	
46	28	28	9	27	24	34	36	31	14	40	33	21	24	31	43	8	22	17	49	
43	37	6	14	2	38	6	46	49	39	29	2	31	15	49	10	5	26	30	5	
39	18	10	34	32	1	43	42	17	14	39	21	2	45	30	7	37	14	4	6	
45	32	37	26	23	4	38	11	46	9	40	25	38	32	20	5	14	34	7	1	
28	33	2	15	27	46	46	3	22	1	32	50	29	48	12	34	36	25	32	16	
40	3	18	28	44	8	46	13	4	36	28	5	35	1	9	17	43	12	25	38	
23	23	41	9	33	43	39	35	16	34	48	15	40	4	9	5	41	41	19	41	
2	25	28	21	22	40	18	25	16	20	2	26	6	22	26	43	33	11	35	2	
9	5	3	1	48	35	15	43	45	25	9	7	47	35	8	7	29	39	28	1	
35	30	29	27	2	29	36	26	39	47	33	50	7	46	26	33	14	16	45	38	
18	8	33	20	19	41	24	19	18	29	14	50	28	25	4	9	10	45	50	7	
9	1	44	21	21	7	37	32	4	4	14	2	45	10	9	7	3	50	41	8	
48	40	37	7	35	25	12	7	24	6	48	29	17	43	36	41	41	3	43	26	
36	47	30	21	32	50	14	28	31	10	45	36	43	42	20	32	30	16	17	12	
On machine	4
25	34	19	18	22	44	34	42	42	35	45	43	22	23	8	27	28	21	19	36	
34	35	34	39	9	5	40	32	17	39	50	29	37	23	27	39	42	29	36	16	
31	28	16	36	44	19	50	32	42	33	14	13	42	13	8	37	20	2	19	8	
20	40	20	26	24	2	43	5	1	28	31	25	12	6	5	20	14	23	21	8	
16	50	16	2	33	44	12	41	46	13	12	22	8	17	28	11	24	2	29	8	
17	23	19	1	25	32	15	40	42	6	7	19	10	40	13	8	19	40	44	26	
25	32	39	33	17	1	45	9	47	26	20	15	28	30	17	22	21	22	43	16	
41	16	15	13	13	6	22	47	10	45	30	8	27	46	42	25	48	32	3	19	
49	45	9	23	16	39	6	14	1	10	9	14	19	13	16	30	46	22	47	46	
32	24	2	5	18	5	50	47	18	48	5	4	19	36	30	8	33	5	20	31	
19	19	38	30	18	48	33	16	1	30	33	44	9	8	31	5	19	34	36	6	
11	10	45	36	11	26	4	39	12	41	50	33	8	39	48	18	10	27	31	23	
13	11	33	9	32	22	16	10	26	24	13	38	41	16	13	3	46	46	49	47	
49	11	14	32	48	32	32	14	5	35	49	4	36	30	22	19	23	20	40	20	
7	42	34	44	39	29	30	49	27	29	18	42	10	31	3	45	23	46	38	30	
3	20	18	48	38	41	19	13	20	48	50	45	40	34	11	15	2	39	17	14	
36	33	9	26	5	5	15	25	45	14	38	4	46	24	8	32	37	48	47	28	
45	17	46	19	7	2	11	21	24	48	11	4	9	12	7	34	32	38	5	26	
44	7	12	6	3	30	14	50	15	44	23	9	32	46	20	10	18	36	9	29	
16	35	13	49	11	9	23	9	33	43	34	41	32	49	15	49	24	26	19	36	
On machine	5
22	25	19	31	35	19	23	28	19	45	38	49	6	26	27	39	7	42	40	6	
2	30	5	15	35	50	7	26	11	48	34	41	23	5	30	12	20	44	27	43	
21	24	3	6	2	20	31	30	29	39	35	24	13	1	13	28	30	24	6	38	
32	6	8	40	12	20	27	34	37	13	47	41	13	2	21	29	28	21	48	1	
38	7	40	41	42	6	10	1	9	2	23	15	17	11	32	3	4	23	39	4	
3	38	36	13	23	33	27	48	24	31	22	17	14	34	28	13	28	18	1	18	
27	40	24	1	48	10	35	13	10	23	49	45	12	50	39	18	22	20	50	4	
46	43	50	27	33	29	43	43	9	47	4	8	11	40	48	1	23	23	7	31	
38	33	16	19	14	20	11	39	50	23	27	31	48	1	29	1	39	40	26	42	
7	37	25	10	13	15	28	10	2	36	9	45	50	12	7	21	35	34	28	4	
29	48	18	24	18	37	36	31	22	29	37	18	24	19	41	26	39	40	2	25	
16	41	11	38	36	15	12	40	39	20	5	21	46	30	20	26	43	48	16	26	
26	1	46	22	14	28	11	3	24	1	13	32	41	31	6	39	36	11	12	22	
16	4	16	43	3	17	10	20	5	26	13	33	23	28	27	35	43	4	42	30	
21	30	33	31	18	35	12	4	41	5	27	14	12	49	12	15	19	47	19	4	
24	7	32	17	36	50	33	13	47	35	23	27	32	34	5	2	8	23	36	34	
39	8	21	21	18	9	15	14	44	25	36	4	46	36	1	48	17	28	18	12	
7	50	28	40	6	37	13	47	49	45	45	26	49	2	45	27	37	36	18	40	
11	45	40	40	23	27	39	48	21	12	48	45	21	47	5	46	43	17	32	36	
49	43	9	18	25	33	44	9	13	5	46	9	18	19	50	8	33	45	40	45	
On machine	6
3	2	46	24	3	8	16	32	7	38	45	15	29	42	27	14	4	22	50	9	
49	23	23	47	31	48	30	4	24	10	19	13	43	19	40	15	32	21	4	13	
44	17	39	38	26	40	17	27	34	24	21	44	15	42	1	40	12	32	45	13	
7	44	1	38	11	36	49	20	39	43	43	46	36	9	45	9	46	33	10	16	
18	16	40	11	15	8	23	4	23	10	4	36	10	6	36	20	5	15	18	48	
47	49	13	5	25	36	34	25	4	8	22	36	34	8	13	18	33	26	39	1	
40	42	24	32	8	10	9	47	41	18	32	5	35	20	48	4	39	28	17	27	
36	3	44	47	49	16	1	16	38	34	20	17	43	6	44	25	13	35	50	27	
50	47	48	8	11	3	11	6	39	29	46	50	8	11	13	12	43	8	26	3	
44	26	15	36	5	33	11	14	46	1	48	5	10	36	50	18	49	3	16	48	
47	22	14	26	20	26	33	18	29	6	32	38	34	30	11	19	36	25	48	9	
17	30	13	44	17	25	9	8	40	9	8	30	24	11	36	29	20	30	19	47	
49	18	36	42	25	11	37	23	42	2	14	2	13	45	44	13	31	42	39	26	
38	44	17	15	41	18	21	48	36	24	9	8	49	38	17	11	25	6	46	15	
11	5	30	29	6	24	36	12	30	15	12	6	30	39	34	26	3	36	14	48	
16	28	32	9	3	45	37	42	33	35	47	39	49	14	4	49	15	33	18	3	
20	44	37	36	5	40	6	31	15	42	22	6	21	17	24	31	39	24	38	36	
10	24	41	37	8	5	39	22	10	3	15	25	11	11	3	34	48	17	18	43	
31	38	24	42	43	3	28	37	27	31	1	27	49	1	36	46	44	15	6	32	
28	42	9	27	9	9	17	32	24	23	33	3	33	40	21	40	43	46	29	17	
