Factories	2
Families	30
Machines	2
SetupType	1

Number of Jobs in each Family
8	2	10	9	7	10	6	7	6	9	6	2	6	9	8	1	1	10	4	4	8	7	5	9	5	1	6	8	4	6	

Jobs in each Family
0	1	2	3	4	5	6	7	
8	9	
10	11	12	13	14	15	16	17	18	19	
20	21	22	23	24	25	26	27	28	
29	30	31	32	33	34	35	
36	37	38	39	40	41	42	43	44	45	
46	47	48	49	50	51	
52	53	54	55	56	57	58	
59	60	61	62	63	64	
65	66	67	68	69	70	71	72	73	
74	75	76	77	78	79	
80	81	
82	83	84	85	86	87	
88	89	90	91	92	93	94	95	96	
97	98	99	100	101	102	103	104	
105	
106	
107	108	109	110	111	112	113	114	115	116	
117	118	119	120	
121	122	123	124	
125	126	127	128	129	130	131	132	
133	134	135	136	137	138	139	
140	141	142	143	144	
145	146	147	148	149	150	151	152	153	
154	155	156	157	158	
159	
160	161	162	163	164	165	
166	167	168	169	170	171	172	173	
174	175	176	177	
178	179	180	181	182	183	

Total number of jobs
184

Processing times of jobs
6	4	
3	7	
10	8	
10	3	
10	6	
3	10	
10	9	
3	8	
9	5	
9	1	
8	6	
5	2	
1	1	
10	8	
3	6	
6	6	
8	8	
10	10	
6	4	
9	4	
4	1	
7	7	
7	2	
9	7	
7	5	
1	10	
6	1	
4	7	
4	3	
7	5	
2	3	
1	4	
8	7	
7	1	
6	6	
4	6	
7	10	
1	2	
1	3	
1	2	
7	10	
10	1	
9	9	
9	8	
9	4	
2	1	
6	5	
8	4	
10	5	
1	10	
7	1	
9	5	
1	6	
3	1	
3	5	
9	8	
7	3	
7	2	
6	5	
4	3	
3	2	
10	5	
3	9	
9	8	
2	7	
6	9	
8	4	
5	5	
3	6	
6	7	
8	7	
3	7	
10	4	
4	10	
9	2	
6	6	
6	9	
9	3	
2	10	
10	5	
4	2	
9	6	
2	3	
6	6	
4	8	
2	8	
4	5	
5	1	
4	1	
10	7	
1	7	
9	4	
3	1	
6	3	
1	7	
7	2	
3	10	
8	1	
6	3	
7	2	
7	10	
7	7	
1	8	
1	5	
8	9	
3	2	
4	6	
8	5	
4	4	
3	5	
7	1	
4	9	
2	8	
1	8	
5	7	
1	2	
1	9	
3	6	
10	7	
3	1	
7	3	
7	7	
9	7	
10	3	
10	8	
4	6	
5	6	
4	4	
2	10	
10	7	
2	3	
10	2	
9	10	
4	5	
7	4	
2	3	
10	10	
8	10	
8	2	
9	1	
3	5	
7	7	
4	2	
5	7	
5	1	
9	10	
6	2	
10	2	
8	4	
4	5	
1	6	
4	4	
10	3	
4	8	
10	5	
9	2	
10	3	
2	6	
1	6	
6	3	
8	8	
10	8	
3	6	
2	6	
2	10	
1	10	
7	9	
10	2	
5	6	
6	5	
2	4	
7	6	
8	10	
4	5	
8	5	
8	7	
4	9	
1	6	
10	3	
7	7	
2	6	
7	10	
8	2	
3	7	

Stepup times between Families, where [f][f] represents initial setup time
On machine	1
4	15	8	15	4	20	16	1	9	15	13	9	10	19	19	15	6	2	9	13	9	2	5	9	19	8	9	11	3	12	
15	16	13	9	19	3	7	2	20	8	12	17	16	16	1	3	1	9	5	8	12	15	8	5	11	6	4	7	9	12	
19	1	12	5	19	13	16	9	3	11	6	13	17	7	15	10	1	4	6	7	17	12	12	14	4	14	3	13	16	18	
16	12	15	20	9	17	2	11	5	15	13	3	6	8	17	1	5	15	19	18	20	5	17	11	9	13	2	19	13	1	
6	5	11	19	11	20	13	2	1	12	4	18	1	19	4	1	16	15	10	2	6	10	2	18	17	4	19	18	14	19	
9	20	19	9	8	1	14	5	18	14	13	7	3	1	2	13	16	3	13	2	14	4	8	15	3	11	2	3	6	11	
15	19	19	12	15	9	17	18	4	8	19	18	10	8	12	10	5	4	14	4	5	13	18	9	17	9	9	4	16	12	
18	17	17	1	3	14	9	13	13	9	15	7	16	14	15	12	13	3	13	9	14	14	7	5	20	5	18	12	7	1	
18	12	11	11	9	20	1	10	14	18	20	7	8	13	17	17	16	2	4	14	15	2	8	5	12	9	9	8	7	1	
1	9	9	10	18	19	15	9	9	8	5	11	17	8	6	3	10	5	6	14	16	5	19	18	13	7	8	1	17	17	
15	19	7	10	20	14	17	7	14	2	19	4	15	8	6	16	19	7	3	16	13	9	9	8	16	17	7	15	2	1	
13	2	6	7	17	18	8	9	5	9	11	18	20	13	19	5	6	11	15	20	16	7	16	1	11	1	10	8	7	16	
10	14	15	17	2	4	12	2	13	2	15	3	18	1	14	4	14	11	9	12	7	2	17	18	4	5	14	15	10	18	
10	7	10	3	17	15	16	6	18	2	10	10	1	2	18	12	7	5	3	5	15	13	11	10	10	17	8	10	6	13	
8	7	2	16	15	4	5	11	15	9	4	5	4	11	13	17	15	10	5	12	3	4	12	4	14	7	8	3	17	14	
15	20	3	12	1	19	20	2	17	11	1	18	6	1	2	19	2	2	10	7	2	5	6	14	13	18	20	6	5	6	
6	16	13	12	12	20	10	19	7	15	8	17	6	20	17	20	16	1	3	7	15	12	13	19	7	6	20	18	19	13	
19	4	17	8	9	12	15	19	8	18	8	6	10	6	7	3	19	19	12	2	6	5	5	4	1	15	3	1	14	6	
1	18	20	10	3	15	9	18	7	6	1	2	4	20	6	14	12	8	10	14	8	17	10	20	5	11	12	13	1	17	
15	16	2	5	14	20	6	4	14	12	12	4	4	12	6	11	6	13	12	14	20	9	8	14	11	16	6	9	1	1	
14	9	8	9	11	8	15	9	6	7	17	3	19	1	5	16	4	10	17	15	4	13	7	19	13	9	17	4	9	19	
20	7	5	1	11	13	15	5	5	15	14	5	16	15	16	17	20	5	15	10	15	19	11	18	2	13	11	3	8	2	
17	8	17	3	19	18	6	8	20	7	3	20	7	17	1	8	2	1	1	17	17	10	16	18	18	4	9	3	9	3	
12	8	7	1	12	8	16	15	4	10	7	11	17	5	5	7	15	6	14	16	8	6	14	10	1	16	12	7	11	1	
15	2	1	3	3	1	1	15	19	20	20	2	2	8	2	14	2	12	17	8	15	15	17	17	6	18	12	1	18	19	
6	19	19	3	12	7	16	20	20	20	16	9	16	2	9	2	12	6	9	3	5	19	14	9	16	18	4	15	18	1	
12	1	1	1	2	18	15	7	19	6	18	19	16	15	11	12	8	2	2	7	16	8	18	19	11	2	9	4	12	20	
3	3	5	12	12	14	11	19	7	1	15	8	1	11	19	18	13	8	9	6	12	15	8	8	4	4	13	2	1	13	
3	9	20	4	6	9	16	7	8	7	1	11	1	9	6	10	13	16	2	8	15	8	7	19	12	13	11	6	8	14	
10	19	1	19	7	5	18	15	19	20	17	5	11	14	16	9	10	14	20	15	18	19	12	4	1	7	5	2	7	8	
On machine	2
2	17	6	3	13	9	6	3	10	14	18	9	11	1	11	18	1	5	19	20	19	2	13	12	20	13	3	7	2	4	
8	7	12	11	15	9	12	3	11	1	17	14	17	6	10	16	3	18	4	8	11	16	4	6	3	20	5	3	1	10	
12	17	14	16	9	5	19	17	13	18	8	2	12	4	17	14	1	1	1	12	16	18	20	9	15	17	4	15	4	2	
16	14	6	16	13	16	18	10	4	14	9	1	4	1	11	7	20	18	17	12	4	6	17	8	8	1	10	1	4	1	
20	3	18	9	9	1	9	18	2	2	8	10	3	12	15	7	1	19	19	6	13	9	3	1	1	9	14	6	6	10	
12	17	18	1	1	12	13	17	15	5	3	9	18	3	12	8	20	8	18	1	7	2	10	9	4	1	9	9	18	5	
6	18	6	9	5	12	19	19	1	11	5	12	17	12	6	2	4	15	5	8	19	20	7	18	20	12	14	18	8	8	
7	18	7	12	19	11	19	9	2	13	2	15	5	12	1	15	12	7	10	4	1	7	16	16	10	14	10	8	5	7	
16	19	3	5	12	9	8	12	12	3	5	16	7	10	1	9	19	20	20	5	14	4	20	4	4	10	18	13	4	3	
1	10	13	18	5	1	7	14	8	12	17	10	7	6	13	7	7	11	10	13	6	2	10	13	2	12	16	5	14	4	
7	4	6	13	12	7	1	4	16	4	10	2	10	18	2	16	11	6	1	1	19	1	6	12	15	10	4	15	4	13	
10	11	19	11	1	9	1	16	12	16	8	11	20	8	14	12	1	10	6	16	17	5	5	20	8	8	16	15	12	5	
7	2	6	14	3	17	12	14	19	12	16	6	19	13	13	12	2	4	16	15	14	8	18	9	1	19	20	2	7	13	
19	10	5	5	6	16	8	9	16	3	18	15	18	10	20	20	12	3	5	20	7	1	18	2	20	10	3	17	18	6	
8	19	9	9	7	9	2	11	5	16	9	2	20	2	2	11	16	3	11	13	16	14	10	14	19	15	11	20	10	19	
11	7	8	14	3	11	13	15	2	1	3	4	12	5	6	16	5	11	10	3	13	14	3	13	13	11	20	14	19	2	
18	19	13	2	3	8	7	12	6	9	10	15	10	15	19	1	3	13	13	12	11	15	6	13	5	9	16	20	14	7	
16	2	17	15	2	12	20	11	11	4	15	2	10	5	1	1	20	2	13	10	8	3	11	3	18	15	18	15	4	13	
4	2	10	10	16	3	4	18	12	15	9	3	3	15	6	18	12	4	18	19	8	18	16	4	17	7	17	20	3	18	
7	17	15	12	9	15	18	1	17	15	2	14	15	1	7	14	15	12	9	6	12	18	9	9	15	10	1	8	16	12	
16	7	14	2	14	8	17	9	16	3	15	14	7	2	20	5	7	18	7	9	17	14	8	5	20	20	15	3	16	5	
13	3	8	20	10	18	2	2	18	16	13	17	8	10	14	14	16	20	18	7	12	6	7	13	13	9	4	2	14	17	
14	3	17	13	8	7	1	2	3	7	5	3	3	13	11	4	8	11	19	10	9	14	20	15	1	10	15	6	6	11	
15	5	6	12	13	9	8	4	1	18	8	2	4	16	18	9	16	16	9	12	4	11	11	6	5	8	11	1	18	8	
9	20	2	3	1	6	15	12	7	1	1	5	18	8	16	1	19	4	15	14	4	5	9	10	12	3	1	20	18	11	
10	11	14	20	11	3	19	5	13	6	1	20	8	13	4	7	6	3	18	7	12	18	2	14	5	13	6	6	6	8	
2	2	7	2	1	3	6	4	2	19	9	15	7	8	16	4	3	5	9	9	14	17	19	7	10	4	5	6	3	9	
7	13	18	5	13	14	1	13	7	15	17	10	5	15	17	14	12	11	2	1	8	17	4	6	16	2	17	6	7	6	
15	11	12	12	14	5	16	15	2	15	2	9	10	6	3	17	18	9	12	14	10	8	5	13	16	6	19	7	14	5	
8	13	15	13	17	20	20	20	12	17	13	8	7	16	14	9	17	10	11	9	8	17	15	17	15	15	8	18	20	18	
