Factories	2
Families	40
Machines	4
SetupType	3

Number of Jobs in each Family
7	3	10	2	2	7	4	10	3	4	1	8	8	6	6	8	3	4	7	3	4	7	5	3	4	2	7	7	2	3	1	4	8	2	6	6	8	7	7	5	

Jobs in each Family
0	1	2	3	4	5	6	
7	8	9	
10	11	12	13	14	15	16	17	18	19	
20	21	
22	23	
24	25	26	27	28	29	30	
31	32	33	34	
35	36	37	38	39	40	41	42	43	44	
45	46	47	
48	49	50	51	
52	
53	54	55	56	57	58	59	60	
61	62	63	64	65	66	67	68	
69	70	71	72	73	74	
75	76	77	78	79	80	
81	82	83	84	85	86	87	88	
89	90	91	
92	93	94	95	
96	97	98	99	100	101	102	
103	104	105	
106	107	108	109	
110	111	112	113	114	115	116	
117	118	119	120	121	
122	123	124	
125	126	127	128	
129	130	
131	132	133	134	135	136	137	
138	139	140	141	142	143	144	
145	146	
147	148	149	
150	
151	152	153	154	
155	156	157	158	159	160	161	162	
163	164	
165	166	167	168	169	170	
171	172	173	174	175	176	
177	178	179	180	181	182	183	184	
185	186	187	188	189	190	191	
192	193	194	195	196	197	198	
199	200	201	202	203	

Total number of jobs
204

Processing times of jobs
2	9	5	4	
7	2	1	7	
3	5	4	5	
9	4	3	5	
7	8	9	6	
4	3	10	2	
7	3	1	5	
2	2	7	2	
7	6	6	1	
10	1	4	2	
8	4	5	2	
1	10	4	2	
3	1	8	9	
7	7	3	5	
10	3	1	6	
5	2	3	8	
8	8	7	6	
3	1	7	2	
6	9	3	7	
4	8	8	10	
2	6	10	3	
4	1	3	5	
7	4	3	3	
7	7	6	4	
3	3	1	5	
8	5	4	7	
7	6	2	7	
7	10	2	4	
4	4	2	5	
3	6	2	2	
10	1	3	4	
7	8	4	2	
6	8	9	3	
5	6	2	9	
7	2	2	6	
10	6	7	7	
9	5	4	5	
2	1	1	6	
7	8	4	1	
9	9	10	3	
5	1	4	1	
8	1	10	4	
9	5	6	9	
3	8	6	1	
3	1	5	10	
10	10	8	5	
7	1	7	9	
7	3	4	2	
9	8	5	3	
4	10	8	3	
5	8	9	2	
10	8	6	2	
9	8	9	2	
9	5	5	9	
8	5	5	5	
7	10	9	5	
8	8	1	2	
5	2	2	6	
8	7	7	10	
3	1	10	10	
3	9	6	6	
2	3	7	3	
2	4	9	10	
7	2	1	2	
6	7	9	8	
10	1	3	7	
5	2	1	6	
10	8	3	3	
6	3	7	9	
2	8	5	2	
3	6	8	4	
3	6	3	8	
5	6	9	2	
10	9	5	5	
4	8	2	4	
7	3	8	9	
5	4	1	9	
7	2	5	5	
7	6	1	5	
9	2	4	6	
1	3	4	7	
3	5	9	9	
1	9	3	7	
2	8	6	2	
2	2	6	1	
5	8	7	10	
4	1	8	2	
5	4	9	7	
2	6	1	9	
7	5	2	3	
6	9	5	3	
8	9	1	4	
1	7	8	10	
10	10	10	7	
8	8	2	4	
8	7	7	10	
4	6	5	9	
8	1	3	2	
7	1	4	3	
3	9	8	7	
3	2	6	4	
10	7	8	9	
7	2	4	7	
8	7	8	1	
1	3	7	10	
10	6	3	5	
9	1	8	10	
4	1	8	9	
8	3	4	2	
1	5	2	1	
9	4	5	6	
5	6	1	6	
1	5	10	4	
3	2	5	4	
1	5	6	10	
6	5	10	2	
9	6	7	3	
9	6	10	7	
10	9	4	4	
7	1	10	6	
1	3	9	2	
1	7	10	9	
3	8	6	10	
3	1	1	4	
10	10	6	1	
1	7	10	4	
5	6	8	9	
4	4	6	2	
1	8	10	3	
1	8	10	3	
6	3	9	3	
5	5	7	4	
8	2	8	5	
5	10	8	9	
2	4	6	10	
6	4	3	8	
10	3	6	1	
7	7	10	3	
4	10	4	1	
1	7	1	3	
7	4	2	8	
1	1	10	3	
9	9	4	4	
9	5	6	7	
9	3	4	2	
1	3	3	2	
9	3	10	5	
2	8	9	8	
9	2	10	8	
1	1	7	2	
6	3	5	3	
6	5	8	6	
1	7	1	7	
9	8	2	5	
1	10	4	2	
4	5	6	1	
10	5	9	7	
9	2	6	10	
3	6	10	8	
3	9	5	9	
1	4	6	5	
7	8	6	2	
4	7	5	4	
6	8	2	8	
8	5	1	2	
7	4	2	2	
9	5	4	10	
5	3	4	5	
3	5	4	3	
3	6	10	1	
9	10	2	9	
10	1	8	10	
10	10	1	2	
5	4	1	3	
3	9	8	3	
6	6	9	3	
8	1	8	7	
5	4	9	7	
8	1	9	4	
8	3	9	2	
4	2	3	8	
7	8	4	4	
7	2	7	3	
5	6	9	1	
2	10	5	1	
10	2	2	9	
10	3	1	10	
4	2	8	2	
7	8	2	6	
10	3	8	9	
4	2	6	3	
4	9	4	9	
2	2	6	3	
4	1	10	3	
2	7	1	10	
4	4	10	5	
8	1	3	10	
4	8	4	5	
8	1	2	2	
6	4	3	4	
10	1	7	4	
4	4	9	4	
6	8	8	5	
4	8	9	10	

Stepup times between Families, where [f][f] represents initial setup time
On machine	1
11	53	33	42	92	86	73	36	17	1	78	13	79	9	71	35	13	8	53	78	67	35	92	87	4	22	55	19	6	32	64	19	84	54	11	94	51	77	25	21	
77	19	40	14	98	82	97	87	75	33	41	81	89	54	96	38	62	81	43	28	7	77	88	59	85	76	55	54	31	98	59	77	68	12	73	85	33	94	4	57	
71	46	54	96	50	3	14	10	68	86	19	35	71	31	88	37	92	22	80	6	78	8	83	38	10	80	34	46	85	3	88	81	91	71	85	69	33	18	91	26	
69	70	2	39	59	72	48	61	8	2	23	56	51	93	78	87	20	95	2	43	72	79	20	3	56	66	17	11	73	22	46	22	52	10	70	32	80	1	30	48	
73	22	47	82	58	83	36	12	16	60	86	50	92	83	76	48	22	26	91	55	20	96	72	47	67	8	88	7	89	70	28	61	22	31	5	47	54	67	16	86	
47	21	13	7	95	63	45	83	10	14	71	67	37	36	37	23	29	44	82	47	61	87	50	40	61	76	72	48	13	85	91	20	30	56	72	76	43	50	51	88	
2	99	12	6	72	58	44	25	54	100	68	28	50	43	9	37	57	79	17	8	90	97	5	42	43	82	39	83	19	98	61	88	88	53	27	93	53	66	78	30	
54	26	85	95	95	19	93	17	78	94	63	11	57	50	41	89	36	83	49	52	46	13	84	18	46	48	19	11	60	83	58	100	9	43	62	79	79	47	61	87	
57	15	27	5	30	45	91	76	84	82	26	29	74	52	68	26	30	27	81	68	21	54	81	38	32	76	55	12	8	11	49	68	60	68	13	63	81	67	24	31	
66	5	88	60	94	63	100	73	87	72	100	4	76	39	18	29	97	82	39	18	97	19	67	90	16	53	84	88	58	90	44	91	60	46	40	48	14	41	76	26	
28	33	81	20	85	90	10	63	81	92	18	50	14	95	97	64	57	72	29	45	30	70	98	39	41	70	13	30	26	76	33	1	3	63	60	43	25	75	77	50	
28	40	17	55	75	82	63	75	12	95	23	24	43	57	43	3	17	45	29	96	2	2	83	58	55	50	56	62	14	81	42	38	11	96	88	78	76	81	94	25	
75	64	35	48	30	81	6	23	60	42	64	9	34	80	9	38	96	21	85	27	61	54	5	89	68	98	34	86	65	8	97	89	40	57	92	62	36	27	56	84	
10	3	23	14	90	18	4	20	2	74	84	20	19	20	71	9	73	55	88	11	71	35	85	23	65	86	75	12	91	35	36	13	39	70	98	61	59	16	31	33	
13	71	81	81	58	28	56	86	96	46	73	49	72	18	42	28	44	37	59	1	73	61	31	19	51	92	72	57	43	89	67	84	73	17	95	76	32	77	11	78	
7	89	66	21	29	36	95	47	31	97	42	29	41	85	65	53	14	85	54	2	27	11	24	21	55	48	35	3	8	93	65	95	9	98	71	42	51	50	45	4	
84	21	9	56	70	70	1	11	64	69	7	61	44	68	89	8	97	8	69	89	1	46	22	56	2	98	47	56	28	80	99	99	58	70	74	7	54	34	48	1	
2	68	88	61	44	73	90	18	68	40	20	51	45	65	89	58	53	45	46	72	70	94	42	81	73	8	73	30	32	15	49	12	94	41	8	86	61	22	96	70	
9	26	68	72	23	98	82	44	60	35	10	21	31	16	94	37	49	99	33	3	60	70	93	71	69	49	40	85	38	62	19	92	86	84	86	28	95	45	26	66	
58	100	68	99	85	22	18	72	38	14	3	68	42	74	7	90	96	28	76	1	74	67	6	61	69	67	38	88	45	26	53	56	39	3	79	99	51	7	86	97	
24	91	27	92	66	93	92	22	1	78	35	38	47	55	50	28	56	34	75	18	97	48	34	23	3	53	89	36	64	20	7	40	91	40	100	72	36	9	24	34	
82	39	89	97	52	71	83	89	49	11	42	81	31	37	14	90	43	86	34	90	14	65	69	1	19	38	78	98	68	91	18	66	66	18	76	36	97	11	40	57	
10	28	38	62	39	39	80	22	53	50	43	37	64	30	27	97	24	100	10	57	98	31	99	43	45	28	49	46	10	86	69	15	73	19	92	79	97	18	93	30	
26	21	36	14	34	54	18	19	87	80	32	62	42	69	62	64	78	17	23	8	63	70	91	63	65	54	84	11	62	32	53	2	86	18	52	84	88	3	13	39	
18	64	71	91	64	69	48	5	91	69	68	68	48	81	66	46	82	37	85	62	40	16	35	38	94	59	59	40	6	23	61	74	30	78	80	43	81	78	32	58	
7	40	12	1	69	28	61	82	52	14	95	1	20	61	55	51	68	34	83	69	89	47	50	15	32	48	99	86	19	65	3	56	14	85	44	39	82	71	85	74	
99	96	99	91	7	48	3	64	66	68	1	51	11	99	75	71	34	39	95	81	28	86	52	78	36	2	4	79	23	26	21	63	19	30	45	88	87	41	72	45	
42	56	88	66	69	50	5	20	78	50	92	47	66	17	80	81	57	17	59	12	45	92	58	75	32	5	100	45	30	60	5	7	50	100	38	83	7	30	83	28	
71	87	71	100	11	50	63	67	34	99	1	91	50	91	59	41	98	41	89	9	19	72	76	72	41	66	3	37	86	17	61	66	16	88	36	85	22	68	80	51	
13	83	12	62	88	61	98	41	38	29	64	20	21	39	5	47	67	91	28	20	76	12	65	19	23	98	82	9	38	4	56	54	15	79	30	99	25	63	84	64	
38	31	64	15	54	35	85	41	43	19	81	57	7	3	57	50	59	29	62	36	21	46	50	82	88	61	83	42	43	45	35	81	55	13	21	93	81	93	15	16	
87	94	85	31	13	62	77	31	96	97	87	30	6	34	3	14	49	42	28	85	72	38	47	68	6	8	56	78	82	97	37	7	78	96	57	54	20	80	6	50	
34	21	22	48	49	64	90	78	44	38	72	58	26	96	51	86	41	20	17	26	21	14	96	63	32	76	68	67	31	38	64	36	41	59	94	73	22	80	64	11	
87	1	85	80	100	57	88	70	14	57	39	18	42	38	50	11	93	55	83	37	98	36	46	32	85	33	16	54	9	81	49	60	57	55	92	100	38	82	42	100	
72	95	83	65	73	75	27	87	42	57	21	28	56	58	52	23	62	40	96	30	14	56	12	53	29	55	75	97	31	47	31	37	30	49	32	40	90	58	31	75	
53	74	95	32	91	76	60	40	73	80	61	37	85	77	25	94	49	99	42	7	93	51	54	48	2	100	63	74	85	67	37	68	3	38	73	2	2	50	83	27	
80	52	68	39	59	36	5	68	92	85	89	67	11	16	13	85	35	4	40	95	66	5	29	73	100	80	46	17	73	23	16	4	76	62	24	29	14	12	36	3	
66	45	2	67	25	8	53	5	73	49	54	27	22	30	100	6	21	37	99	22	33	28	85	72	94	84	34	94	15	71	50	69	11	53	64	69	28	56	89	14	
60	63	17	55	59	80	50	96	68	50	3	52	96	81	98	38	56	63	21	14	11	31	13	52	99	16	73	21	86	36	50	63	40	37	35	22	31	20	50	82	
83	92	59	39	91	22	100	26	92	79	70	34	28	65	72	47	2	9	57	70	56	12	99	77	89	8	1	72	40	98	81	16	68	10	54	11	30	7	43	37	
On machine	2
56	15	53	57	80	97	41	63	56	49	34	56	6	35	77	98	79	77	70	38	8	14	62	95	29	87	33	89	74	79	86	82	10	93	1	51	57	38	44	50	
65	52	77	15	89	75	31	73	18	81	47	51	1	23	90	58	33	6	100	56	29	3	66	81	73	3	2	9	37	86	15	38	65	70	85	44	3	90	82	34	
46	63	3	3	69	67	64	25	80	56	14	56	24	63	22	6	100	70	70	86	79	59	91	3	21	94	11	2	66	89	58	86	32	2	92	78	79	72	97	61	
5	29	59	62	32	27	3	34	81	26	70	66	55	94	87	95	67	50	38	9	76	68	94	48	14	9	30	61	11	19	37	72	6	53	44	9	76	87	33	57	
67	35	33	29	20	15	20	17	68	68	100	46	47	78	67	48	62	5	22	92	97	44	75	81	50	92	1	57	91	83	7	41	78	100	41	48	48	98	21	6	
21	13	93	56	42	21	28	31	74	78	32	9	49	30	7	85	65	45	53	99	3	14	61	36	30	95	34	91	58	74	56	19	25	21	34	43	4	19	66	80	
88	16	79	10	95	19	75	26	47	85	45	50	11	93	8	65	39	94	45	52	86	61	1	21	71	63	99	7	31	49	12	59	34	46	72	58	47	37	20	59	
93	52	17	26	3	24	100	32	90	42	98	25	53	93	5	56	89	17	19	41	98	39	7	13	10	2	46	5	29	65	33	52	61	22	28	67	79	95	28	86	
61	23	4	29	89	59	92	10	74	25	51	69	97	36	63	93	83	46	94	36	17	67	4	46	44	43	30	78	55	81	93	86	1	84	99	76	47	71	93	53	
81	4	10	37	36	78	31	31	45	51	64	62	3	31	69	32	2	62	32	86	31	44	34	1	54	19	13	43	23	88	45	60	72	6	1	95	71	51	76	72	
60	21	63	24	28	92	37	11	92	100	2	88	87	66	32	81	65	14	63	33	34	96	59	88	2	83	84	46	42	64	61	35	56	67	19	52	10	79	56	57	
36	81	63	66	55	80	43	88	12	66	60	78	42	93	56	72	27	26	78	26	69	45	31	88	25	35	22	80	23	5	49	32	24	29	96	7	79	74	94	26	
69	39	66	71	25	4	96	56	67	96	27	64	25	74	33	75	59	39	49	64	85	63	45	68	74	8	4	84	87	55	89	45	47	64	41	67	45	1	10	64	
78	25	64	51	92	18	92	85	82	100	3	86	34	76	15	43	44	82	52	71	92	53	38	7	49	83	98	82	80	47	42	33	13	13	13	72	75	99	71	85	
18	38	9	64	20	79	72	19	49	86	60	99	84	78	58	83	85	98	77	93	52	92	5	42	54	28	57	41	23	55	7	87	23	45	18	38	77	31	67	27	
9	25	35	64	5	99	8	94	58	22	37	39	7	98	23	48	54	46	33	68	34	47	80	16	18	48	36	42	20	9	25	84	72	7	14	55	13	36	18	35	
40	67	99	88	100	58	91	89	62	6	5	21	26	23	73	71	21	49	95	10	49	77	14	81	21	12	20	55	14	61	96	78	99	49	38	1	3	8	46	11	
92	25	60	98	94	14	15	1	21	78	84	1	76	87	41	22	38	83	1	76	30	33	19	44	71	20	23	1	4	12	100	42	94	83	6	93	85	74	37	28	
67	40	83	68	97	7	19	87	38	10	67	95	31	65	11	27	56	3	46	8	75	13	35	84	46	100	48	61	29	73	48	90	78	10	59	94	24	60	71	37	
98	75	44	42	72	58	31	74	22	91	86	66	100	48	46	87	94	32	10	83	69	40	95	34	1	66	9	55	17	23	94	43	96	39	20	84	53	61	47	66	
1	44	83	84	51	34	99	11	80	2	7	70	97	19	35	85	86	86	49	91	88	60	87	54	45	26	8	78	58	17	69	37	89	62	2	65	8	45	99	26	
86	7	12	94	57	42	96	14	80	88	85	35	93	87	31	65	85	68	8	10	23	81	46	62	18	80	95	38	7	73	93	18	83	11	24	55	73	92	81	69	
62	58	88	14	8	72	9	80	93	96	47	27	60	64	69	97	17	36	5	97	29	64	38	46	47	50	96	82	85	10	35	11	10	52	44	84	22	70	47	15	
75	47	73	6	37	67	36	7	12	36	69	60	4	16	93	83	18	60	40	98	81	20	9	43	3	64	34	98	73	59	6	3	4	61	96	81	98	38	83	35	
65	25	46	79	13	82	63	48	68	16	59	88	33	66	60	49	17	20	61	99	82	65	64	79	21	46	77	23	7	85	91	69	34	19	17	60	85	34	55	69	
37	28	77	63	29	12	55	89	60	90	89	63	22	37	33	31	61	50	7	53	77	96	44	78	13	34	58	9	99	96	90	18	93	78	15	99	38	10	35	4	
73	40	68	59	8	10	32	20	95	52	64	97	98	82	5	5	89	89	64	94	78	80	56	84	40	15	77	96	10	27	11	9	62	43	76	82	43	6	58	20	
25	6	84	34	47	72	39	6	53	9	92	5	100	49	52	94	46	59	30	55	47	56	40	69	100	38	77	24	45	31	11	86	86	98	60	44	85	87	21	18	
27	86	85	68	24	57	83	56	80	33	95	63	63	41	82	54	59	7	64	6	45	46	2	79	10	21	44	100	50	60	100	51	66	84	80	66	89	70	64	59	
72	98	52	76	60	10	72	18	8	96	84	75	59	67	79	9	96	71	43	69	32	14	31	64	54	3	4	44	85	49	80	66	56	83	71	43	48	46	55	57	
17	22	43	39	14	26	67	95	78	75	58	79	38	28	11	90	43	79	6	41	83	69	58	17	62	86	79	39	93	87	78	77	20	73	2	70	28	43	98	38	
51	71	8	54	51	61	80	79	53	15	29	93	71	96	35	37	20	75	94	100	6	87	2	68	83	41	15	69	92	25	75	77	12	93	42	79	13	98	77	22	
64	56	38	28	17	76	19	89	24	60	93	94	47	55	90	90	8	86	94	59	19	66	79	36	87	18	31	2	39	7	91	88	28	46	21	39	73	14	25	49	
4	11	39	82	59	87	47	21	58	3	71	65	67	44	29	47	37	54	68	29	65	76	13	23	57	1	25	45	76	34	77	74	51	78	57	51	4	99	53	47	
96	93	5	2	13	59	18	55	90	80	5	30	39	48	44	57	32	5	87	27	72	44	73	63	93	39	26	86	53	90	27	99	20	92	12	82	45	97	14	79	
71	82	53	4	29	85	55	26	31	45	34	91	94	40	82	92	53	47	87	98	30	17	98	90	25	8	65	9	72	97	60	23	2	10	77	8	15	33	95	44	
67	82	19	43	58	69	19	22	21	53	31	27	76	56	33	39	39	17	60	88	48	18	68	64	40	89	100	96	93	61	20	41	17	8	49	83	93	68	34	15	
88	87	47	73	77	31	73	46	86	62	20	46	78	37	32	57	42	43	71	18	43	57	57	89	88	87	25	34	9	25	87	86	6	39	11	1	70	26	33	87	
94	60	54	39	83	54	45	6	27	36	61	18	62	60	42	34	23	87	70	51	4	16	47	92	32	6	54	66	75	41	6	55	19	31	65	20	30	53	46	56	
82	31	99	99	56	100	53	74	96	11	98	85	85	1	86	35	16	24	69	88	93	27	87	81	18	95	46	4	38	37	12	98	93	98	73	93	54	55	39	17	
On machine	3
46	33	14	13	47	95	55	62	11	61	3	48	42	61	13	78	13	80	80	63	41	68	98	100	11	43	90	64	97	94	95	9	76	63	12	41	96	31	7	29	
33	24	97	21	20	35	64	68	25	9	76	70	54	52	94	11	20	71	18	33	75	1	15	84	60	46	80	69	91	66	5	41	67	91	78	43	77	97	91	21	
43	20	30	19	40	22	32	21	67	30	50	19	62	84	7	13	1	33	61	91	36	37	22	45	59	72	35	79	43	10	87	17	49	7	97	73	17	62	89	69	
2	31	2	98	13	2	84	17	31	10	20	33	87	7	33	1	59	84	44	56	97	96	19	46	65	79	57	85	12	75	77	68	4	28	45	78	63	100	34	91	
54	31	85	78	80	55	23	78	77	79	72	94	34	93	96	78	37	76	48	69	37	51	19	80	54	39	76	96	34	47	84	11	34	89	35	7	3	12	51	27	
63	80	80	42	100	94	29	61	19	5	27	36	52	32	12	40	62	21	83	80	29	24	34	97	71	80	42	58	24	35	19	72	23	13	15	79	54	11	43	85	
89	52	81	27	2	15	24	32	5	70	9	88	64	6	30	14	98	36	71	37	59	28	28	54	71	4	18	41	72	76	34	56	29	95	84	4	9	84	97	17	
27	81	90	74	39	52	85	37	41	57	42	8	76	83	64	20	46	86	20	96	78	72	37	89	86	55	36	65	82	6	18	34	37	20	19	85	70	5	58	54	
65	82	98	94	56	47	79	34	92	27	74	41	44	40	65	9	4	24	58	34	45	39	77	100	73	57	80	62	21	30	79	30	99	52	76	83	97	18	68	68	
81	31	59	63	94	4	33	23	27	25	66	57	3	89	75	41	76	65	44	11	40	11	52	44	33	79	68	23	44	82	68	39	53	5	12	15	32	8	34	11	
99	24	63	84	42	85	83	99	19	52	76	62	56	88	90	16	29	75	21	91	30	76	23	42	12	27	25	75	79	16	67	69	60	83	10	55	36	11	13	94	
73	98	100	11	11	17	81	15	77	92	43	58	61	60	80	86	62	11	81	86	37	12	73	70	54	39	26	4	99	67	23	52	5	18	26	77	2	41	16	84	
35	49	99	24	35	45	99	22	71	74	89	81	91	99	63	97	85	64	88	29	69	40	71	15	53	98	25	44	38	25	96	79	26	72	77	50	59	61	46	78	
11	35	12	58	42	2	94	47	94	34	27	22	29	72	61	70	52	24	55	56	9	86	28	69	38	51	88	23	56	26	58	98	79	52	39	76	4	97	94	90	
83	24	4	33	11	57	34	46	34	57	69	54	57	25	97	33	58	51	1	95	36	77	81	35	9	83	85	55	11	48	30	48	57	51	31	80	62	8	74	86	
99	88	42	69	4	1	22	27	72	3	11	78	54	6	71	52	35	93	51	75	10	2	47	49	85	100	47	70	48	61	72	42	42	19	3	33	56	89	68	87	
67	13	35	13	14	89	88	57	83	46	1	13	96	33	60	67	1	57	80	76	48	99	24	14	98	80	11	66	32	84	7	62	59	83	12	99	36	89	31	75	
55	78	82	9	83	91	94	56	75	78	20	61	22	100	72	11	28	77	79	57	3	3	14	75	65	90	75	1	92	56	44	1	9	61	38	25	30	57	80	80	
70	61	40	53	50	54	57	20	57	84	42	18	55	14	42	63	99	14	48	42	66	60	44	79	7	70	35	91	81	23	91	13	17	64	79	8	89	74	70	42	
49	10	97	55	23	41	50	40	78	35	42	42	90	58	19	98	44	18	30	62	28	73	7	77	82	92	91	43	81	28	69	19	96	2	96	6	87	23	71	1	
46	73	62	81	85	90	68	24	44	86	70	87	47	6	11	3	60	45	92	33	19	100	54	10	91	10	46	2	83	58	44	15	52	79	67	36	45	87	28	4	
98	91	25	45	58	79	68	68	47	31	91	54	7	61	34	44	88	20	15	67	23	92	18	64	70	14	78	10	19	99	10	91	96	56	23	76	69	100	9	27	
35	26	84	39	70	40	93	35	81	89	93	58	72	26	81	43	14	7	34	99	72	24	35	87	29	4	53	48	68	29	11	12	20	73	58	51	42	46	18	74	
20	41	61	54	40	48	28	56	90	83	4	100	14	87	95	3	85	94	55	22	91	82	89	35	26	26	58	14	13	12	6	61	31	72	58	100	92	65	95	88	
76	49	44	64	7	96	57	32	17	59	96	25	59	91	100	17	77	99	51	45	49	89	96	8	64	81	78	98	68	39	60	97	42	72	1	43	61	10	29	40	
43	31	69	73	38	43	7	61	97	49	66	59	72	48	65	8	73	69	41	19	65	16	72	62	30	91	79	46	2	47	60	9	48	82	53	83	46	47	83	44	
74	67	18	64	45	80	32	29	41	77	24	88	53	29	90	96	79	51	76	48	5	5	38	31	52	83	89	94	49	27	4	88	97	83	48	97	51	62	22	85	
20	11	63	26	94	66	11	29	25	32	41	13	94	5	94	73	36	12	4	10	97	99	89	32	84	59	88	21	24	26	71	2	90	47	81	54	90	99	78	4	
4	50	21	37	73	23	29	83	82	47	87	96	84	26	99	85	25	32	25	96	43	56	82	15	35	71	27	84	67	87	33	70	52	88	14	45	97	83	22	21	
72	5	50	79	92	30	33	41	66	38	40	42	36	20	40	41	99	29	72	86	92	43	32	26	69	39	44	20	72	100	26	60	16	38	56	79	84	49	32	34	
61	85	68	44	83	9	64	71	30	11	49	98	21	68	37	80	55	28	28	11	18	7	97	11	96	1	1	13	68	76	43	47	24	48	70	9	12	100	51	45	
72	39	9	15	53	11	81	84	10	49	38	89	1	25	70	70	23	20	67	56	39	23	91	37	5	77	97	78	63	21	36	43	69	73	33	30	74	79	75	71	
98	66	37	58	38	92	50	41	4	89	59	16	39	22	36	74	51	54	90	50	65	24	32	62	65	11	21	62	19	31	32	16	48	49	77	82	65	32	84	9	
17	73	76	57	59	24	49	10	74	64	16	85	56	9	54	5	33	20	32	23	68	78	47	7	90	36	72	86	94	27	61	1	37	8	72	44	71	66	75	67	
86	99	64	7	93	99	95	56	15	67	51	25	54	17	14	77	17	69	87	25	26	75	76	90	68	97	23	64	68	76	29	19	30	83	82	1	49	4	87	12	
85	61	81	37	87	68	5	1	26	90	17	79	71	62	98	91	86	82	2	70	16	62	4	49	84	79	5	46	10	50	69	12	45	42	91	26	100	67	33	3	
39	79	44	25	95	58	70	36	27	5	33	40	72	24	67	18	24	20	30	14	82	54	22	72	69	21	32	17	69	6	18	16	50	90	40	2	4	55	77	97	
95	15	99	16	4	10	23	96	56	74	8	42	15	83	33	25	59	52	53	64	55	60	19	51	50	42	70	42	96	99	43	95	26	96	76	34	33	59	87	37	
21	81	16	61	11	59	95	10	85	81	22	85	100	94	37	64	58	58	58	38	46	52	31	57	57	100	62	88	21	60	12	1	23	81	85	27	21	56	80	11	
46	1	98	24	97	93	79	92	32	63	11	81	9	68	82	60	18	51	11	40	22	25	94	95	35	85	76	61	76	36	94	29	10	100	33	87	19	90	94	10	
On machine	4
27	57	2	87	95	49	7	54	78	8	3	10	98	14	68	71	27	11	1	9	58	77	88	70	77	74	36	8	57	44	5	78	59	36	90	1	59	20	95	73	
2	100	43	76	31	46	11	93	32	5	67	18	66	47	20	89	43	87	71	51	46	66	77	64	84	71	92	98	73	56	73	93	20	95	90	84	52	23	38	34	
23	92	67	21	76	100	55	15	40	74	62	2	76	47	10	17	82	100	16	10	57	55	42	32	30	93	30	70	36	67	74	13	62	28	24	20	52	10	96	94	
96	36	87	83	50	40	51	92	73	33	93	69	47	67	10	24	58	34	36	68	81	87	18	62	51	4	47	6	38	3	56	45	39	17	53	73	20	81	85	62	
37	15	79	32	95	61	28	45	34	25	42	4	62	79	75	89	89	21	35	36	26	57	22	36	65	25	50	13	54	22	3	6	91	61	55	18	1	61	84	17	
85	47	72	33	71	59	57	83	72	12	17	92	25	72	55	76	98	8	34	6	68	74	6	84	45	89	57	7	17	75	12	74	35	80	5	8	16	26	51	8	
27	11	40	52	25	70	55	20	31	81	78	16	26	31	33	100	80	54	12	44	40	67	13	27	8	8	14	3	53	69	18	6	88	91	77	92	67	86	29	5	
86	98	18	67	12	75	33	71	41	47	73	96	84	84	34	97	95	87	59	61	22	32	57	67	78	63	92	75	40	47	61	5	89	81	9	84	22	7	26	56	
70	29	15	96	79	27	93	87	54	40	27	83	43	7	13	22	25	73	4	33	14	66	72	14	94	55	32	78	100	47	43	95	77	64	71	70	71	88	18	41	
5	29	58	31	89	42	33	84	21	35	94	90	43	39	62	64	55	83	27	62	10	70	16	37	36	51	65	40	22	39	42	83	66	16	90	28	10	37	42	39	
90	2	29	63	61	86	66	1	90	31	20	38	61	70	27	77	89	96	8	22	74	76	5	50	26	2	44	94	75	47	67	25	89	62	2	98	22	42	29	19	
89	33	66	76	79	93	21	55	75	5	9	58	53	46	58	53	1	58	71	78	1	77	49	86	40	75	64	74	57	69	3	49	99	62	75	68	74	40	29	87	
66	55	27	58	2	50	53	85	11	22	40	51	54	23	32	77	64	100	20	24	49	9	47	76	40	58	48	68	100	31	76	6	97	58	83	85	8	9	56	48	
37	72	82	53	84	29	67	34	82	70	38	14	32	91	61	23	24	1	8	98	67	6	41	84	74	30	52	4	13	96	37	56	61	54	51	49	86	62	15	37	
12	85	37	35	17	35	86	94	3	3	40	34	93	88	66	71	96	58	35	70	4	74	4	37	33	82	23	62	39	44	75	11	72	17	30	44	68	8	38	37	
21	47	47	50	84	94	7	1	67	64	91	67	53	86	78	93	95	76	67	16	9	77	56	59	80	38	88	20	29	4	68	45	58	90	62	48	95	89	26	45	
51	74	1	43	44	67	50	6	29	26	75	60	3	22	5	93	18	28	4	75	96	29	9	89	26	88	68	91	58	22	20	27	49	49	5	39	81	38	53	71	
78	22	62	68	17	23	43	6	1	98	29	13	9	80	28	54	69	1	14	4	25	68	3	76	91	21	98	90	13	35	27	25	85	62	69	51	91	48	2	36	
76	65	72	3	28	41	70	62	63	93	100	6	64	86	23	35	38	57	1	61	74	54	51	19	28	40	59	70	17	12	17	98	57	17	65	4	62	47	19	91	
49	95	85	77	23	51	4	25	23	31	57	42	45	38	50	13	46	61	53	23	35	88	65	85	87	42	63	41	65	88	34	21	69	13	85	29	66	96	9	12	
72	49	3	55	59	89	15	48	79	60	31	1	33	68	97	35	46	68	14	28	11	70	11	83	29	49	42	63	73	41	10	6	78	24	30	16	94	89	51	38	
67	47	60	52	51	96	38	63	42	54	23	15	86	58	28	81	99	48	86	46	8	54	52	63	34	100	87	31	79	11	2	18	82	64	100	57	41	68	55	34	
51	1	50	74	27	32	26	67	53	21	5	3	16	59	23	81	67	96	49	42	59	15	15	89	60	92	36	91	8	4	21	14	13	46	82	39	55	60	96	5	
57	86	44	24	55	35	82	74	96	34	14	81	61	9	50	5	5	15	8	23	66	39	15	94	36	58	60	8	69	98	32	36	85	25	74	91	2	79	62	97	
15	100	67	74	60	92	72	65	50	21	47	47	53	30	94	31	25	48	20	40	20	85	2	44	68	95	88	16	50	40	38	19	11	91	22	11	82	17	53	73	
97	29	42	25	15	89	50	67	18	59	49	88	74	82	83	27	6	20	38	37	37	87	27	19	4	3	15	8	66	52	40	86	79	37	41	9	86	76	86	21	
84	38	31	99	78	5	22	95	67	28	63	88	89	47	48	85	14	100	5	79	68	21	18	99	61	71	11	13	12	10	47	53	60	38	3	49	32	18	81	67	
79	83	96	1	9	59	2	90	25	85	45	62	60	4	83	88	73	32	48	47	91	93	12	76	80	47	29	43	12	44	21	40	42	84	60	94	84	86	57	76	
57	32	39	92	30	60	2	42	45	88	37	50	34	79	10	37	46	53	60	11	82	89	49	92	84	72	36	57	52	45	24	74	58	83	22	34	46	43	83	92	
7	78	86	87	1	13	36	4	89	51	77	84	18	11	74	78	65	19	60	1	32	4	88	81	44	15	14	42	60	19	11	14	85	44	26	85	3	23	63	18	
40	7	43	79	80	91	87	95	49	1	27	35	24	87	8	83	63	44	96	6	40	13	42	65	74	64	50	32	98	57	71	33	65	83	19	50	76	29	78	89	
92	66	53	62	44	65	85	71	27	21	40	38	70	1	71	44	98	87	69	13	61	82	79	80	59	52	21	72	99	9	83	15	23	61	51	10	92	4	58	49	
85	36	37	81	47	10	39	95	17	97	56	38	16	55	48	36	18	86	88	53	19	70	43	73	28	43	53	7	48	50	8	34	11	43	40	3	85	58	89	6	
19	50	39	81	68	84	45	91	34	28	16	94	93	73	74	76	1	65	14	42	44	4	23	17	51	7	93	4	49	79	42	82	60	33	69	78	39	29	79	8	
35	24	26	90	26	95	99	79	28	20	51	26	24	54	66	6	79	24	59	45	16	62	89	98	96	43	90	24	30	38	33	100	13	88	98	65	4	1	47	50	
63	71	35	40	85	7	5	50	73	94	30	45	16	47	99	47	47	45	3	75	29	79	96	22	92	41	99	72	97	42	89	70	28	49	27	86	1	25	85	44	
4	20	87	88	91	97	80	96	65	36	32	51	73	3	99	42	28	3	22	22	88	57	38	62	73	57	47	98	1	86	22	28	11	43	66	51	100	26	11	25	
2	55	56	33	8	87	79	4	78	34	19	59	76	69	77	94	85	32	6	4	58	59	76	19	68	7	98	72	50	68	17	26	11	41	52	28	36	55	48	33	
28	61	61	52	47	23	99	82	12	50	4	58	30	28	9	79	78	24	68	22	67	44	25	68	70	37	11	8	39	23	25	96	67	50	12	32	64	15	40	19	
2	87	67	14	23	37	64	19	45	10	19	58	90	94	8	34	32	88	90	70	47	54	71	41	12	99	65	59	75	65	3	73	7	26	76	16	92	73	51	52	
