Factories	2
Families	40
Machines	6
SetupType	3

Number of Jobs in each Family
5	7	10	1	3	5	10	8	4	10	1	5	1	6	2	8	3	7	7	4	4	10	7	5	2	4	6	9	8	7	9	6	2	9	8	1	10	5	4	2	

Jobs in each Family
0	1	2	3	4	
5	6	7	8	9	10	11	
12	13	14	15	16	17	18	19	20	21	
22	
23	24	25	
26	27	28	29	30	
31	32	33	34	35	36	37	38	39	40	
41	42	43	44	45	46	47	48	
49	50	51	52	
53	54	55	56	57	58	59	60	61	62	
63	
64	65	66	67	68	
69	
70	71	72	73	74	75	
76	77	
78	79	80	81	82	83	84	85	
86	87	88	
89	90	91	92	93	94	95	
96	97	98	99	100	101	102	
103	104	105	106	
107	108	109	110	
111	112	113	114	115	116	117	118	119	120	
121	122	123	124	125	126	127	
128	129	130	131	132	
133	134	
135	136	137	138	
139	140	141	142	143	144	
145	146	147	148	149	150	151	152	153	
154	155	156	157	158	159	160	161	
162	163	164	165	166	167	168	
169	170	171	172	173	174	175	176	177	
178	179	180	181	182	183	
184	185	
186	187	188	189	190	191	192	193	194	
195	196	197	198	199	200	201	202	
203	
204	205	206	207	208	209	210	211	212	213	
214	215	216	217	218	
219	220	221	222	
223	224	

Total number of jobs
225

Processing times of jobs
7	10	4	9	6	1	
5	5	9	2	10	6	
2	5	7	4	1	8	
1	8	5	8	7	8	
1	2	2	5	6	6	
9	2	3	6	5	9	
7	6	9	3	9	6	
7	6	4	4	10	3	
3	8	7	5	4	10	
2	10	6	6	5	1	
7	2	4	2	5	8	
1	7	4	6	6	3	
7	2	5	5	6	3	
5	9	3	3	5	5	
10	10	2	9	9	7	
10	8	5	6	5	7	
10	1	8	6	6	5	
10	6	1	4	4	10	
9	1	3	1	2	8	
10	6	9	2	8	6	
8	4	10	5	10	2	
9	5	8	6	5	9	
2	5	10	6	10	4	
9	1	4	10	9	9	
6	3	1	3	1	4	
6	3	5	6	8	7	
2	4	1	10	5	5	
3	4	5	4	9	1	
2	2	8	7	4	9	
5	5	5	2	5	5	
4	1	5	8	7	3	
9	9	5	3	6	4	
1	2	9	4	8	1	
3	2	4	1	4	3	
2	4	2	3	5	7	
4	4	9	3	7	1	
4	1	10	9	5	9	
7	6	4	10	2	10	
3	4	2	8	3	6	
1	1	6	3	2	3	
8	3	3	5	6	6	
4	2	7	3	2	1	
10	4	7	6	1	2	
9	10	3	7	1	1	
1	5	4	4	1	3	
2	3	9	1	9	6	
4	8	4	7	5	9	
1	8	5	5	5	6	
9	1	7	1	2	7	
10	4	8	8	2	7	
9	4	2	8	4	7	
7	10	4	6	3	2	
2	7	4	1	2	5	
7	2	2	3	10	7	
7	8	10	2	8	5	
1	8	6	2	10	7	
4	3	4	6	6	9	
2	9	6	9	4	6	
10	3	6	3	7	10	
3	5	8	7	10	7	
5	9	6	1	10	8	
10	3	9	9	1	4	
10	7	6	10	6	4	
2	8	6	3	6	10	
2	10	8	8	2	8	
9	10	6	8	9	1	
9	8	1	10	10	3	
3	1	2	8	3	10	
10	7	5	4	1	1	
1	8	9	5	9	10	
2	1	4	6	10	6	
9	5	3	4	9	8	
7	6	2	10	6	10	
2	2	9	8	2	2	
2	7	10	1	6	3	
5	2	8	1	2	1	
3	4	2	2	4	3	
2	8	2	9	7	3	
6	4	1	3	7	7	
8	3	7	7	10	3	
9	8	1	10	5	8	
8	7	10	2	3	6	
6	7	8	3	6	10	
8	3	8	9	2	9	
9	8	3	4	5	6	
3	5	1	5	1	7	
1	5	8	7	1	5	
3	3	5	3	6	8	
7	5	5	3	7	9	
6	9	7	2	8	9	
5	6	5	2	10	1	
9	10	3	4	3	6	
2	3	10	1	4	7	
1	5	6	1	7	3	
1	8	2	9	1	3	
9	8	3	1	7	1	
1	6	6	4	7	1	
10	7	5	2	3	3	
5	3	8	4	6	2	
1	5	2	4	6	8	
1	5	8	8	10	3	
5	6	9	2	6	9	
4	5	6	7	3	3	
10	1	4	8	2	3	
5	10	3	10	8	10	
1	3	8	9	10	10	
2	7	6	7	6	8	
8	3	1	4	8	2	
8	10	6	1	5	10	
5	4	1	8	5	5	
3	6	7	2	8	8	
4	7	5	7	3	6	
4	4	5	10	7	10	
1	2	7	8	1	7	
10	3	9	5	8	6	
6	1	1	8	10	8	
2	2	10	6	2	7	
5	7	9	4	10	4	
7	8	6	2	6	1	
6	10	2	6	7	2	
4	9	8	9	10	3	
9	1	3	9	8	3	
7	2	9	6	3	9	
8	7	9	4	10	1	
6	1	8	6	8	6	
9	7	7	1	4	5	
4	6	7	4	7	6	
9	4	5	7	4	6	
8	5	10	6	2	10	
3	9	3	5	6	1	
6	9	4	6	9	6	
3	5	8	7	7	10	
10	9	7	2	8	6	
5	6	6	4	7	10	
6	5	8	9	1	9	
9	9	3	5	9	2	
1	5	8	2	6	4	
6	9	6	10	1	6	
3	7	10	7	6	3	
1	2	10	3	3	10	
2	6	8	3	3	2	
5	10	7	4	10	7	
4	7	4	10	5	9	
4	2	4	3	10	1	
2	10	7	4	10	7	
2	8	2	4	4	10	
4	8	7	7	1	9	
4	8	6	10	1	4	
9	9	3	1	9	6	
4	5	2	8	8	8	
7	1	6	10	8	7	
9	9	2	2	10	1	
1	1	9	4	4	5	
10	9	4	7	3	10	
8	4	9	9	8	5	
7	9	2	3	10	3	
6	4	6	2	3	3	
9	9	5	10	3	6	
8	4	1	5	7	9	
5	5	5	2	10	6	
2	3	5	6	9	8	
6	3	5	9	8	3	
3	1	10	1	3	8	
3	8	6	1	1	1	
2	3	10	3	7	2	
8	9	4	1	3	2	
7	6	3	4	9	10	
4	5	10	6	4	3	
5	4	1	9	9	10	
7	5	3	7	2	1	
1	2	2	4	10	1	
10	6	8	8	1	5	
7	5	9	5	5	9	
4	3	5	9	2	9	
5	9	8	9	6	4	
8	5	5	3	9	6	
9	3	3	8	5	4	
7	5	5	1	8	7	
6	8	7	6	8	5	
2	1	9	1	9	9	
7	8	8	5	2	1	
2	3	5	10	4	8	
2	8	5	1	2	5	
4	8	1	5	10	8	
10	6	9	10	7	3	
6	2	8	1	2	4	
4	4	5	6	9	3	
6	7	2	1	4	10	
8	7	3	7	2	3	
6	9	8	10	7	6	
6	1	10	6	7	6	
5	1	9	1	7	10	
2	4	7	10	6	3	
7	8	6	5	10	6	
5	10	8	4	1	3	
5	10	10	3	5	2	
9	8	6	1	1	1	
9	9	4	7	9	7	
9	10	5	9	6	9	
3	2	8	10	10	6	
9	3	3	7	2	2	
4	9	2	9	7	5	
2	6	8	4	5	6	
9	4	2	3	3	8	
1	4	5	10	1	6	
1	3	8	10	9	3	
10	8	9	10	7	9	
6	7	1	10	5	8	
6	1	8	10	9	2	
3	6	3	5	4	10	
5	5	3	10	9	1	
1	1	9	9	7	5	
9	3	2	7	8	1	
5	7	4	5	10	1	
9	7	10	9	7	8	
9	9	1	8	6	5	
8	3	4	10	1	10	
1	10	6	7	3	2	
6	10	9	6	7	5	
2	1	2	9	3	4	
10	5	3	10	5	10	
7	3	10	7	7	6	
3	3	9	1	6	7	
6	7	4	7	9	8	
10	3	8	8	2	7	

Stepup times between Families, where [f][f] represents initial setup time
On machine	1
93	36	51	26	88	43	60	40	53	45	57	93	31	60	23	92	36	90	33	35	54	32	2	56	62	45	1	55	17	33	64	13	48	15	97	100	25	78	26	89	
24	99	36	59	83	40	79	48	76	19	59	52	18	74	74	72	19	45	56	65	77	97	3	17	32	52	44	91	30	64	41	10	52	28	73	86	25	5	29	31	
72	65	1	49	23	34	94	73	93	25	25	88	3	37	28	45	75	13	11	29	64	44	73	60	54	13	56	11	85	6	19	28	52	45	71	86	80	24	80	66	
77	60	100	37	24	57	20	55	29	65	34	35	95	3	86	3	2	61	85	51	28	35	60	1	95	34	61	39	14	5	46	69	54	23	57	72	75	73	55	8	
75	29	97	13	98	8	13	71	23	8	81	79	94	96	27	76	78	72	15	76	85	12	74	96	69	80	56	77	69	46	77	31	13	59	32	22	58	99	48	32	
73	50	6	22	62	74	98	50	28	59	89	80	32	61	43	68	85	94	6	88	22	47	27	94	34	38	23	8	63	64	20	89	30	16	9	59	57	65	48	95	
2	24	23	57	63	13	97	73	59	18	25	92	25	28	11	63	90	39	34	33	11	4	94	51	28	89	58	53	70	71	81	79	12	22	41	97	32	70	48	38	
39	6	90	35	10	50	39	47	55	32	45	18	41	62	92	62	59	53	30	25	74	78	5	9	25	6	79	45	28	51	4	93	28	1	54	75	19	52	45	22	
58	20	52	31	31	26	12	70	40	85	87	47	9	49	56	30	1	87	93	64	86	49	9	36	55	79	19	61	29	54	71	64	22	24	99	31	2	29	40	59	
10	88	75	43	94	24	74	91	57	41	84	8	44	38	3	68	71	9	39	96	63	85	83	56	93	70	15	96	45	50	70	80	34	62	21	25	85	88	59	73	
69	68	70	11	50	33	26	97	85	86	81	34	14	84	19	51	39	73	74	88	97	45	57	95	100	68	32	88	83	72	16	63	100	33	84	98	25	30	19	95	
32	2	28	81	53	39	14	38	21	9	2	92	29	82	89	58	87	61	34	54	24	49	75	20	7	95	79	13	29	70	48	9	69	45	14	66	86	79	32	39	
91	19	5	76	58	74	54	2	64	25	34	57	23	73	37	67	2	6	49	84	33	72	54	52	44	28	86	37	65	46	41	50	88	38	41	63	7	76	71	26	
22	72	88	22	33	42	3	1	87	15	12	95	46	96	6	76	28	26	8	26	47	63	5	69	13	26	80	99	73	61	26	100	82	43	68	92	81	64	99	90	
25	65	95	81	51	87	38	69	50	80	60	21	64	23	20	62	53	8	12	78	92	72	2	94	84	5	26	65	68	61	27	34	66	60	10	31	5	28	16	87	
65	53	70	61	19	8	50	35	57	34	4	81	75	37	52	53	91	55	34	23	38	31	77	73	87	32	52	57	7	51	7	58	82	5	14	7	93	1	23	94	
28	87	76	12	75	56	54	53	27	84	8	3	6	18	47	14	51	10	31	51	62	65	42	77	68	24	20	4	38	38	99	47	27	4	96	27	15	46	57	78	
5	76	84	61	61	76	96	70	83	81	6	65	50	57	87	13	16	63	64	85	80	28	70	12	6	59	80	66	64	66	9	12	29	47	10	73	2	39	16	89	
30	62	17	30	22	91	1	2	41	97	35	37	22	94	97	68	8	47	60	56	29	21	55	10	26	6	86	35	66	18	98	23	29	100	56	36	74	12	16	84	
17	67	39	31	38	37	2	70	98	29	84	82	55	57	5	61	49	56	61	94	64	70	100	92	43	31	59	25	8	74	24	67	73	39	33	58	9	99	75	39	
67	55	16	76	65	4	5	29	38	29	61	87	17	94	77	87	57	59	51	58	97	44	53	62	31	11	54	99	94	6	38	3	64	12	36	94	57	34	29	78	
27	50	68	2	84	70	17	70	15	13	66	14	92	31	27	23	35	7	88	18	53	94	13	22	60	5	37	76	96	29	19	72	7	42	8	47	98	22	41	35	
16	84	57	95	15	93	70	64	20	77	73	99	60	5	50	95	16	76	97	81	60	51	49	18	24	53	27	18	35	51	67	19	85	56	61	55	62	29	74	41	
47	35	92	13	57	65	39	91	20	56	73	90	69	39	25	54	83	96	48	26	74	72	48	58	69	46	92	67	38	51	59	48	64	56	44	54	64	45	95	83	
47	41	78	39	10	46	86	58	79	42	46	76	8	42	68	23	41	25	52	59	23	84	82	12	14	45	47	28	74	90	34	44	65	52	98	12	20	67	68	7	
33	23	79	20	96	95	76	92	64	65	87	43	68	63	93	96	25	97	64	36	19	27	8	85	99	40	43	49	67	74	75	20	52	72	54	98	43	49	54	11	
91	99	31	51	98	33	14	37	22	72	11	93	74	24	29	89	33	85	32	78	34	56	75	83	73	7	23	38	60	64	16	97	34	18	26	70	48	84	95	71	
17	59	16	5	51	97	13	3	70	59	36	42	5	39	36	50	19	51	26	88	100	38	8	65	92	10	38	73	59	22	54	38	45	72	23	26	76	7	36	52	
75	99	77	42	77	69	90	47	71	13	47	11	19	93	44	9	26	24	10	52	78	58	5	49	67	22	60	34	42	89	46	56	68	1	22	30	18	98	37	3	
37	3	22	28	84	52	99	52	83	71	34	19	94	21	66	18	2	14	71	91	52	96	51	11	60	55	55	78	35	89	41	49	12	24	35	47	35	88	52	21	
72	55	54	6	71	46	16	95	23	14	48	14	84	50	63	81	87	15	76	77	81	86	67	88	49	4	55	92	54	84	77	49	88	12	58	64	44	13	67	65	
98	17	63	70	54	30	23	61	74	28	69	73	11	9	73	91	59	72	92	42	26	100	49	36	52	35	90	99	89	19	99	20	14	47	9	17	55	13	37	93	
5	3	30	96	22	91	92	32	79	79	47	99	50	45	76	21	11	15	2	1	28	67	87	51	87	21	88	29	19	33	79	79	19	10	39	99	54	43	81	21	
32	74	33	77	92	34	62	46	66	37	2	15	82	5	78	88	86	50	90	35	85	93	87	96	49	83	60	18	50	53	34	6	3	67	12	49	96	63	79	53	
45	11	75	72	86	29	77	29	7	10	17	83	34	45	67	23	82	14	38	44	31	54	9	5	32	96	62	43	79	40	99	23	95	48	23	90	46	12	93	43	
1	2	55	9	53	85	53	42	63	58	31	23	24	25	29	5	14	93	41	66	33	82	22	72	93	13	99	71	74	37	66	2	45	89	6	32	35	22	83	71	
96	31	16	81	30	22	17	61	5	20	95	52	89	20	85	56	70	40	4	40	59	100	68	82	7	63	20	62	51	8	24	99	8	45	54	39	88	46	95	2	
50	99	47	83	19	30	22	63	15	20	84	73	97	74	72	26	74	45	64	57	42	73	8	18	16	5	16	33	15	75	50	56	21	13	37	32	37	29	30	52	
39	37	9	34	55	10	12	84	30	14	50	34	60	59	3	88	27	78	57	83	66	36	70	23	42	75	20	55	29	84	78	20	15	76	89	71	10	73	57	38	
12	14	10	25	60	53	5	73	41	28	19	68	6	62	71	38	63	92	2	64	55	35	28	99	35	11	22	55	13	1	12	77	52	81	56	17	7	20	78	8	
On machine	2
48	43	53	49	71	67	5	42	27	96	38	18	84	71	10	93	50	81	87	7	53	16	7	24	33	16	84	84	40	35	18	30	94	44	30	10	4	10	88	76	
64	19	96	39	59	91	18	5	36	51	76	71	61	81	76	41	68	78	38	84	4	22	21	79	15	43	4	19	26	28	4	86	98	86	97	93	61	3	82	13	
27	15	69	75	46	73	86	90	56	24	10	66	86	77	47	99	40	46	74	32	28	67	66	84	75	48	71	37	82	32	61	59	44	28	22	67	84	11	97	73	
58	1	8	26	79	13	88	70	89	59	56	57	43	89	52	60	64	54	3	47	17	9	15	60	2	75	43	82	62	27	40	24	54	21	92	20	18	85	37	7	
1	45	50	21	10	30	11	32	96	10	25	18	39	78	100	100	39	67	24	10	8	66	77	15	51	92	67	51	44	25	16	100	12	29	4	73	46	4	88	58	
52	22	18	99	59	95	8	67	15	76	69	57	24	79	3	60	45	47	55	12	41	82	51	67	12	65	14	49	70	9	89	100	43	22	12	95	30	97	59	52	
83	70	66	52	83	2	78	34	94	49	94	47	28	75	60	69	46	3	93	1	79	81	60	55	35	100	53	24	12	27	77	49	55	14	19	6	36	11	58	88	
3	54	70	24	6	8	69	1	89	19	3	5	9	2	75	22	16	14	67	95	4	10	82	20	62	63	49	25	73	31	4	7	47	83	53	91	42	26	92	97	
3	84	53	52	35	70	8	75	71	80	100	3	14	81	58	34	97	37	54	91	22	25	70	79	15	47	25	88	17	88	87	91	4	98	4	59	10	57	98	16	
68	72	74	30	59	52	93	26	39	49	19	81	88	10	45	95	58	22	24	38	15	94	1	20	73	21	62	58	25	45	17	26	70	32	35	42	59	15	35	38	
29	42	13	87	19	4	85	85	18	44	97	86	95	92	54	60	10	78	53	1	77	100	68	81	30	27	70	28	45	75	69	12	94	52	46	57	30	81	11	79	
23	78	8	96	89	43	58	23	38	52	83	64	6	61	89	33	23	18	87	60	54	43	41	93	23	44	20	55	82	17	5	46	98	84	37	52	74	15	97	89	
74	87	6	71	59	81	15	33	18	28	6	34	30	15	1	33	28	45	14	100	42	70	89	54	55	48	16	90	30	22	83	41	89	91	61	1	88	55	46	39	
6	77	99	93	56	92	95	48	40	7	20	33	51	78	9	47	97	52	21	33	44	26	64	68	48	33	31	55	90	59	14	41	68	10	50	74	92	25	1	94	
19	47	17	46	56	21	19	1	17	75	80	58	13	30	16	26	70	76	90	49	33	81	88	68	44	33	63	62	39	6	30	98	14	76	67	19	14	89	66	95	
66	53	69	61	40	50	51	43	68	13	85	59	24	50	62	52	29	52	54	62	1	8	57	54	33	66	77	48	21	56	61	46	53	55	80	26	34	47	77	47	
10	27	84	72	80	77	1	60	12	63	23	1	93	46	28	60	40	17	39	52	44	1	54	42	10	8	21	21	15	60	71	73	87	66	3	70	60	50	2	34	
68	25	19	58	4	16	50	16	53	58	57	37	63	85	88	3	60	69	49	33	6	74	39	22	52	6	6	83	25	66	91	44	34	90	40	32	93	22	27	28	
87	44	91	93	96	47	7	25	51	52	34	8	39	47	55	3	8	20	74	96	83	4	61	3	1	6	32	8	33	17	35	39	44	28	10	65	100	35	55	35	
53	7	34	72	55	89	57	21	56	3	33	13	77	52	41	91	54	86	89	90	31	96	42	88	81	88	100	84	42	77	40	66	59	74	47	74	34	83	83	91	
15	52	32	57	96	43	86	91	97	33	93	38	5	100	88	92	85	98	98	100	28	46	70	54	24	19	31	81	95	94	35	28	66	85	95	6	63	88	87	61	
29	79	66	96	12	80	41	35	60	62	89	51	70	93	86	3	21	8	16	15	67	93	83	83	77	88	99	58	47	11	2	19	38	53	54	95	18	64	70	69	
8	75	7	26	25	79	90	21	21	33	88	18	86	68	94	45	43	37	70	62	23	81	18	94	2	41	12	53	63	64	9	17	83	28	34	37	53	78	91	56	
78	44	46	83	27	16	36	6	80	38	14	22	72	41	23	50	90	98	83	40	90	97	55	41	29	12	36	12	57	8	90	51	40	91	38	90	74	12	41	26	
97	25	53	94	85	83	69	51	97	65	21	13	56	62	77	67	19	72	59	35	46	33	89	27	80	49	59	75	16	76	73	36	94	62	61	53	23	43	8	68	
73	52	33	15	52	35	37	64	12	50	33	41	71	91	57	4	94	91	59	90	53	72	96	38	58	3	25	96	26	34	24	39	90	58	71	12	15	69	65	32	
93	54	72	19	89	72	95	74	69	48	97	74	88	45	38	34	70	2	81	39	69	15	69	6	17	48	39	18	53	63	24	10	38	46	35	13	63	40	2	28	
46	12	86	89	2	14	63	65	34	38	12	18	4	23	55	82	74	45	21	70	49	93	41	8	46	88	98	51	34	1	73	32	29	39	48	13	46	48	63	43	
77	20	24	21	25	36	66	15	40	1	86	92	60	16	42	36	74	3	21	81	82	77	78	84	8	46	28	10	81	21	98	12	51	83	96	24	30	84	46	56	
87	64	16	92	81	30	86	11	1	40	12	6	90	99	8	21	66	12	50	38	43	23	61	23	1	91	96	86	27	3	44	95	77	11	8	66	53	82	33	49	
32	78	59	12	22	12	95	51	77	9	87	32	39	22	74	29	23	36	5	56	29	8	2	86	60	77	46	29	19	25	71	6	63	89	70	9	12	3	63	81	
2	38	93	83	49	97	95	86	44	7	17	38	59	95	66	94	76	94	91	50	100	29	56	5	45	9	65	90	33	4	8	25	64	94	41	40	67	68	10	86	
9	19	81	16	78	32	42	47	62	23	57	17	87	37	44	39	22	67	17	70	36	27	54	65	39	1	84	31	86	39	77	25	26	81	57	34	90	39	40	12	
5	83	70	74	49	10	87	8	28	86	40	83	11	61	25	18	65	80	57	44	45	54	46	35	53	31	58	83	70	45	35	63	22	26	9	45	94	78	73	44	
52	86	39	15	86	73	45	76	100	74	43	14	22	74	71	83	13	3	38	44	3	54	30	2	49	61	97	81	1	59	18	51	45	48	99	7	2	44	3	95	
28	95	12	67	1	67	3	42	16	25	10	17	48	84	99	42	81	95	44	47	95	9	75	1	76	79	50	87	35	60	53	2	22	44	79	13	43	11	58	20	
95	51	63	58	34	97	45	95	39	60	41	99	3	99	26	37	44	83	42	99	72	91	48	99	13	52	8	17	80	100	52	29	41	35	4	3	37	36	72	77	
98	52	24	77	98	41	52	40	67	25	37	79	38	53	9	16	59	79	78	94	87	37	33	48	71	53	52	48	68	18	48	76	59	28	85	9	55	95	2	58	
89	64	17	42	32	32	86	26	69	45	23	50	76	71	49	63	56	79	81	36	15	42	73	43	14	7	92	39	95	66	54	43	79	56	77	97	31	34	29	68	
49	67	50	8	73	60	44	60	61	83	10	100	71	80	15	7	10	2	65	2	74	68	22	19	97	14	61	4	82	7	20	56	91	20	55	43	3	11	30	96	
On machine	3
37	60	7	28	40	52	38	64	87	52	40	51	59	64	49	41	90	84	61	39	6	41	77	32	47	45	15	84	73	37	19	99	33	35	56	56	29	59	42	10	
42	61	33	58	90	23	78	74	31	5	53	2	67	42	79	17	24	73	20	15	89	68	20	64	81	95	25	43	23	8	88	48	95	25	12	83	49	95	87	82	
19	42	29	44	100	89	70	96	22	100	11	39	71	7	39	93	8	52	94	35	9	55	6	16	89	5	26	5	21	75	15	1	7	25	61	71	17	11	98	90	
98	14	80	78	76	74	53	20	62	50	31	62	88	97	90	88	93	20	69	22	37	4	2	99	75	9	73	5	36	79	39	94	32	68	64	38	72	62	35	18	
53	94	12	77	64	13	34	41	67	18	58	20	98	97	56	51	90	47	69	27	14	41	37	2	27	41	17	52	62	10	87	63	43	47	37	48	48	23	32	23	
25	76	54	4	15	50	45	3	12	49	1	32	86	93	100	16	12	5	77	32	95	6	51	35	20	38	14	2	93	28	38	86	42	33	35	66	38	71	9	1	
58	93	42	6	22	40	36	34	38	29	62	14	58	43	94	81	33	53	40	49	26	7	14	81	16	85	27	49	92	45	85	62	72	79	6	51	38	33	17	65	
82	12	74	17	12	64	51	55	13	10	21	51	15	48	47	33	100	97	41	87	40	3	71	38	81	69	62	92	87	1	83	80	11	10	64	19	24	53	60	43	
25	53	83	93	34	88	92	2	41	56	64	94	22	18	68	20	10	25	27	5	65	50	7	29	82	44	28	78	39	42	84	70	85	52	68	11	65	70	3	84	
40	78	42	43	52	76	12	1	71	31	31	86	39	99	55	54	43	60	17	75	41	72	91	32	100	13	98	29	96	86	67	11	24	44	94	58	15	11	100	46	
67	37	56	19	54	77	33	44	33	37	93	78	85	98	77	92	3	28	43	54	92	72	36	55	78	92	92	15	74	63	62	49	58	85	65	39	93	26	7	51	
12	76	71	6	36	17	42	84	49	19	61	51	57	41	94	51	9	25	92	9	95	18	96	50	97	79	2	35	13	64	79	67	38	11	11	33	65	4	78	14	
19	8	19	68	34	84	89	44	82	72	94	62	54	78	29	19	60	85	94	51	45	90	79	84	16	69	57	53	53	83	49	19	16	74	69	41	7	38	74	78	
53	23	50	4	68	87	56	66	10	97	87	15	62	45	9	33	85	39	2	43	51	18	83	79	69	58	47	26	6	86	91	69	1	65	96	28	61	95	3	69	
40	38	72	75	76	51	64	47	67	35	56	39	88	86	5	5	30	95	1	31	93	52	25	69	99	46	49	10	28	40	65	42	61	57	89	66	74	72	40	30	
46	3	40	25	63	78	5	15	6	17	31	83	44	40	52	97	70	7	3	77	74	97	30	70	78	32	30	10	16	18	32	22	27	51	30	72	85	26	76	27	
34	16	85	31	72	67	85	46	71	19	11	47	78	91	58	40	55	38	31	49	3	43	2	31	74	45	47	73	38	43	75	98	33	81	59	43	32	60	34	44	
5	47	66	86	61	89	1	46	43	8	17	8	79	14	9	68	42	47	29	8	41	84	88	20	20	91	33	7	53	23	41	87	77	81	82	51	47	35	83	78	
50	72	90	70	24	44	46	86	8	49	30	41	95	85	5	57	34	91	36	63	71	41	80	11	75	47	53	50	3	53	24	69	45	53	67	37	29	51	35	33	
75	1	84	56	67	91	77	4	36	19	42	70	97	9	61	83	78	93	21	10	5	80	76	19	52	71	53	59	90	73	1	1	68	53	77	25	70	61	91	67	
46	41	12	45	48	31	87	12	58	29	48	13	66	95	59	64	18	7	30	13	12	54	32	14	38	77	8	39	23	63	65	48	39	85	23	52	47	27	98	75	
80	93	41	25	78	90	22	43	84	68	64	23	7	17	16	31	26	43	61	75	19	78	82	56	51	41	61	47	27	58	98	50	60	88	56	3	68	34	15	34	
77	90	37	5	94	30	42	54	96	17	99	97	90	65	90	35	76	59	4	34	28	67	22	21	10	75	65	51	73	74	19	83	86	42	47	23	97	73	92	13	
35	90	4	89	43	92	73	100	23	51	71	41	29	71	72	6	96	9	91	65	73	71	51	71	87	79	40	96	86	71	88	49	91	51	71	55	27	43	75	69	
71	91	65	11	50	33	52	63	9	10	4	24	83	59	22	18	47	57	78	33	67	27	44	2	34	15	80	18	97	11	76	28	45	13	76	45	20	29	92	81	
99	90	92	61	95	24	75	47	27	93	4	22	20	21	10	79	57	58	23	19	14	99	88	34	36	48	3	63	7	79	57	92	2	58	21	97	78	25	60	48	
42	61	46	79	2	45	69	66	11	52	76	58	49	24	23	15	54	89	98	69	86	48	47	92	52	49	8	2	4	99	16	51	65	4	80	68	77	4	1	41	
70	98	68	15	79	12	22	66	99	19	61	54	74	11	58	85	98	60	89	4	52	65	86	53	59	51	62	72	12	46	49	61	2	91	69	26	88	37	59	89	
33	86	40	32	94	57	19	38	23	49	76	49	79	47	12	90	13	68	32	33	51	97	63	46	28	19	36	14	67	15	11	18	37	34	35	65	11	16	56	96	
56	6	70	35	12	22	1	66	38	42	14	5	47	95	18	23	96	67	10	89	48	8	83	26	53	100	90	6	29	34	99	3	28	43	81	47	88	4	25	20	
3	25	12	1	92	91	90	90	9	82	77	9	72	22	45	57	77	15	37	59	27	67	38	39	85	38	7	57	14	24	88	65	36	30	47	84	18	78	55	9	
96	68	7	59	51	77	71	55	33	72	53	47	25	45	67	20	67	61	90	57	11	55	62	14	52	32	85	8	64	94	21	17	76	98	86	6	40	99	64	3	
64	61	64	16	17	82	40	1	7	48	92	59	35	83	84	17	60	64	15	39	10	25	29	54	58	99	16	4	32	66	23	19	74	96	47	60	100	33	83	72	
25	21	56	58	17	3	52	94	23	24	2	70	45	67	81	60	9	95	80	95	99	62	86	57	56	25	27	32	21	67	83	59	100	74	5	76	30	59	35	3	
98	6	28	9	65	91	18	46	86	43	9	40	48	17	84	10	62	82	78	100	58	63	60	59	1	54	13	79	53	68	34	34	64	62	95	56	1	17	9	61	
37	22	21	51	27	41	85	5	99	73	22	88	99	45	34	71	55	10	3	60	7	29	79	52	58	38	45	91	33	73	56	90	1	40	43	64	97	53	85	40	
68	58	66	71	45	82	25	65	79	45	47	94	19	18	35	89	40	12	12	49	79	36	29	18	39	70	23	99	54	18	48	81	88	59	61	14	64	52	81	11	
48	63	65	15	90	56	99	81	29	23	7	55	93	57	58	4	6	42	57	27	69	46	70	2	40	30	13	97	99	49	54	54	59	25	93	69	64	74	98	100	
66	68	90	85	7	100	13	43	79	18	53	78	23	92	47	41	63	50	73	56	70	77	92	6	36	89	83	93	88	48	27	21	18	42	37	99	94	42	25	62	
57	54	39	94	67	53	71	6	18	28	41	15	71	15	75	47	58	9	35	79	86	3	48	89	74	33	76	81	33	1	21	98	1	65	24	43	62	43	71	15	
On machine	4
89	31	69	14	99	91	20	29	30	33	1	67	56	2	84	53	81	94	11	30	46	12	67	51	58	95	30	79	44	49	69	15	19	59	21	80	29	73	69	7	
43	100	78	21	35	25	27	62	44	31	2	4	90	16	58	29	1	52	98	73	52	71	90	25	41	4	13	30	7	14	35	38	86	82	12	20	70	60	1	39	
90	22	21	41	67	35	54	40	30	69	85	16	2	90	91	70	78	19	73	64	89	5	95	18	30	11	37	37	79	76	94	75	8	67	20	38	89	68	15	31	
28	77	25	21	20	25	26	6	47	19	50	38	4	86	23	43	12	12	27	24	54	84	30	97	38	29	39	74	68	28	65	52	76	64	76	52	31	80	85	65	
15	48	2	24	88	6	97	81	88	76	80	57	64	9	93	2	47	64	63	19	94	1	64	85	9	83	36	29	10	36	19	42	83	79	74	49	16	28	88	35	
37	15	38	64	49	86	71	90	28	24	26	23	66	58	68	55	20	49	59	55	98	80	47	42	66	43	59	62	9	56	3	79	31	9	95	92	56	27	48	65	
28	26	45	63	86	40	66	85	24	34	12	88	50	84	55	38	77	69	99	96	22	43	80	23	100	63	58	42	78	24	9	98	52	41	21	63	35	41	76	5	
62	43	74	6	24	60	58	100	16	11	84	36	20	83	58	12	61	13	82	71	74	14	36	3	63	9	68	39	96	60	23	45	2	75	15	38	20	69	40	8	
6	55	52	89	11	87	5	30	93	17	9	80	49	44	11	22	82	27	84	55	29	77	56	6	95	86	78	36	12	46	81	44	100	80	61	50	74	36	57	28	
62	1	26	36	46	74	48	72	53	54	48	30	4	53	61	92	22	32	95	3	81	40	61	58	33	91	14	94	29	64	14	31	92	16	5	82	86	73	61	41	
75	10	56	5	91	87	56	11	86	62	42	97	49	10	28	4	70	59	30	90	37	10	76	96	32	75	30	17	24	92	28	80	76	47	83	4	38	27	88	6	
48	19	15	24	44	28	58	72	99	44	79	90	66	62	75	53	22	84	5	30	30	23	27	19	38	74	59	7	38	34	40	59	91	44	22	17	38	42	63	22	
31	7	12	66	27	85	12	98	57	50	79	93	41	71	33	16	66	62	91	46	82	10	26	84	24	99	56	92	5	81	52	52	66	67	61	41	1	86	45	69	
57	98	18	98	39	87	57	4	59	80	71	72	44	70	25	70	14	82	91	48	32	16	99	60	65	36	42	29	79	90	39	68	68	90	39	24	44	31	41	51	
71	23	71	91	65	75	17	5	82	49	16	79	9	63	13	16	44	58	19	60	26	91	23	5	24	13	7	37	20	75	56	28	46	79	15	25	31	63	10	80	
76	51	72	23	69	87	67	94	10	70	9	19	78	3	55	90	17	47	32	55	33	40	42	77	53	32	8	87	34	49	48	29	99	32	77	9	51	59	31	35	
60	71	2	78	50	82	97	35	64	37	11	83	30	17	71	40	88	31	68	8	6	62	75	46	48	100	69	21	36	63	11	50	17	21	47	92	58	58	3	94	
4	54	57	81	93	51	47	98	98	47	64	38	85	41	63	36	6	92	34	59	75	64	78	25	26	41	36	7	32	45	35	86	34	62	61	24	78	56	39	3	
92	52	85	47	22	2	20	71	18	2	74	10	33	69	63	74	23	14	14	53	37	99	12	34	78	26	66	78	19	99	49	39	1	7	93	93	35	41	51	91	
15	57	3	16	77	62	72	54	35	53	35	79	84	86	58	31	47	97	98	61	53	53	42	98	14	39	74	85	53	99	26	75	90	10	23	71	16	8	4	25	
78	60	77	89	51	20	92	41	42	95	96	78	63	72	55	71	10	68	26	54	11	27	50	37	23	7	49	56	34	50	23	79	98	73	94	39	62	92	68	96	
90	96	16	17	30	51	82	23	26	7	95	15	85	53	60	63	85	27	9	71	22	40	61	80	88	19	92	72	82	71	37	31	76	77	30	22	21	70	57	18	
58	67	79	39	61	22	54	38	41	71	51	35	8	10	82	63	7	55	26	17	47	35	51	88	8	37	26	24	2	46	42	60	21	52	56	79	61	17	2	54	
74	74	35	90	2	37	82	33	68	32	96	59	100	79	26	73	17	41	4	41	13	14	99	53	91	95	53	48	49	70	34	38	65	60	41	94	13	8	21	62	
42	98	57	63	93	4	11	99	91	44	52	7	71	82	22	40	1	23	46	71	98	90	52	87	13	53	25	28	28	56	63	94	23	62	75	20	88	92	20	81	
11	34	70	11	68	38	73	98	43	24	63	99	55	96	83	34	75	70	99	92	41	23	65	9	95	90	1	37	14	2	66	37	81	23	74	97	67	51	75	75	
61	14	76	98	6	88	91	17	71	54	52	2	20	35	17	90	4	49	67	77	14	38	62	89	28	88	97	60	5	65	88	59	93	74	9	26	44	74	72	72	
36	78	58	33	38	24	80	91	79	64	22	21	2	17	86	63	5	32	17	18	61	66	68	34	70	43	2	89	71	11	86	45	2	44	70	42	47	68	43	66	
46	21	28	69	30	98	47	17	52	87	67	1	20	60	3	59	42	54	7	48	95	98	25	15	90	14	97	10	34	57	92	76	53	71	30	77	31	53	90	48	
3	14	92	2	78	22	49	96	86	38	65	50	100	80	17	61	12	12	21	98	96	59	17	80	4	22	56	85	5	35	22	59	81	32	86	29	98	76	94	39	
69	19	26	97	72	44	50	72	35	56	80	61	4	20	5	48	94	79	87	20	63	35	82	20	68	57	59	73	24	27	22	57	15	81	91	75	46	26	16	36	
20	60	25	70	3	98	39	78	43	77	77	63	22	61	44	69	33	2	70	52	37	86	85	53	6	5	13	26	24	2	3	76	51	99	55	80	12	29	5	11	
96	8	71	47	73	30	47	51	7	6	27	32	25	78	36	1	47	2	54	7	51	33	100	22	67	10	56	4	56	27	54	19	85	97	94	57	81	73	95	46	
75	33	21	2	19	5	21	75	69	4	68	1	78	50	25	72	100	56	55	38	3	82	66	82	37	59	49	36	53	62	56	70	80	16	90	66	88	17	26	25	
90	48	13	7	33	33	99	59	71	97	36	34	92	33	25	48	65	74	91	75	2	49	66	6	23	73	57	88	43	6	61	29	54	88	7	8	18	43	7	87	
28	22	59	28	4	61	43	32	76	15	94	85	16	67	93	48	95	27	26	11	37	6	8	75	30	83	9	13	3	47	64	32	38	77	4	43	62	92	32	23	
35	85	9	35	54	55	37	18	45	55	81	4	94	71	77	85	10	46	31	15	4	93	53	70	30	41	31	88	95	64	72	77	93	80	4	9	85	34	62	45	
45	67	26	88	13	57	50	17	77	55	65	23	78	74	24	80	55	51	16	95	38	93	71	22	63	57	99	79	52	34	100	29	90	62	77	33	3	38	66	69	
36	49	55	4	52	25	24	47	54	9	19	44	36	74	42	22	13	70	26	68	4	33	15	69	69	40	35	31	7	96	37	35	86	29	25	76	32	30	65	23	
27	42	13	39	72	43	91	40	70	66	33	26	32	19	36	39	93	26	14	96	18	58	34	84	80	54	47	77	59	13	90	32	29	38	88	35	39	20	60	50	
On machine	5
15	54	52	79	33	23	57	45	95	7	79	94	27	33	67	55	30	16	77	33	19	15	81	66	40	50	49	42	69	66	19	54	23	72	31	16	79	21	72	32	
2	32	11	10	71	4	75	22	39	99	55	53	72	51	77	88	65	57	85	54	33	20	78	29	91	51	98	5	81	69	71	48	31	7	36	49	61	31	94	95	
99	16	65	68	82	82	90	95	100	31	30	52	80	66	3	22	74	51	97	37	59	35	16	76	54	42	36	100	14	90	65	55	96	74	12	64	87	47	93	60	
28	77	74	71	29	37	68	47	53	61	57	90	75	96	30	70	34	32	33	78	86	66	86	18	67	9	14	75	38	62	24	16	94	90	48	1	77	36	7	22	
27	64	52	94	26	44	100	52	95	42	5	45	44	22	94	72	47	18	36	95	21	91	24	42	30	94	35	80	24	19	54	4	61	36	8	66	23	9	16	51	
14	23	11	55	93	67	89	40	21	92	63	97	28	75	97	49	27	10	37	38	13	82	76	49	35	86	99	10	80	73	33	95	27	63	91	42	44	19	40	48	
8	19	25	48	33	29	80	16	33	53	1	20	60	66	5	53	92	13	47	14	85	27	35	52	30	39	33	31	54	76	41	90	38	12	72	95	41	85	75	96	
53	31	91	61	90	26	73	80	65	45	58	89	3	40	42	21	69	90	9	97	14	82	94	35	43	50	31	73	7	84	52	9	83	48	19	48	67	27	76	29	
41	7	86	96	5	91	6	12	55	84	39	42	61	23	25	19	72	1	14	7	16	45	41	47	10	5	81	88	62	44	46	73	69	50	2	20	1	72	7	31	
18	85	95	44	3	65	32	77	1	66	16	6	71	32	44	69	43	93	53	39	56	65	7	84	85	54	22	26	8	19	97	91	82	86	93	8	55	83	42	55	
97	72	15	63	74	54	92	73	17	37	95	83	100	22	24	74	84	28	82	41	89	81	88	40	93	2	33	90	41	2	46	95	81	7	2	29	73	66	16	57	
25	83	83	16	23	96	19	55	18	38	98	36	5	85	29	29	20	18	35	66	27	53	74	46	68	55	17	70	21	64	78	26	83	46	74	60	57	38	53	42	
28	87	70	74	67	99	30	80	94	72	27	32	14	48	81	28	63	61	84	44	78	92	73	52	94	63	74	54	45	84	83	24	82	64	78	36	89	8	37	19	
28	70	94	3	17	76	91	93	94	32	75	89	79	39	29	10	90	36	40	21	35	79	31	21	71	23	86	90	23	71	92	71	69	44	94	80	86	72	60	32	
12	69	47	2	65	72	6	50	93	60	41	42	84	46	87	29	8	79	6	24	66	60	41	68	47	52	45	87	49	12	76	6	61	66	34	62	19	100	96	82	
80	27	99	13	88	53	69	40	64	76	35	46	90	60	22	78	86	84	37	64	7	56	59	48	42	49	57	71	98	14	23	63	54	54	48	22	19	45	35	54	
36	87	47	15	34	98	77	36	35	88	16	39	32	73	29	87	79	6	17	47	98	46	44	45	72	56	6	36	87	49	68	6	44	75	35	12	51	46	45	83	
98	42	41	27	75	74	39	30	19	80	64	68	58	8	13	88	53	41	75	49	11	65	83	69	63	4	76	6	32	57	97	63	2	84	83	61	88	19	3	16	
3	47	32	55	54	25	19	51	71	77	2	71	17	42	2	15	61	63	92	78	10	58	39	88	68	49	4	98	5	9	6	20	59	11	67	27	8	32	83	36	
22	97	87	67	5	3	4	24	64	35	25	7	56	25	6	42	71	34	75	7	28	27	97	23	74	36	3	79	9	41	55	41	31	60	42	85	16	20	5	43	
53	32	94	16	83	42	34	9	80	58	16	87	33	65	54	73	24	51	50	66	28	77	89	3	74	87	31	96	30	73	85	90	35	63	70	52	79	74	55	80	
86	9	99	81	5	60	27	90	46	8	38	93	2	43	67	97	90	25	98	58	70	23	88	51	72	27	75	12	39	96	5	12	70	31	44	24	71	95	26	62	
64	89	46	21	50	19	7	69	4	54	39	13	97	41	62	51	52	88	76	52	64	61	49	69	72	69	51	1	96	94	97	48	93	72	98	91	90	98	56	29	
35	42	94	58	82	44	84	82	52	38	25	8	61	32	49	15	87	54	4	52	20	66	15	9	42	96	70	6	18	83	25	63	24	26	23	41	2	90	28	76	
76	30	54	71	51	53	70	17	36	87	40	37	58	58	56	77	74	62	54	17	7	90	32	89	39	33	34	65	73	53	35	64	47	11	79	55	53	12	8	49	
30	59	69	99	63	66	59	88	42	97	22	59	33	12	20	63	99	52	84	20	22	17	50	15	17	58	32	90	100	42	24	17	38	90	24	8	98	95	70	78	
25	57	98	93	47	51	65	79	20	33	43	80	46	76	75	5	92	6	93	61	64	18	12	66	83	60	86	46	32	95	56	22	92	94	86	63	74	62	79	99	
40	90	1	74	52	4	52	74	69	87	90	72	56	96	30	76	18	82	49	86	41	64	26	30	71	21	7	33	45	2	2	89	84	63	92	50	20	85	15	2	
39	29	36	14	28	77	5	31	15	59	59	52	76	42	46	16	77	45	95	18	37	45	42	51	43	54	70	44	72	49	38	37	44	21	57	65	42	4	24	18	
37	91	42	55	93	80	21	97	19	2	35	91	94	74	7	22	86	93	69	75	34	70	20	30	56	78	62	19	31	69	13	94	40	70	40	61	93	74	87	61	
60	89	64	77	3	85	2	45	20	40	75	21	74	67	28	70	68	44	44	29	38	4	59	88	70	21	12	20	80	100	76	95	25	97	28	82	60	51	65	66	
31	77	51	72	37	5	100	17	64	60	9	31	8	58	82	57	60	28	98	69	1	79	89	60	89	14	93	70	3	91	97	31	35	90	45	77	7	91	31	95	
19	93	47	81	100	18	69	40	73	1	85	32	9	38	24	21	61	53	41	27	37	1	71	57	38	18	89	4	71	45	21	71	98	3	97	22	76	57	6	36	
91	14	15	21	32	89	79	8	97	93	66	87	49	22	53	68	1	2	95	4	61	68	66	79	24	83	78	83	72	18	77	52	90	34	39	63	37	53	48	89	
84	2	83	40	28	41	77	52	78	37	91	87	19	66	62	89	10	16	96	81	70	29	64	29	67	94	29	44	100	61	29	6	31	81	16	60	73	54	42	37	
13	19	89	11	86	29	37	42	59	82	34	49	83	90	84	47	78	48	2	66	70	57	17	66	69	56	45	75	22	38	79	86	74	36	81	21	85	89	20	46	
68	57	60	78	74	86	49	54	38	19	92	50	39	62	35	80	55	18	26	71	55	12	54	32	51	73	7	85	74	25	1	16	21	10	58	75	72	40	75	2	
47	84	48	8	2	43	13	97	36	48	35	47	25	8	94	79	95	5	95	87	89	57	73	70	25	72	28	3	88	25	7	78	3	53	70	67	64	44	6	1	
17	92	28	90	92	3	63	67	44	72	50	34	3	85	29	58	17	36	14	75	68	55	87	39	56	97	39	45	72	21	38	47	93	57	77	77	91	19	21	72	
63	11	58	51	68	90	87	37	52	21	84	27	100	24	97	49	14	80	17	40	43	11	65	93	49	44	38	36	99	55	60	37	71	81	61	51	71	59	41	99	
On machine	6
43	43	15	47	45	40	75	4	78	63	18	77	36	89	43	65	97	47	47	11	95	88	40	15	48	42	9	63	9	96	41	8	97	78	1	7	75	49	31	36	
71	33	100	64	88	48	56	60	68	92	57	73	4	8	17	22	96	11	40	74	53	46	9	27	43	67	87	2	65	49	71	84	6	6	77	60	39	55	60	14	
87	99	2	7	90	50	83	14	73	35	4	55	16	32	64	94	32	5	66	45	100	11	37	22	91	27	39	83	68	90	40	63	69	46	67	22	56	90	26	51	
63	90	35	61	13	58	89	11	78	24	44	73	35	88	32	24	17	35	28	63	68	13	10	11	19	43	85	8	14	53	35	25	75	45	48	73	73	4	2	87	
10	45	15	99	39	7	60	71	5	30	67	57	66	25	55	37	68	94	2	13	18	74	60	35	5	63	43	87	28	63	86	34	90	51	81	70	83	44	25	46	
66	72	64	5	99	41	24	18	1	29	52	39	57	33	91	82	8	72	32	19	85	38	21	31	98	22	68	41	48	84	27	35	33	22	71	67	78	21	63	6	
30	74	46	36	2	87	10	38	96	92	11	41	93	42	87	32	41	99	11	59	86	21	2	60	98	95	28	22	88	34	54	85	22	85	12	78	58	39	35	75	
74	40	60	8	7	38	64	55	48	17	97	57	92	1	50	14	8	72	19	39	89	31	7	10	2	76	29	55	8	37	48	4	70	91	71	97	88	94	64	57	
75	36	28	19	35	76	35	25	3	92	12	3	44	36	100	7	21	25	23	47	74	6	99	7	32	18	88	72	39	26	32	34	65	84	23	53	22	9	89	25	
12	27	27	20	30	90	44	38	83	71	69	88	16	17	99	98	71	20	35	81	5	31	74	13	18	14	46	14	6	12	9	82	23	5	96	14	58	7	47	68	
22	15	59	61	39	18	64	98	51	93	88	60	69	80	99	96	31	5	81	52	74	69	89	99	79	87	68	35	17	18	85	97	56	15	33	37	55	2	70	31	
61	57	4	64	24	21	84	17	16	34	92	93	59	49	26	21	17	92	5	77	70	92	62	65	97	66	79	9	79	40	29	20	17	1	53	3	2	19	67	17	
16	4	27	90	33	95	45	56	61	36	88	30	50	83	86	43	82	49	70	53	72	16	17	31	22	100	56	39	74	13	86	4	96	47	47	15	39	27	72	52	
93	28	82	96	36	18	29	45	71	78	24	33	65	58	10	94	37	62	86	85	89	19	79	58	75	23	30	91	97	14	1	93	56	39	62	67	45	6	59	49	
79	60	78	68	99	3	48	78	81	24	58	44	66	2	84	94	66	21	37	64	36	67	87	66	44	69	55	21	33	29	48	40	15	63	85	27	54	38	71	23	
63	81	75	70	34	69	68	30	41	24	45	60	88	74	17	61	82	79	3	56	67	21	28	69	78	20	43	3	49	55	51	69	18	93	55	5	60	72	98	88	
23	76	44	100	29	40	17	72	45	24	33	58	84	22	3	30	21	54	70	2	80	63	29	95	35	44	97	75	57	76	76	93	32	50	8	52	5	39	74	60	
38	88	48	61	99	83	38	13	91	85	96	56	85	13	3	14	62	51	13	62	5	56	69	4	10	45	27	40	7	66	4	60	20	84	42	58	97	4	63	47	
93	30	3	47	37	70	46	47	6	90	2	98	95	64	5	55	54	25	7	71	33	54	63	74	76	50	50	24	5	93	12	100	87	96	21	13	55	4	59	80	
27	95	78	5	92	32	16	12	87	47	35	78	83	85	99	40	45	57	28	25	60	71	11	40	24	55	60	8	28	5	9	1	47	36	68	21	35	37	30	81	
23	62	47	74	39	82	96	67	60	98	76	75	38	69	26	7	44	40	51	42	55	68	27	40	7	36	17	76	69	34	11	32	98	50	26	96	50	17	70	35	
45	99	82	79	18	99	48	40	17	77	66	75	42	38	79	59	46	19	15	12	13	56	52	78	41	19	78	31	42	3	2	92	11	47	79	25	60	49	72	53	
96	57	1	25	33	34	96	59	18	70	7	30	28	77	11	30	4	6	50	90	15	67	38	90	95	86	49	89	26	84	24	60	64	93	28	27	17	20	73	44	
7	96	49	49	82	23	13	6	30	74	74	32	77	14	91	48	92	29	25	67	21	51	95	45	23	67	39	100	54	73	40	18	18	74	82	43	50	94	19	92	
15	16	98	6	7	90	6	60	55	43	55	42	92	71	41	98	37	50	38	53	43	16	24	93	51	2	60	34	12	32	47	77	89	19	55	48	61	25	25	52	
23	29	68	47	56	79	86	42	23	78	13	14	29	81	17	12	25	10	88	3	61	63	23	21	93	31	87	10	100	91	26	20	97	77	10	74	40	19	82	36	
93	80	37	31	91	44	11	25	17	90	87	82	25	55	65	52	38	96	23	68	96	2	15	2	69	77	43	27	78	83	85	13	78	79	92	71	22	30	67	18	
30	92	24	87	7	86	27	1	82	19	76	13	88	56	34	65	50	12	42	38	11	40	15	5	38	96	15	87	86	38	3	80	25	98	18	57	88	14	64	5	
45	67	68	63	65	25	22	16	12	59	66	18	54	1	89	16	87	41	23	20	50	49	12	34	49	48	3	18	52	42	55	37	40	100	76	80	14	91	83	32	
52	89	25	4	95	27	57	85	63	60	14	64	94	49	46	10	11	44	94	44	90	51	22	67	99	75	25	20	4	20	56	93	90	38	42	49	100	52	36	58	
62	89	6	63	40	76	94	70	11	88	22	68	70	32	12	43	13	7	86	57	70	51	43	83	66	67	89	58	2	58	75	77	5	90	61	19	77	10	6	19	
100	35	69	74	33	89	73	79	99	44	14	82	29	37	79	85	82	99	54	94	48	5	88	27	3	25	25	18	40	73	36	25	26	42	98	29	59	3	17	57	
28	59	83	74	1	40	32	56	97	86	9	4	20	27	21	60	58	13	29	98	70	71	98	96	27	56	85	27	3	100	60	35	65	87	76	34	45	71	71	57	
25	40	38	19	46	10	53	63	59	7	81	85	14	16	78	76	60	21	26	42	30	18	10	99	29	24	29	78	98	47	90	14	38	70	45	60	91	14	27	30	
24	14	9	91	62	66	55	12	12	9	30	39	39	9	48	77	65	62	94	82	67	34	22	91	34	11	46	67	63	41	89	23	93	6	21	82	42	27	44	85	
25	89	55	98	43	64	80	35	77	54	3	33	37	75	31	94	30	28	73	32	73	9	46	71	30	52	9	9	59	14	91	19	95	84	42	22	94	55	83	4	
20	79	40	81	63	90	46	57	9	11	79	66	78	13	6	78	21	46	45	11	89	52	75	66	15	54	15	69	47	34	30	19	15	50	1	52	78	12	61	90	
100	50	90	3	5	26	77	48	13	10	53	77	83	80	72	22	97	84	79	77	34	62	27	53	65	65	34	35	86	52	37	3	34	25	87	61	59	99	31	20	
40	64	37	87	34	14	26	14	12	49	88	79	33	46	16	18	3	63	67	66	98	30	99	77	57	78	35	45	48	92	72	39	30	87	17	5	73	14	13	43	
89	93	12	87	17	2	63	90	84	65	80	68	34	15	74	95	9	15	76	47	55	81	4	53	33	51	30	14	41	21	73	9	11	85	37	37	13	63	74	52	
