Factories	2
Families	40
Machines	2
SetupType	1

Number of Jobs in each Family
2	3	5	5	1	6	7	1	2	9	1	5	9	2	3	6	8	10	8	3	3	9	7	8	3	5	1	10	9	1	1	7	1	8	5	4	9	3	3	1	

Jobs in each Family
0	1	
2	3	4	
5	6	7	8	9	
10	11	12	13	14	
15	
16	17	18	19	20	21	
22	23	24	25	26	27	28	
29	
30	31	
32	33	34	35	36	37	38	39	40	
41	
42	43	44	45	46	
47	48	49	50	51	52	53	54	55	
56	57	
58	59	60	
61	62	63	64	65	66	
67	68	69	70	71	72	73	74	
75	76	77	78	79	80	81	82	83	84	
85	86	87	88	89	90	91	92	
93	94	95	
96	97	98	
99	100	101	102	103	104	105	106	107	
108	109	110	111	112	113	114	
115	116	117	118	119	120	121	122	
123	124	125	
126	127	128	129	130	
131	
132	133	134	135	136	137	138	139	140	141	
142	143	144	145	146	147	148	149	150	
151	
152	
153	154	155	156	157	158	159	
160	
161	162	163	164	165	166	167	168	
169	170	171	172	173	
174	175	176	177	
178	179	180	181	182	183	184	185	186	
187	188	189	
190	191	192	
193	

Total number of jobs
194

Processing times of jobs
2	3	
3	1	
1	9	
9	8	
8	2	
3	8	
9	8	
8	6	
1	10	
2	9	
1	9	
2	8	
6	7	
4	2	
6	3	
5	8	
1	2	
10	7	
10	6	
10	4	
6	7	
9	3	
4	8	
2	2	
7	2	
5	9	
1	4	
5	6	
4	8	
2	1	
1	6	
1	4	
5	7	
7	2	
8	4	
8	4	
1	2	
4	3	
6	1	
7	1	
8	5	
4	9	
1	6	
10	1	
3	4	
10	5	
9	2	
5	1	
8	5	
4	8	
8	3	
3	4	
8	8	
7	5	
6	6	
8	6	
6	1	
1	10	
3	7	
8	2	
2	2	
10	10	
5	7	
1	1	
9	6	
1	5	
7	5	
7	2	
10	7	
4	3	
9	10	
1	1	
5	5	
2	1	
6	5	
6	9	
1	9	
10	2	
1	3	
8	5	
1	8	
5	2	
2	6	
5	8	
6	1	
9	1	
4	1	
1	10	
9	8	
1	4	
4	8	
6	10	
8	5	
8	1	
5	6	
5	6	
4	8	
6	3	
8	7	
3	2	
4	7	
2	8	
4	10	
4	3	
9	9	
10	9	
2	8	
5	10	
9	9	
8	2	
10	1	
4	8	
4	3	
3	5	
7	6	
6	1	
7	6	
9	8	
6	9	
7	10	
10	4	
6	9	
1	10	
1	5	
8	9	
10	4	
2	9	
4	5	
2	1	
4	6	
2	1	
7	10	
10	1	
4	3	
1	9	
6	9	
3	9	
9	6	
6	5	
6	7	
4	1	
10	4	
4	3	
1	7	
6	7	
8	10	
3	9	
4	2	
10	2	
7	8	
5	3	
2	6	
9	4	
4	10	
6	6	
8	7	
9	9	
2	2	
7	9	
1	9	
9	8	
3	6	
6	9	
1	3	
4	2	
2	7	
7	9	
6	8	
6	3	
6	4	
5	1	
1	8	
3	2	
4	4	
4	5	
10	6	
10	6	
7	2	
4	3	
6	5	
5	2	
5	1	
7	8	
1	10	
8	10	
5	2	
4	10	
1	8	
4	10	
3	3	
6	2	
6	2	
8	6	
8	4	

Stepup times between Families, where [f][f] represents initial setup time
On machine	1
12	18	13	11	20	8	5	6	10	1	20	2	18	7	15	6	11	2	2	5	17	19	1	14	1	5	2	3	2	15	8	12	6	15	11	20	1	17	18	16	
20	2	1	18	14	10	13	19	7	4	12	9	19	2	9	12	6	1	4	3	11	5	10	13	10	20	12	5	9	11	4	6	6	14	11	19	7	5	16	14	
6	14	10	20	11	6	10	1	11	18	11	3	10	7	14	8	13	1	15	19	8	3	5	12	17	4	18	9	14	19	10	19	3	13	18	13	20	15	10	5	
2	2	16	17	15	8	7	5	10	15	2	1	15	20	15	18	9	8	2	12	14	5	18	14	3	4	5	13	16	10	15	14	4	5	13	15	9	4	15	12	
15	1	16	6	2	10	16	11	17	2	7	19	12	10	4	15	2	4	20	12	19	18	12	10	4	17	4	6	9	7	1	20	1	12	9	1	16	18	18	4	
13	15	17	16	7	2	16	17	7	19	13	14	14	19	13	11	11	8	3	14	14	14	9	19	10	3	1	11	6	2	16	10	2	2	4	17	20	9	18	6	
18	15	14	3	17	17	17	11	4	2	16	18	9	20	15	19	6	2	9	4	16	9	2	19	16	16	16	15	19	12	6	16	8	3	2	6	19	9	18	10	
1	17	13	16	1	6	20	13	5	1	19	8	5	12	16	11	18	15	5	18	3	2	8	4	5	12	5	4	5	14	7	14	14	11	20	2	7	3	10	17	
10	13	16	19	5	9	10	12	17	1	16	17	17	12	9	14	20	13	14	5	14	17	16	10	12	15	12	17	18	15	18	7	9	17	8	16	13	15	8	12	
13	6	3	14	8	13	19	5	18	18	3	13	11	9	5	17	7	18	17	9	7	14	16	14	19	17	4	9	17	7	6	16	17	9	19	7	1	5	19	3	
10	16	19	16	12	10	10	20	6	15	11	1	10	9	9	7	16	2	14	20	4	7	20	4	1	18	9	17	11	16	14	6	9	9	14	9	20	8	8	3	
14	18	6	11	14	15	3	11	7	3	20	6	11	14	2	16	6	13	19	8	11	19	6	19	2	16	20	18	7	20	1	10	10	19	6	1	12	16	16	8	
17	20	16	10	9	17	9	8	20	2	15	19	13	1	1	10	2	18	13	1	14	1	2	20	19	15	11	4	11	5	14	18	9	2	8	6	19	6	7	19	
2	2	20	16	8	18	5	10	17	1	18	3	17	19	20	14	5	5	9	8	20	1	11	19	16	4	3	20	9	16	13	3	1	13	9	17	8	14	12	5	
14	8	13	3	11	7	17	13	11	2	5	5	18	4	10	13	1	2	5	5	14	7	20	14	16	9	20	7	11	2	5	13	18	19	15	19	1	12	15	15	
9	8	9	10	2	15	10	1	5	5	9	9	3	16	18	4	12	4	16	6	14	10	4	15	4	11	8	9	19	6	20	20	12	5	18	20	4	20	1	19	
8	15	13	16	7	6	9	15	20	1	9	14	8	12	5	19	1	11	1	11	16	14	18	10	12	1	17	4	11	10	18	3	17	7	4	2	14	1	20	10	
9	17	11	6	19	18	7	5	8	3	12	3	8	7	7	15	16	18	4	11	8	14	17	5	4	18	10	14	18	6	6	4	11	11	6	4	19	7	16	12	
2	20	11	5	20	1	17	17	5	2	9	4	6	18	14	12	15	10	15	17	1	11	5	2	1	7	18	6	9	4	3	2	3	17	9	15	16	17	11	6	
15	5	3	6	6	5	13	9	3	14	20	11	11	3	8	4	16	17	19	1	17	11	5	13	10	14	1	15	11	14	9	14	13	5	17	8	11	12	14	20	
19	18	11	12	5	11	3	14	7	14	10	9	10	11	12	18	15	8	1	3	18	8	15	7	7	20	9	3	18	13	18	13	5	11	1	16	7	1	14	3	
15	5	5	1	8	5	9	16	8	18	8	1	8	15	17	12	10	13	10	3	10	2	3	4	13	4	18	14	8	16	17	17	7	14	13	7	13	3	12	13	
6	16	6	6	10	4	11	4	18	9	12	12	12	11	2	8	8	2	3	20	16	17	16	2	16	18	3	17	15	16	14	15	16	10	19	13	8	2	17	8	
14	7	11	14	16	3	12	15	2	11	14	16	9	14	7	7	14	8	1	4	2	12	5	8	4	9	15	20	17	2	3	16	19	3	7	20	1	2	19	19	
14	13	5	11	20	1	10	4	4	12	1	8	3	8	11	14	6	4	18	1	17	11	6	20	4	17	12	8	16	4	17	1	13	20	6	20	8	2	18	16	
6	11	5	20	17	3	6	13	7	8	12	17	13	13	4	15	10	10	14	20	4	9	16	4	2	6	19	17	3	8	17	9	1	16	7	14	17	1	12	11	
19	20	13	20	5	20	6	6	9	5	9	20	2	10	10	10	14	13	15	20	1	19	16	17	9	3	14	12	11	19	11	18	5	8	9	10	4	1	17	10	
4	11	13	6	10	3	18	17	20	20	14	10	3	15	16	13	13	13	1	15	2	4	1	4	6	8	1	14	19	3	15	17	7	6	19	9	18	2	3	3	
5	12	15	15	1	9	7	13	6	13	18	19	7	12	17	15	13	1	7	2	18	10	14	15	15	4	1	20	9	1	15	18	13	16	12	19	6	20	15	13	
12	19	8	4	13	11	19	12	7	10	8	20	8	11	8	2	12	9	5	20	1	3	5	10	19	12	16	2	15	16	3	8	14	15	11	6	5	6	15	14	
15	3	1	17	17	16	19	8	1	20	17	17	3	13	5	9	16	12	11	11	7	9	6	15	20	6	11	16	15	12	9	11	6	17	1	13	18	4	14	15	
19	16	19	19	6	14	15	17	7	13	5	15	3	12	14	11	19	11	4	3	10	14	13	13	7	15	11	19	19	12	13	5	18	16	1	1	11	2	15	12	
13	2	3	10	14	17	6	2	19	7	15	15	18	7	11	1	4	1	5	9	19	14	12	18	9	1	9	13	9	17	17	16	13	20	7	12	1	10	2	12	
7	9	14	4	12	3	3	15	18	4	10	9	15	1	3	20	4	13	2	9	1	12	2	10	20	2	6	1	16	17	6	3	16	1	10	9	4	18	13	7	
19	3	17	16	6	14	2	18	12	3	8	18	15	14	8	5	9	4	4	12	14	1	10	1	14	3	15	20	13	1	2	1	7	10	20	2	5	20	17	11	
5	8	15	8	10	20	16	3	2	14	14	6	16	7	2	11	19	16	2	11	4	15	20	12	5	13	14	7	19	3	8	16	6	15	18	18	2	8	7	14	
20	17	2	12	5	1	6	17	2	7	5	7	9	4	13	9	14	1	15	2	9	19	11	1	8	4	4	18	8	16	11	11	13	16	14	15	2	1	7	3	
17	8	2	16	2	9	11	8	14	13	11	8	15	5	14	6	14	20	10	14	4	20	10	10	5	19	8	6	18	11	19	9	13	4	8	6	18	5	4	9	
4	18	2	18	20	4	18	10	9	17	1	19	13	10	18	19	19	11	6	16	10	6	7	14	9	2	14	8	3	12	14	8	4	6	17	14	13	20	9	2	
9	17	13	9	8	4	1	5	8	18	19	12	18	14	4	20	6	14	2	7	14	19	15	4	12	4	2	8	17	10	12	11	17	20	2	8	5	13	18	18	
On machine	2
16	3	11	7	17	3	4	13	11	4	3	7	6	1	14	7	1	1	6	14	17	1	16	19	5	1	5	11	11	10	12	4	2	3	5	9	7	2	5	5	
1	5	1	16	8	18	6	3	10	3	10	2	8	9	11	14	6	8	12	16	18	10	1	8	14	20	19	2	9	2	5	18	3	20	12	2	19	3	1	12	
20	9	16	9	11	7	11	6	12	1	16	17	7	13	20	2	17	9	12	1	11	7	2	19	10	18	12	17	4	14	18	16	10	11	17	7	18	6	15	9	
18	13	10	19	6	8	17	13	7	7	20	16	4	5	11	3	10	2	1	12	10	14	1	14	10	2	2	20	8	2	11	13	17	11	16	9	2	1	4	15	
19	5	19	9	13	5	11	19	2	4	19	16	2	12	18	5	20	9	2	12	2	4	2	8	5	3	12	17	4	19	9	2	10	15	18	1	18	11	20	7	
15	12	6	1	4	18	1	10	5	12	12	18	19	7	18	6	9	1	17	9	15	11	20	11	19	5	11	8	10	5	1	15	12	7	18	11	19	7	11	9	
13	3	6	3	16	19	6	13	5	10	7	11	12	19	17	18	7	12	7	14	17	9	2	18	2	20	19	6	16	11	18	6	11	7	11	11	8	12	10	8	
18	6	13	1	7	10	13	10	18	19	18	14	20	2	3	6	16	4	18	13	10	7	11	8	20	4	15	10	4	3	10	2	16	19	9	15	7	20	6	13	
7	2	1	9	7	20	16	5	11	13	17	17	18	2	3	13	7	12	6	16	15	19	2	12	6	3	18	19	8	14	13	13	2	6	18	11	13	8	9	12	
6	13	2	6	3	12	12	15	17	9	8	13	10	1	11	10	13	13	16	4	19	3	11	7	17	2	7	20	15	17	11	11	19	8	19	4	18	14	7	3	
6	6	13	16	9	11	11	20	20	18	19	13	4	3	6	15	9	2	18	4	1	8	4	13	15	20	6	11	7	19	1	9	9	8	5	6	15	19	3	5	
4	8	8	3	14	15	8	5	1	3	9	11	9	7	17	16	4	19	1	18	9	11	13	13	6	13	20	7	17	9	20	18	9	9	9	6	18	2	8	1	
6	12	15	4	18	1	15	2	10	4	6	2	16	19	10	18	14	7	6	19	10	16	8	20	10	17	7	9	4	16	5	6	7	13	16	8	6	3	12	16	
16	4	4	20	17	6	14	1	13	10	12	17	7	4	17	9	3	3	14	18	7	18	17	5	14	19	8	19	6	3	18	14	3	6	7	10	20	8	8	6	
2	8	8	3	19	1	5	13	9	7	15	7	15	7	7	10	15	16	6	5	9	11	15	20	15	6	15	8	5	6	4	13	14	19	16	11	15	15	14	18	
12	17	4	1	9	19	11	1	15	15	12	17	4	14	1	1	7	1	8	8	14	3	6	2	4	19	10	2	11	3	6	18	15	18	15	20	17	6	9	13	
6	17	1	5	18	5	19	14	3	9	2	4	10	15	2	4	1	14	16	4	10	9	19	3	15	5	10	8	18	1	1	12	19	20	10	15	12	18	9	4	
16	16	1	17	19	6	20	5	5	18	12	16	20	3	16	15	12	18	7	1	5	15	7	4	19	11	13	4	17	4	18	17	2	14	13	7	1	1	12	11	
19	15	4	20	3	3	17	14	1	18	13	18	9	13	11	2	6	10	11	8	14	8	8	9	20	2	14	14	18	3	14	19	8	3	3	14	20	8	10	6	
10	19	15	16	3	1	1	18	14	14	8	6	7	9	6	2	11	12	17	18	11	17	6	13	15	12	20	7	14	11	3	10	20	20	7	11	11	2	18	20	
18	6	13	16	7	7	8	10	3	16	12	18	11	13	17	8	17	5	9	3	19	7	4	1	11	18	20	15	4	5	12	19	4	19	20	4	18	18	6	10	
6	11	12	15	19	5	17	6	1	7	5	9	19	4	13	8	10	19	18	4	18	12	20	13	17	11	14	11	14	7	5	14	7	16	2	13	2	5	19	1	
4	9	4	11	19	10	18	11	6	6	5	17	11	6	19	8	4	20	16	17	13	13	15	18	4	3	16	20	2	11	8	10	1	11	2	7	3	2	4	18	
2	20	1	11	16	3	15	9	9	6	1	18	7	13	13	2	14	9	16	20	3	5	18	1	5	17	11	10	18	3	1	8	19	11	10	10	20	16	18	19	
18	15	8	13	13	5	16	13	8	9	9	4	2	3	7	13	4	16	12	20	13	17	18	18	17	2	9	10	12	12	7	12	13	5	3	16	2	3	14	13	
15	15	7	14	7	15	6	4	13	7	15	1	11	1	20	13	19	14	20	3	19	11	13	18	14	19	17	13	19	3	12	12	2	20	9	4	9	15	2	20	
1	3	17	17	5	2	5	7	9	1	16	17	19	5	6	6	14	18	14	17	12	3	7	6	6	10	1	15	13	2	1	14	3	18	11	11	2	16	3	4	
20	2	6	7	16	11	13	16	13	5	1	8	4	17	10	1	6	16	10	14	2	13	14	14	4	2	15	12	11	16	4	2	12	5	8	18	7	20	18	4	
10	12	16	13	12	17	16	16	3	15	4	19	17	3	5	20	15	7	11	20	16	13	6	15	4	15	19	6	4	9	13	14	13	7	10	2	19	9	11	10	
17	17	7	20	9	4	14	19	13	15	13	3	16	15	8	13	5	19	20	11	10	5	14	13	12	3	4	9	6	15	14	16	15	5	3	6	8	16	17	13	
10	4	19	1	11	7	10	18	3	13	2	4	6	12	9	14	8	11	8	19	16	18	13	14	14	3	4	5	3	20	2	4	13	14	7	5	19	4	8	18	
5	10	16	19	3	14	2	13	12	20	19	4	18	11	20	20	1	20	11	9	12	11	5	1	2	15	7	20	9	10	9	11	7	4	16	18	2	20	17	18	
14	17	1	7	4	5	14	1	13	7	10	6	11	14	7	15	11	17	14	2	8	1	20	16	14	14	1	2	15	17	3	13	10	2	3	10	13	8	6	15	
13	17	18	11	7	7	2	20	13	15	4	19	10	6	18	16	2	9	3	7	13	14	2	5	13	11	11	7	10	16	17	20	6	16	4	17	5	5	15	14	
19	10	9	3	19	12	20	16	10	11	18	12	8	9	11	12	15	1	10	19	14	6	4	13	3	6	14	4	8	13	7	3	15	5	1	1	4	12	18	16	
3	7	18	7	6	20	3	12	15	15	9	14	10	9	7	6	17	15	14	16	13	5	12	17	1	20	20	11	13	4	4	4	12	6	3	10	20	11	8	10	
14	1	11	4	13	14	18	2	20	1	2	1	8	4	16	16	18	19	2	19	9	18	10	19	10	7	9	2	17	12	4	14	11	8	3	4	8	7	6	7	
19	10	16	14	16	2	17	10	6	11	3	10	4	14	5	10	1	6	8	11	18	5	10	15	3	14	11	8	19	6	17	3	15	6	11	5	6	19	5	18	
8	15	19	7	20	10	3	10	8	19	13	5	18	5	1	18	17	10	14	2	17	7	13	19	15	15	3	20	1	20	19	3	16	11	3	12	3	4	2	13	
15	7	14	19	7	13	19	16	10	1	12	19	2	4	4	15	8	3	3	8	5	1	19	10	20	20	1	15	13	16	4	15	3	1	16	11	13	16	11	15	
