Factories	2
Families	30
Machines	6
SetupType	2

Number of Jobs in each Family
5	5	10	6	9	4	5	10	4	1	5	8	4	3	7	10	9	1	1	3	5	1	1	8	3	9	3	10	5	10	

Jobs in each Family
0	1	2	3	4	
5	6	7	8	9	
10	11	12	13	14	15	16	17	18	19	
20	21	22	23	24	25	
26	27	28	29	30	31	32	33	34	
35	36	37	38	
39	40	41	42	43	
44	45	46	47	48	49	50	51	52	53	
54	55	56	57	
58	
59	60	61	62	63	
64	65	66	67	68	69	70	71	
72	73	74	75	
76	77	78	
79	80	81	82	83	84	85	
86	87	88	89	90	91	92	93	94	95	
96	97	98	99	100	101	102	103	104	
105	
106	
107	108	109	
110	111	112	113	114	
115	
116	
117	118	119	120	121	122	123	124	
125	126	127	
128	129	130	131	132	133	134	135	136	
137	138	139	
140	141	142	143	144	145	146	147	148	149	
150	151	152	153	154	
155	156	157	158	159	160	161	162	163	164	

Total number of jobs
165

Processing times of jobs
3	9	5	10	8	2	
7	2	9	7	2	5	
10	6	3	5	10	7	
4	4	3	10	7	10	
6	10	10	9	2	9	
3	5	8	8	1	5	
9	9	3	5	4	5	
2	4	2	1	7	8	
6	1	4	9	2	7	
10	9	6	1	3	9	
6	3	10	6	4	9	
2	9	1	6	5	1	
2	10	4	7	4	2	
5	2	7	5	6	1	
7	2	5	6	10	5	
7	3	6	2	5	8	
1	8	2	8	9	7	
4	7	4	1	5	9	
2	1	1	10	1	5	
9	3	8	2	10	6	
9	2	8	4	8	3	
6	7	9	1	10	1	
9	8	10	10	10	8	
9	5	3	2	4	9	
2	6	10	1	6	6	
5	10	1	1	2	5	
7	3	8	6	8	2	
1	9	4	4	6	8	
4	9	7	7	3	5	
5	9	8	6	2	7	
3	4	2	9	7	5	
3	2	8	4	9	8	
4	6	8	10	7	3	
10	5	3	6	7	5	
4	6	9	3	2	9	
1	6	1	6	10	9	
7	8	4	4	5	2	
6	5	7	2	10	7	
3	1	7	4	10	6	
9	8	2	9	7	2	
2	2	8	7	8	5	
3	8	5	6	1	2	
6	9	3	2	10	4	
4	2	5	4	4	10	
6	10	6	1	8	2	
5	8	10	3	8	5	
8	9	5	7	5	4	
5	4	8	2	1	6	
3	10	5	3	5	7	
2	6	2	2	7	9	
8	3	8	10	3	8	
10	1	10	10	8	9	
6	8	6	3	10	2	
7	1	10	8	5	9	
8	1	8	1	4	10	
2	1	3	10	10	10	
7	3	7	3	6	6	
7	3	2	4	3	4	
6	9	8	7	9	3	
1	4	8	4	4	3	
8	6	7	7	7	9	
6	5	5	5	8	5	
5	8	9	3	6	10	
5	5	7	5	9	3	
6	7	4	8	2	2	
9	10	5	1	5	7	
3	10	8	4	4	5	
10	4	2	7	7	9	
7	1	5	6	1	8	
8	10	1	4	3	3	
2	5	5	1	9	9	
10	10	7	1	9	9	
6	1	3	1	9	5	
8	9	9	4	6	4	
2	1	4	9	2	3	
3	10	7	2	1	5	
5	10	5	5	5	1	
10	7	8	9	2	6	
6	10	4	3	5	7	
7	10	6	6	3	2	
6	5	3	2	9	8	
5	2	2	7	1	6	
7	7	10	8	4	1	
5	4	7	10	5	3	
2	8	8	1	7	5	
8	6	3	6	6	3	
1	10	8	5	7	4	
5	8	3	1	8	1	
9	2	4	2	4	10	
6	1	7	5	6	1	
2	7	9	8	8	8	
7	3	7	9	3	7	
3	2	6	1	2	3	
4	3	3	5	6	4	
8	10	9	3	7	5	
9	3	5	10	5	2	
10	10	1	8	6	4	
6	2	2	6	1	6	
2	2	1	2	7	8	
2	8	9	4	7	9	
6	9	5	6	1	1	
7	5	5	10	8	7	
4	8	6	6	7	1	
5	6	4	8	1	7	
2	3	3	5	3	3	
3	1	3	3	9	8	
2	5	3	9	3	2	
3	10	4	4	3	4	
2	9	8	7	6	3	
6	9	9	10	4	4	
3	10	4	1	2	1	
6	8	1	7	10	9	
8	4	5	9	4	3	
6	6	6	4	7	2	
5	7	1	10	7	8	
3	2	9	3	5	1	
9	7	7	8	2	1	
2	3	2	5	1	5	
8	9	9	10	5	4	
1	2	3	3	9	1	
8	1	8	8	10	2	
5	6	2	4	9	9	
7	7	10	4	8	10	
6	5	10	8	3	4	
2	1	7	4	8	8	
3	9	3	7	1	8	
5	2	7	3	5	2	
2	10	9	3	4	5	
4	1	1	7	8	7	
9	1	6	1	2	2	
7	10	4	10	10	9	
5	2	4	1	3	8	
2	1	5	9	9	3	
9	2	6	6	9	1	
9	6	2	6	3	10	
1	2	8	7	4	5	
1	1	1	3	2	7	
10	5	3	10	1	8	
5	3	8	4	4	9	
2	6	1	7	7	7	
4	5	9	5	2	5	
1	6	6	2	10	8	
5	2	5	4	10	5	
9	8	10	3	4	4	
2	3	7	8	3	3	
8	10	7	9	1	10	
3	3	7	2	3	8	
1	4	10	5	5	10	
10	3	4	1	6	4	
4	9	6	2	7	3	
1	10	8	7	10	4	
6	3	4	9	5	6	
4	7	4	3	3	7	
5	7	5	8	5	9	
9	9	3	3	4	6	
5	9	8	7	7	4	
4	2	10	1	1	3	
8	8	9	8	3	1	
4	2	6	9	8	10	
1	8	3	8	6	8	
2	10	6	9	8	2	
9	9	5	2	2	5	
8	8	5	5	4	1	
1	2	5	8	7	5	
4	4	1	3	10	3	

Stepup times between Families, where [f][f] represents initial setup time
On machine	1
13	27	46	7	49	22	39	43	13	16	43	22	29	45	29	21	27	41	43	31	8	8	38	39	16	36	5	32	26	3	
14	33	9	19	35	13	3	48	49	33	2	15	14	40	44	20	40	26	26	21	5	32	43	11	37	6	16	4	13	15	
26	32	31	44	33	50	7	50	21	43	21	38	37	20	38	23	4	17	16	25	24	22	46	30	5	48	28	1	5	46	
33	11	24	2	9	6	48	35	27	25	28	35	11	30	3	23	12	31	44	38	25	25	32	24	28	46	15	6	30	46	
47	48	38	38	11	35	17	42	29	15	48	50	16	31	24	20	22	6	4	40	23	48	48	32	16	14	39	30	8	46	
31	38	25	29	38	1	48	18	35	46	19	10	32	3	6	15	29	26	10	5	43	13	25	21	5	24	33	45	37	23	
39	10	33	45	34	16	20	38	6	15	46	12	41	1	29	18	39	1	28	12	4	27	45	36	23	30	23	1	34	27	
24	3	23	31	24	2	42	1	6	11	12	2	33	41	37	49	34	12	16	30	41	17	36	27	39	42	32	36	2	44	
24	35	8	46	28	41	2	14	21	33	34	15	35	32	22	19	26	40	41	10	12	21	16	32	7	36	3	9	23	17	
20	8	16	20	24	19	15	49	19	8	4	27	22	36	1	21	11	49	17	25	45	20	22	38	5	1	44	14	31	45	
27	28	6	1	31	12	6	26	37	6	5	12	15	24	40	8	7	48	27	9	41	13	24	38	5	26	21	36	32	35	
34	27	27	1	36	49	30	20	40	37	3	12	26	6	15	26	38	20	27	48	48	9	5	10	37	12	23	17	27	39	
14	48	18	9	20	49	21	50	33	46	42	10	28	8	13	44	40	45	1	33	45	41	29	48	24	32	6	27	27	14	
39	12	20	14	26	39	6	23	17	1	29	21	12	8	37	34	26	12	6	44	41	27	44	34	32	28	35	42	5	23	
14	40	16	9	7	5	12	42	42	28	17	24	5	20	12	12	11	3	42	4	9	40	7	48	39	20	12	19	15	29	
24	38	15	3	4	44	40	40	1	25	44	38	43	41	48	47	24	40	38	28	42	28	43	15	46	16	47	48	25	44	
35	12	2	19	25	34	45	27	38	32	45	18	1	47	35	8	25	35	10	12	45	45	32	16	9	48	36	3	31	48	
9	33	39	35	23	27	41	46	31	40	45	19	16	3	45	5	11	9	7	10	49	36	36	7	22	2	12	40	7	49	
39	26	2	48	8	6	8	50	38	7	36	19	17	40	48	46	29	22	43	25	5	27	1	39	38	23	19	7	1	25	
15	34	12	1	7	22	35	13	26	6	11	6	34	35	26	38	27	37	48	10	50	37	6	3	23	2	35	33	26	2	
12	16	40	5	33	20	6	44	49	16	9	36	15	2	32	47	24	7	2	49	36	18	16	4	37	48	10	25	19	40	
3	32	26	34	39	29	22	8	2	2	41	43	9	18	30	3	48	17	2	16	7	9	38	13	24	34	16	19	34	28	
20	20	17	27	28	11	18	45	45	17	12	6	6	48	36	46	39	44	3	43	23	14	37	49	50	18	24	3	34	49	
19	33	13	34	22	35	43	43	49	25	35	11	32	37	15	25	10	20	3	19	18	8	27	7	42	3	17	19	13	9	
22	50	20	17	26	49	36	43	40	23	37	28	25	18	11	25	12	4	23	27	21	7	43	16	9	19	35	39	1	50	
21	3	37	31	22	26	29	45	27	41	11	48	38	22	11	40	30	8	14	23	23	22	2	7	28	43	39	31	10	16	
7	36	46	6	26	41	15	8	2	29	13	19	3	35	4	19	21	27	50	6	13	10	3	15	43	35	24	33	45	4	
27	25	32	48	15	24	27	12	16	34	10	8	40	6	20	23	19	8	38	39	46	28	27	47	23	18	33	48	10	29	
11	43	13	30	43	21	38	35	15	50	9	40	49	44	9	1	45	48	50	11	34	28	32	21	25	37	9	13	18	3	
18	34	12	47	26	47	21	46	24	3	26	26	12	3	17	29	46	24	48	6	33	38	24	16	15	32	10	31	17	33	
On machine	2
1	44	45	18	12	44	7	30	32	45	49	41	39	5	5	19	38	37	16	27	4	8	30	33	29	26	21	44	32	6	
5	2	27	35	35	19	36	8	30	48	49	20	4	22	34	28	38	50	25	30	48	2	18	41	24	45	44	35	4	14	
3	4	47	10	29	45	50	15	14	6	18	29	22	50	45	18	18	16	41	31	50	22	50	27	46	35	43	27	38	40	
40	31	10	41	11	2	50	25	48	33	49	35	21	17	25	24	28	37	24	33	24	34	26	33	48	33	38	17	35	1	
5	5	47	6	13	48	4	23	39	36	5	6	20	49	31	43	3	26	5	41	21	7	36	32	23	29	18	35	37	26	
10	41	28	20	15	38	45	14	42	45	1	49	29	20	46	21	12	42	29	3	32	14	8	27	49	21	32	6	50	23	
37	44	44	9	31	20	44	25	47	43	28	2	1	48	42	47	18	28	20	4	29	11	44	39	35	8	27	13	22	38	
49	1	27	32	48	18	29	4	38	37	50	14	13	1	10	47	2	45	39	12	20	35	21	23	23	5	47	44	42	7	
50	41	39	48	36	45	27	22	12	26	48	15	43	36	29	36	6	1	46	25	30	26	25	46	50	32	4	4	10	26	
36	25	33	11	21	42	33	17	41	5	9	43	4	3	5	47	42	3	24	29	8	19	43	2	21	17	31	16	21	14	
34	21	31	22	8	39	17	33	45	11	45	42	41	50	40	45	41	42	30	36	9	27	12	27	45	1	3	16	22	26	
19	48	16	39	33	26	40	12	46	24	39	16	43	26	18	41	36	24	11	18	27	20	8	36	38	38	50	6	33	13	
20	13	48	8	47	23	29	31	33	41	6	21	22	32	23	5	25	37	40	26	16	25	8	44	14	43	6	8	48	19	
7	47	13	2	19	14	5	24	4	4	12	36	17	48	45	9	21	11	20	1	28	22	14	32	19	34	8	12	14	14	
44	17	19	29	49	13	26	39	12	4	30	13	16	15	42	18	28	18	39	49	2	45	30	40	7	47	36	4	45	2	
28	4	27	21	11	21	30	14	48	45	29	21	38	14	50	13	13	29	18	14	27	39	31	8	5	22	48	29	19	16	
5	32	11	26	19	31	28	23	15	14	9	44	26	30	48	33	33	3	25	50	2	9	20	43	34	21	44	17	2	41	
40	23	39	34	27	3	4	25	6	37	22	4	20	1	42	44	38	11	4	39	27	35	7	30	30	39	16	46	41	45	
25	15	23	47	44	2	36	21	37	43	4	3	10	48	3	5	45	38	10	1	44	6	11	42	4	30	24	24	24	8	
19	25	27	4	8	12	37	25	16	9	50	2	29	44	45	45	15	44	11	17	42	17	9	45	4	32	14	42	49	35	
43	37	16	15	43	45	33	29	41	2	27	27	12	48	33	41	32	14	45	10	17	29	47	33	44	46	1	19	24	38	
47	10	32	16	20	9	3	32	2	13	25	10	11	43	36	37	20	8	18	9	48	17	6	50	19	21	17	44	41	2	
40	12	34	25	10	16	1	4	20	41	50	48	10	4	10	24	39	7	42	29	24	43	7	28	36	21	35	8	23	30	
13	5	23	26	48	40	49	7	48	18	36	24	11	2	9	20	12	26	32	3	17	43	45	39	12	31	27	37	24	43	
46	30	45	48	31	8	37	20	32	36	25	19	1	9	20	2	45	2	41	23	30	1	30	7	32	33	28	28	42	30	
6	40	9	11	4	8	25	32	22	48	16	9	3	33	35	42	10	22	30	7	18	28	10	3	28	34	28	6	7	28	
13	21	43	23	45	18	12	1	25	47	27	30	10	31	13	17	34	23	45	10	47	20	11	38	18	7	27	50	33	48	
28	43	49	11	37	28	44	9	23	39	39	32	41	38	5	49	37	34	37	18	41	16	25	21	41	4	41	22	42	25	
22	34	27	2	49	12	14	32	35	36	5	27	19	10	22	18	26	5	7	18	19	3	27	41	45	35	43	14	27	37	
33	47	39	23	47	9	34	47	9	49	38	14	8	5	6	33	37	32	8	22	1	21	18	15	13	8	16	47	50	8	
On machine	3
46	49	30	20	28	45	37	32	19	19	41	9	32	32	32	45	32	31	24	11	11	11	15	31	37	39	10	45	35	37	
27	46	41	20	43	40	14	21	7	46	23	6	30	33	35	29	27	12	19	27	1	12	34	36	27	7	30	50	30	10	
41	34	24	10	13	36	48	33	18	31	16	43	41	18	27	43	4	35	7	20	47	42	3	21	49	2	47	10	19	20	
48	39	48	5	38	31	4	34	6	2	18	40	26	4	27	40	32	12	42	10	18	4	19	23	28	34	38	6	18	40	
35	50	38	47	41	16	30	47	28	5	5	28	12	33	28	13	4	37	11	22	5	24	39	20	14	10	25	26	22	44	
30	47	31	34	40	8	14	27	14	32	28	42	2	23	11	13	46	4	7	50	10	17	38	12	32	6	15	25	27	49	
46	6	23	35	19	31	42	44	3	43	1	10	48	9	20	7	29	38	35	18	25	18	28	50	31	14	41	25	49	34	
44	21	12	9	5	29	2	22	35	36	47	47	49	26	27	20	13	27	23	36	36	31	41	23	27	25	47	4	24	25	
48	11	24	29	14	48	44	7	40	39	19	11	49	50	16	32	26	1	1	31	6	5	2	37	24	39	16	33	38	14	
39	22	20	12	9	33	19	50	30	47	33	21	49	23	47	9	47	44	14	50	2	23	33	43	18	19	37	23	9	2	
13	25	45	3	44	5	29	26	1	12	31	2	36	22	42	24	35	4	44	3	32	33	36	36	47	6	40	45	1	8	
47	44	41	25	29	25	44	12	40	24	9	34	15	23	2	21	32	39	6	17	48	48	33	9	17	16	1	31	49	37	
42	38	20	44	29	30	31	48	45	45	36	27	48	38	19	36	16	27	37	26	34	39	13	25	6	13	47	21	4	33	
13	20	27	36	6	20	8	40	38	36	20	33	24	22	47	31	5	31	43	10	1	17	40	35	44	16	49	42	23	32	
40	1	31	22	48	37	23	13	19	42	20	3	42	25	24	1	27	40	7	24	35	19	42	10	1	37	7	38	1	40	
9	49	32	23	1	38	37	33	13	33	9	23	11	21	32	42	26	22	15	27	5	27	20	29	22	40	14	36	40	11	
23	12	35	9	45	31	4	6	49	35	13	42	14	30	13	25	11	2	50	34	30	45	47	44	33	12	19	32	22	1	
9	27	20	20	11	4	32	34	19	28	33	8	41	39	27	37	24	28	30	20	32	19	30	25	9	49	32	32	10	12	
6	28	12	13	19	45	31	24	42	5	40	27	25	18	34	42	19	48	46	6	45	50	24	47	48	29	39	48	16	18	
7	40	39	12	16	49	37	40	23	50	26	9	28	15	2	5	26	25	31	44	41	43	17	32	44	7	40	28	28	5	
42	26	34	32	33	22	16	33	49	23	27	32	45	21	25	3	16	38	50	46	46	2	40	4	33	28	8	24	21	20	
18	16	7	20	49	5	7	22	10	38	20	37	36	4	34	33	24	27	44	16	38	14	21	8	21	47	6	31	49	14	
13	20	50	34	16	32	8	17	21	24	25	18	41	4	38	23	17	27	33	37	18	14	39	14	37	47	30	44	35	9	
13	5	42	31	50	28	15	15	1	24	13	49	7	35	26	29	22	14	25	16	5	8	29	19	33	28	50	10	9	42	
31	30	29	35	12	5	5	24	37	5	16	37	20	28	30	14	44	21	11	7	48	5	33	14	8	47	47	44	19	19	
36	19	27	19	46	8	50	3	3	16	26	49	40	35	47	42	4	40	8	22	5	48	18	30	36	1	26	6	27	38	
16	27	49	43	29	13	4	14	22	18	33	33	33	20	41	6	12	10	21	15	3	17	10	39	38	3	15	50	30	19	
36	1	50	43	26	35	16	46	35	1	36	16	13	43	32	21	38	18	47	18	20	27	4	35	41	2	35	49	42	49	
22	21	46	32	23	39	38	50	46	13	44	16	24	30	10	50	20	30	16	12	39	28	5	18	12	2	15	10	47	4	
18	18	45	36	16	31	8	36	38	1	13	34	7	40	7	31	44	43	38	25	5	30	36	29	33	33	18	23	50	8	
On machine	4
47	46	41	48	18	39	7	50	38	11	50	47	34	12	15	30	34	25	46	32	32	10	41	38	3	24	7	20	36	43	
9	28	35	37	45	32	46	13	4	47	35	22	41	25	6	40	6	26	6	41	48	45	3	29	32	50	19	7	27	45	
39	4	40	18	20	12	27	6	31	38	30	13	46	21	15	36	27	26	35	6	34	39	50	49	13	12	14	17	15	39	
15	31	4	12	21	50	32	20	2	16	11	37	41	30	41	5	4	17	39	39	24	13	22	6	44	14	31	28	28	16	
18	37	17	50	20	34	32	11	44	20	47	34	34	26	6	10	31	31	44	29	41	6	25	34	8	25	12	27	31	12	
36	35	7	17	19	13	12	27	33	14	17	34	43	18	34	40	25	42	2	6	31	50	5	38	6	4	11	38	15	32	
46	39	16	40	21	36	35	2	31	32	18	37	4	42	48	11	42	50	18	12	11	7	48	12	44	17	2	28	21	35	
28	5	49	13	8	27	24	33	11	49	4	29	43	14	50	9	6	40	26	42	17	47	11	46	7	1	10	43	11	1	
17	15	43	29	21	38	4	15	19	38	12	39	12	17	35	13	21	20	26	11	27	49	6	25	22	43	37	2	35	41	
50	34	6	24	21	4	33	39	44	42	14	12	32	14	12	49	48	39	26	27	14	4	11	30	13	26	10	13	35	24	
49	48	33	26	29	14	16	20	29	25	16	16	49	25	15	15	16	29	5	20	47	9	44	28	6	19	4	35	46	35	
41	47	30	12	23	44	27	7	18	16	30	13	10	32	9	46	5	40	31	32	45	32	8	5	4	9	37	1	25	42	
26	29	17	33	45	10	14	46	40	30	31	19	10	32	46	35	15	50	42	1	32	2	2	6	4	17	50	9	31	1	
20	34	3	14	3	16	15	45	38	38	19	23	27	46	4	22	25	47	5	11	2	21	6	22	16	45	40	24	48	7	
48	9	32	25	36	33	7	15	23	35	18	50	20	39	24	42	38	19	33	34	9	12	7	18	30	41	50	21	27	1	
22	10	6	40	21	9	44	42	2	24	39	41	29	27	44	41	9	48	39	38	3	21	48	49	48	36	35	15	23	40	
18	32	35	3	2	38	13	21	16	9	8	15	42	50	33	5	13	20	30	37	50	20	20	20	18	45	27	36	14	32	
19	13	37	32	41	44	34	12	46	15	19	15	31	21	19	14	1	22	6	12	20	32	33	35	46	41	36	1	49	31	
47	23	17	38	18	43	36	29	27	25	46	28	40	15	4	5	11	27	39	17	26	33	30	48	22	32	13	36	47	49	
33	9	23	13	49	33	36	2	20	38	14	9	33	6	12	14	17	23	21	48	37	33	18	41	22	35	48	36	2	40	
16	12	13	4	21	25	27	50	5	24	39	5	18	3	11	43	21	23	17	45	39	26	47	36	33	22	44	11	43	1	
7	24	36	9	41	8	10	22	47	28	28	1	39	18	34	7	33	6	10	2	7	48	46	26	5	40	47	10	40	48	
34	27	37	50	2	4	48	49	35	32	17	28	4	38	48	33	1	22	19	13	50	1	33	26	16	21	31	50	25	49	
4	21	20	25	38	46	5	24	33	4	13	43	33	31	35	35	44	44	12	3	19	2	14	23	44	13	44	13	7	4	
24	25	49	43	40	50	1	42	7	38	26	10	37	22	35	16	29	19	1	15	5	20	17	17	3	23	20	25	2	18	
35	46	25	40	31	44	41	19	2	41	45	28	40	35	4	48	16	6	7	27	48	29	19	36	27	17	6	42	24	49	
49	9	29	4	33	5	23	26	28	43	11	33	29	39	3	19	38	26	46	22	25	14	39	37	5	30	15	1	40	26	
48	46	38	25	38	43	9	41	37	27	46	12	4	6	11	7	11	38	36	40	50	37	32	36	50	14	4	2	45	5	
6	5	6	8	45	30	6	32	6	1	42	38	48	26	34	39	14	49	38	3	2	20	47	50	19	37	49	34	47	3	
11	31	20	15	4	17	50	35	47	27	33	29	44	35	10	18	21	29	7	42	12	50	48	40	41	39	46	17	26	43	
On machine	5
37	42	10	5	15	24	2	23	30	27	5	36	41	31	46	16	31	25	18	28	44	26	21	43	41	50	2	42	23	4	
17	40	7	25	16	36	37	44	38	29	31	4	8	19	38	30	34	32	4	35	26	22	39	18	7	6	10	50	31	12	
6	42	26	26	23	1	40	5	34	46	22	27	40	47	47	9	39	1	43	19	26	11	13	34	47	30	8	33	3	29	
9	7	15	48	18	42	46	48	41	12	33	1	7	41	20	9	47	21	15	23	25	16	20	28	45	10	30	19	13	33	
27	42	4	37	43	21	45	43	26	5	9	45	31	36	47	20	24	40	48	11	47	12	11	1	13	22	36	44	39	20	
40	37	14	2	15	49	8	34	5	8	24	5	50	8	36	41	10	43	27	37	7	19	22	18	33	2	12	26	34	36	
35	46	43	46	3	19	4	44	31	41	46	2	20	28	37	29	41	37	18	50	48	22	44	23	33	33	41	36	25	49	
35	23	49	19	40	50	6	14	35	10	28	8	16	40	3	32	5	1	2	18	3	45	10	32	31	35	33	27	45	36	
5	11	19	10	8	13	31	3	26	1	2	19	21	10	9	11	20	50	26	11	48	44	15	4	12	44	20	4	46	32	
9	46	9	29	47	39	9	39	48	16	6	9	15	49	39	36	23	7	27	14	17	7	11	21	36	20	12	18	47	19	
39	43	26	3	38	46	43	40	23	8	9	39	33	25	36	44	35	3	48	2	31	46	30	47	2	26	30	28	19	21	
28	34	16	15	39	38	47	2	1	45	14	37	7	18	30	1	21	21	19	1	46	28	4	18	33	22	38	3	30	45	
40	35	14	9	13	45	26	30	17	11	45	19	35	28	8	42	29	46	46	33	25	23	26	16	21	27	38	10	24	40	
12	24	18	35	37	23	29	47	44	1	37	6	47	22	12	6	38	49	21	16	18	34	28	50	26	4	48	14	13	9	
25	38	37	43	4	8	26	42	13	44	15	50	32	6	49	8	49	10	26	16	18	14	7	34	28	30	6	30	24	17	
20	4	13	4	34	26	25	3	30	16	49	1	29	41	25	14	37	40	17	38	15	5	25	19	35	12	46	16	50	21	
50	2	37	49	49	44	11	39	12	12	43	36	13	32	8	12	8	26	32	31	37	18	14	32	38	3	22	48	31	28	
50	38	45	29	13	17	4	9	26	50	41	41	11	8	8	9	6	30	46	49	36	49	11	23	46	16	8	3	4	46	
34	12	40	31	22	35	2	22	19	28	20	28	39	22	42	11	22	21	41	29	16	2	34	14	37	4	1	11	44	14	
47	7	2	9	22	50	35	4	35	40	31	39	16	28	30	31	46	11	22	27	50	11	13	33	27	33	4	39	19	11	
14	46	37	41	20	39	49	2	43	12	19	6	29	11	18	47	27	26	50	22	12	21	31	50	12	33	47	50	40	19	
5	41	23	20	23	42	47	14	21	11	13	18	11	42	12	4	31	45	30	40	40	17	24	6	17	37	24	4	10	29	
12	27	43	1	37	47	35	23	17	26	2	37	38	3	16	18	3	13	7	40	35	18	25	20	26	45	27	37	4	13	
44	50	15	46	38	41	11	21	5	20	3	30	24	30	14	49	8	45	49	3	16	49	6	17	25	25	46	32	37	32	
12	2	33	34	32	14	9	50	9	46	27	16	2	23	33	21	17	26	24	2	4	6	24	31	36	5	13	9	3	20	
31	8	31	42	20	20	20	35	36	33	50	23	15	21	3	16	11	33	25	5	31	23	11	13	15	9	41	28	39	26	
4	8	35	18	5	16	15	2	28	22	39	20	43	43	45	43	37	29	50	6	42	16	1	40	23	29	5	47	41	11	
6	10	34	22	43	8	50	50	12	40	43	20	13	5	23	13	9	13	37	44	28	16	47	15	1	13	31	32	7	7	
36	23	48	50	49	19	18	20	37	17	21	50	13	48	40	40	33	48	1	45	50	24	23	11	24	40	47	46	18	34	
35	43	41	45	32	40	44	30	16	3	17	2	32	49	39	20	15	27	21	10	27	27	7	6	42	6	16	4	39	2	
On machine	6
9	39	34	9	23	1	4	25	10	35	47	41	24	30	1	27	49	13	36	38	26	39	46	12	3	40	7	5	23	18	
39	30	17	11	35	31	45	29	49	36	8	4	49	40	22	27	18	8	31	50	44	1	12	18	26	11	18	39	12	12	
35	32	29	48	15	30	44	17	4	11	11	28	5	24	46	23	28	25	3	3	4	45	17	13	19	28	41	18	7	26	
25	38	15	32	40	26	46	50	39	32	12	23	36	37	15	6	8	2	4	39	28	9	5	10	47	35	20	25	27	33	
3	19	4	10	38	44	12	22	50	35	44	11	11	37	18	22	1	7	41	39	49	42	46	28	6	2	9	24	40	44	
36	22	9	31	31	30	48	21	26	45	16	33	19	24	32	1	35	42	39	12	29	35	38	36	23	28	3	2	7	32	
32	50	18	7	2	35	28	14	29	13	7	44	47	2	49	27	29	43	45	33	10	19	42	25	18	2	44	36	1	9	
48	50	1	33	43	29	2	35	46	17	44	16	29	19	34	38	10	47	15	19	40	25	38	34	46	19	12	33	10	26	
30	27	20	44	35	29	8	15	18	43	1	47	43	1	18	22	10	7	1	14	7	14	43	7	18	12	8	41	15	29	
49	46	5	8	44	40	16	21	45	47	32	20	9	34	17	37	44	43	29	48	46	44	34	21	44	19	37	32	42	22	
48	9	45	28	23	18	38	43	33	19	34	23	35	2	18	40	15	18	15	42	38	32	12	38	47	31	31	39	7	22	
30	42	23	46	27	41	47	43	38	21	48	23	39	33	43	3	8	48	26	34	16	48	7	4	17	22	1	46	8	28	
11	19	18	39	39	28	5	8	4	7	8	50	32	37	4	14	43	17	41	15	15	22	34	44	15	22	43	18	13	29	
27	5	41	20	2	19	6	40	8	21	41	22	34	6	10	50	39	11	14	47	47	47	33	27	39	14	48	24	41	5	
23	18	24	23	30	35	43	37	23	39	30	28	47	46	45	36	1	20	20	2	9	27	34	4	43	42	32	16	45	25	
23	1	8	37	33	19	4	23	16	41	30	33	28	7	18	35	6	7	46	30	25	21	23	18	14	32	31	18	45	5	
41	50	36	37	7	14	4	6	6	13	49	29	41	4	12	45	7	36	31	21	13	7	8	4	40	41	46	48	38	3	
44	13	27	19	27	5	31	8	18	9	11	33	31	33	42	49	36	48	40	10	31	20	21	8	30	38	33	31	50	21	
31	5	43	34	32	33	40	43	13	7	23	13	28	41	38	45	30	5	42	38	21	28	50	28	36	1	25	1	2	32	
36	42	17	47	41	39	14	35	18	46	48	23	33	35	44	22	6	4	7	43	49	28	39	38	46	40	46	46	33	37	
20	50	24	16	11	10	32	32	48	31	22	12	17	19	42	47	2	35	25	35	16	23	11	13	47	36	31	7	44	5	
6	27	17	4	20	44	32	37	43	18	5	36	25	24	10	16	46	9	38	7	49	5	40	37	15	47	47	45	9	47	
35	8	16	38	30	9	8	5	29	32	20	43	12	29	50	4	26	28	21	47	5	39	14	30	37	21	28	32	37	30	
25	32	24	21	11	28	38	18	26	50	20	31	22	37	2	16	23	6	17	34	9	24	5	9	39	12	5	38	34	7	
6	6	45	38	32	4	9	35	27	37	41	36	32	42	39	17	18	16	13	9	33	6	19	12	10	43	4	42	34	29	
1	2	50	43	28	41	31	39	27	38	36	45	3	37	49	21	31	19	41	8	8	9	21	13	8	45	31	12	46	14	
18	17	23	45	18	13	43	6	19	44	45	17	35	17	44	13	12	38	34	17	26	48	28	6	12	46	48	48	7	29	
30	40	12	29	36	2	23	26	24	18	1	44	26	40	13	41	46	13	21	3	22	18	38	22	7	49	20	15	10	14	
47	2	18	17	43	29	16	8	12	42	8	15	23	44	2	27	2	13	5	39	13	6	50	37	13	11	15	16	21	5	
50	23	38	38	8	17	28	3	9	20	10	29	28	3	22	25	32	49	23	46	35	25	5	1	36	22	12	38	32	27	
