Factories	2
Families	20
Machines	4
SetupType	1

Number of Jobs in each Family
7	5	3	7	2	7	8	4	2	5	2	7	3	9	9	1	1	5	8	8	

Jobs in each Family
0	1	2	3	4	5	6	
7	8	9	10	11	
12	13	14	
15	16	17	18	19	20	21	
22	23	
24	25	26	27	28	29	30	
31	32	33	34	35	36	37	38	
39	40	41	42	
43	44	
45	46	47	48	49	
50	51	
52	53	54	55	56	57	58	
59	60	61	
62	63	64	65	66	67	68	69	70	
71	72	73	74	75	76	77	78	79	
80	
81	
82	83	84	85	86	
87	88	89	90	91	92	93	94	
95	96	97	98	99	100	101	102	

Total number of jobs
103

Processing times of jobs
10	4	2	1	
1	2	10	3	
5	4	10	1	
4	10	3	5	
3	8	10	5	
7	10	5	7	
7	7	3	3	
1	2	4	5	
9	6	10	4	
8	6	2	1	
1	3	3	5	
9	1	9	8	
1	10	9	5	
5	6	3	9	
6	7	6	8	
8	9	2	4	
2	1	3	2	
1	4	1	8	
7	10	5	6	
10	2	2	6	
6	9	10	8	
1	3	1	3	
5	1	3	6	
10	8	9	5	
1	2	9	5	
5	1	10	6	
7	6	4	7	
8	5	3	4	
3	1	6	1	
7	9	7	1	
4	10	9	3	
8	9	2	10	
10	9	7	9	
8	5	10	3	
5	1	3	6	
1	3	1	5	
10	2	1	6	
2	1	10	10	
7	8	10	1	
4	4	8	10	
4	1	6	3	
4	10	2	8	
1	1	7	3	
1	8	3	8	
6	9	8	7	
9	6	8	1	
2	7	7	9	
7	3	2	5	
5	4	3	8	
4	10	6	6	
1	7	9	1	
3	3	7	5	
7	7	7	5	
2	4	1	4	
5	10	6	1	
8	6	7	3	
6	8	5	7	
2	4	1	10	
10	3	2	5	
3	4	6	8	
6	5	4	7	
9	3	8	3	
3	3	6	3	
5	5	6	1	
2	6	6	6	
8	6	3	10	
6	5	5	6	
7	3	1	7	
6	1	4	5	
8	5	2	8	
10	7	1	9	
4	2	2	8	
7	10	1	5	
8	6	3	6	
6	2	1	1	
5	7	3	6	
8	3	6	8	
9	5	1	4	
3	8	8	8	
10	10	9	8	
1	1	2	9	
7	7	5	6	
1	4	9	8	
6	8	5	3	
1	8	9	3	
7	9	1	1	
3	8	8	8	
6	10	4	10	
1	7	4	9	
3	1	2	1	
1	1	6	1	
10	2	1	10	
1	4	4	2	
7	9	3	7	
6	6	8	7	
10	5	7	6	
7	10	9	4	
6	1	3	5	
3	10	2	3	
4	4	2	5	
7	1	9	7	
5	2	9	9	
6	2	5	3	

Stepup times between Families, where [f][f] represents initial setup time
On machine	1
3	17	18	7	20	1	14	4	5	8	18	18	18	6	2	5	20	12	18	18	
17	18	16	9	8	4	20	1	5	6	4	5	13	2	12	10	18	18	12	13	
2	11	12	18	17	5	11	1	3	8	18	16	6	15	7	13	20	10	5	2	
9	13	14	6	4	11	8	9	2	13	1	19	3	8	1	12	3	3	16	12	
16	1	4	14	14	9	3	6	7	8	9	7	5	17	5	17	8	18	2	7	
20	13	16	8	2	15	2	12	18	6	18	5	13	6	19	19	12	14	10	11	
5	12	17	6	9	4	4	10	1	1	17	5	20	11	17	14	5	6	11	16	
5	20	12	8	20	1	4	3	20	8	16	16	18	3	8	2	12	3	12	9	
11	9	9	2	14	4	9	12	3	7	7	10	4	14	19	6	16	12	2	14	
11	12	5	13	11	5	3	4	12	1	8	7	7	9	19	10	10	18	8	19	
11	12	19	5	19	11	3	18	17	1	10	17	19	6	16	7	18	17	14	3	
16	4	17	19	15	7	19	9	13	9	17	14	7	15	2	18	18	13	19	16	
6	18	12	15	1	13	13	13	8	17	16	15	4	18	6	1	20	9	12	16	
17	3	1	9	10	13	13	4	17	14	19	4	13	7	19	16	17	15	9	11	
2	11	2	12	16	17	4	10	15	1	7	6	7	6	7	5	16	13	7	19	
16	15	1	15	17	14	15	13	4	2	8	14	14	20	3	15	5	3	19	5	
2	17	12	19	4	15	12	16	1	17	5	11	3	12	2	4	6	10	9	9	
12	7	17	17	2	12	8	7	1	16	18	6	19	14	18	8	2	10	3	17	
13	7	15	1	14	17	9	8	16	2	17	20	15	2	1	16	16	7	12	5	
5	6	5	2	4	19	17	20	7	7	1	17	12	4	16	8	10	5	16	2	
On machine	2
16	11	10	7	7	11	3	16	6	4	20	11	1	11	17	8	15	10	2	11	
10	14	14	10	18	12	1	16	17	18	19	14	4	13	13	9	14	17	16	16	
3	1	12	19	18	5	18	4	15	13	5	14	10	10	9	11	4	11	17	14	
1	6	11	8	5	3	2	14	3	14	11	4	10	20	15	13	6	10	11	7	
16	5	1	12	1	13	15	16	12	4	17	9	12	6	4	17	19	7	12	11	
2	4	13	1	13	2	5	19	7	3	17	8	9	18	3	13	2	1	3	18	
11	9	16	17	8	1	9	12	3	11	7	19	10	12	18	6	7	7	15	3	
12	11	8	11	12	4	14	13	17	15	2	8	18	20	3	19	11	1	19	17	
11	20	16	10	1	14	17	15	20	2	5	17	20	16	3	12	4	18	7	1	
2	2	3	14	19	10	14	6	15	8	13	13	17	18	11	12	18	1	18	16	
4	17	15	19	13	8	14	12	9	6	9	16	13	16	19	13	16	7	16	6	
15	20	8	19	11	17	15	14	17	3	19	2	7	14	7	7	2	8	6	14	
11	6	5	11	10	15	14	12	19	18	2	8	3	3	3	19	3	1	17	19	
2	10	13	12	13	14	4	8	3	20	19	19	3	19	11	13	9	8	19	7	
6	5	7	15	3	14	7	2	20	5	12	12	14	11	3	3	7	1	16	3	
11	4	8	2	3	5	14	18	14	19	10	15	8	18	12	7	18	8	4	11	
17	18	17	8	11	2	15	17	3	14	3	11	4	4	10	7	20	3	3	10	
9	16	1	7	13	6	8	4	14	7	9	18	12	12	12	19	14	19	17	12	
10	3	14	4	13	11	9	2	19	7	1	2	6	3	5	15	9	9	8	7	
3	5	14	8	12	19	16	9	15	9	2	4	17	2	5	18	7	18	15	12	
On machine	3
10	11	17	13	14	11	5	7	16	3	3	7	15	3	9	7	1	11	5	3	
11	17	2	19	14	4	15	6	16	9	19	16	10	4	14	11	19	1	3	20	
14	11	18	9	7	5	7	10	7	3	4	20	16	12	4	11	11	13	9	19	
9	8	15	6	12	10	5	9	19	5	15	17	7	10	5	15	19	15	19	6	
14	20	13	20	8	19	13	20	14	13	15	2	6	7	8	19	7	16	10	14	
16	19	18	11	11	1	19	11	15	16	19	5	14	7	11	12	17	1	4	12	
9	19	11	5	8	13	5	10	2	4	4	2	12	3	12	1	18	6	5	9	
12	6	7	2	4	5	15	19	1	1	6	5	3	5	8	10	1	7	19	3	
11	4	15	18	14	12	20	3	8	5	10	15	4	7	12	13	18	13	17	13	
15	10	6	2	19	17	20	17	7	17	5	14	1	17	5	13	1	7	7	13	
9	4	19	19	9	12	14	19	17	6	16	7	10	5	1	16	3	8	16	8	
4	7	20	20	12	11	19	11	15	17	20	16	14	5	3	9	1	9	8	3	
17	7	4	15	4	18	7	14	2	17	19	13	10	13	11	20	16	6	8	9	
3	19	8	3	13	1	7	19	6	13	19	9	15	1	2	8	12	17	15	16	
4	18	14	8	7	10	3	3	13	17	5	13	5	16	14	10	20	16	19	19	
3	10	10	14	17	20	6	7	6	2	2	7	9	9	16	15	1	4	12	8	
15	6	1	14	13	7	3	6	1	14	14	1	11	6	10	13	5	16	7	14	
10	12	15	9	13	16	6	20	11	1	1	7	2	19	14	5	3	7	10	2	
2	19	16	7	20	18	18	6	18	16	18	8	20	8	3	20	8	5	7	2	
9	18	19	4	6	9	5	8	3	5	17	6	14	18	19	3	5	2	7	2	
On machine	4
19	10	18	18	16	10	9	16	11	5	8	10	19	2	1	12	19	4	1	18	
17	5	13	3	12	20	8	20	18	5	9	20	14	4	12	6	7	10	18	16	
20	11	1	7	1	11	16	18	9	15	18	3	18	3	4	12	14	18	10	11	
15	5	3	20	6	3	4	18	15	20	5	8	20	13	1	9	3	11	3	15	
1	12	6	8	16	6	14	9	7	9	11	18	16	12	17	11	3	11	13	14	
9	19	20	12	16	17	8	16	5	4	3	1	1	5	14	8	4	20	14	18	
11	8	15	4	9	19	1	7	5	11	7	12	10	13	8	1	2	4	12	17	
11	4	3	6	11	15	13	8	15	3	17	8	18	14	7	2	3	10	20	3	
12	5	12	19	8	20	7	10	16	14	15	3	13	19	9	2	13	18	9	14	
19	12	11	2	8	6	3	2	20	9	5	8	16	19	13	8	13	5	9	15	
4	11	1	3	19	11	6	11	5	18	10	8	6	15	7	13	1	1	18	7	
5	19	18	20	9	18	17	12	3	19	9	17	20	10	19	15	14	18	20	3	
18	14	13	6	2	19	13	20	5	7	9	17	2	6	11	10	7	14	1	12	
12	8	12	3	3	16	16	5	8	2	7	9	11	3	14	18	17	14	7	19	
17	20	3	5	20	12	13	6	19	15	16	4	7	2	18	5	16	6	1	5	
19	17	6	10	18	1	8	18	18	6	14	6	7	19	13	6	5	6	4	17	
19	4	16	2	15	19	18	15	5	2	10	9	9	8	2	17	2	20	4	5	
13	8	13	18	12	10	2	4	19	8	15	10	20	19	5	20	10	8	4	6	
17	8	18	11	12	14	15	14	11	16	1	16	17	16	13	10	1	15	11	12	
13	9	7	1	3	14	12	13	11	8	1	9	20	18	18	15	3	5	16	14	
