Factories	2
Families	40
Machines	6
SetupType	2

Number of Jobs in each Family
7	5	10	6	5	5	4	4	2	7	7	9	7	1	4	2	5	9	7	8	5	1	8	6	7	9	7	1	7	2	9	6	9	10	6	1	6	3	8	2	

Jobs in each Family
0	1	2	3	4	5	6	
7	8	9	10	11	
12	13	14	15	16	17	18	19	20	21	
22	23	24	25	26	27	
28	29	30	31	32	
33	34	35	36	37	
38	39	40	41	
42	43	44	45	
46	47	
48	49	50	51	52	53	54	
55	56	57	58	59	60	61	
62	63	64	65	66	67	68	69	70	
71	72	73	74	75	76	77	
78	
79	80	81	82	
83	84	
85	86	87	88	89	
90	91	92	93	94	95	96	97	98	
99	100	101	102	103	104	105	
106	107	108	109	110	111	112	113	
114	115	116	117	118	
119	
120	121	122	123	124	125	126	127	
128	129	130	131	132	133	
134	135	136	137	138	139	140	
141	142	143	144	145	146	147	148	149	
150	151	152	153	154	155	156	
157	
158	159	160	161	162	163	164	
165	166	
167	168	169	170	171	172	173	174	175	
176	177	178	179	180	181	
182	183	184	185	186	187	188	189	190	
191	192	193	194	195	196	197	198	199	200	
201	202	203	204	205	206	
207	
208	209	210	211	212	213	
214	215	216	
217	218	219	220	221	222	223	224	
225	226	

Total number of jobs
227

Processing times of jobs
5	4	2	4	10	1	
8	4	9	9	2	7	
5	6	6	9	5	6	
6	5	3	8	9	7	
7	7	5	3	10	8	
5	10	8	1	2	3	
10	6	10	1	7	4	
6	7	1	2	4	6	
8	8	8	7	3	9	
3	2	6	3	8	1	
5	8	1	2	2	3	
7	6	10	7	7	3	
6	5	3	9	10	6	
10	5	5	6	2	9	
4	3	7	3	2	2	
5	5	2	2	4	6	
8	10	3	4	9	3	
5	6	1	6	8	2	
3	2	6	7	4	10	
1	8	1	4	7	7	
6	1	4	6	7	5	
2	4	1	3	6	7	
9	3	2	9	10	10	
5	6	5	3	6	2	
8	1	1	7	9	10	
7	3	4	8	3	10	
2	9	7	9	2	7	
5	9	5	9	10	5	
6	4	6	9	8	4	
8	5	1	4	9	10	
9	9	3	3	4	10	
6	3	9	5	3	4	
7	10	8	9	8	3	
2	8	1	2	9	4	
3	7	3	10	1	1	
1	5	5	9	2	1	
10	4	5	10	2	3	
2	6	7	3	7	10	
1	2	6	4	4	5	
9	1	7	5	4	3	
7	7	5	8	3	8	
3	7	8	4	4	9	
10	8	10	4	4	8	
4	4	1	7	3	6	
1	1	2	2	1	1	
3	7	2	1	5	6	
10	3	10	5	3	5	
2	2	6	3	6	6	
7	4	5	5	3	8	
5	2	5	1	7	9	
3	3	1	10	6	10	
1	8	10	3	10	9	
9	5	1	10	1	3	
10	10	10	6	2	5	
10	6	3	8	7	2	
10	1	3	3	4	7	
9	8	9	3	4	3	
1	1	5	9	6	6	
7	4	8	4	6	8	
5	6	6	8	5	5	
6	7	8	1	3	6	
10	6	10	1	1	6	
9	5	7	5	4	4	
8	10	3	10	6	7	
6	5	2	2	2	8	
3	7	1	4	9	3	
1	7	3	9	9	8	
9	10	10	9	4	7	
4	2	5	10	4	9	
6	8	5	3	3	9	
8	9	8	6	8	1	
9	9	8	7	7	7	
9	8	8	10	2	10	
2	9	1	10	5	2	
5	9	4	7	10	3	
1	9	3	10	7	9	
2	7	3	1	2	5	
6	6	1	7	10	9	
3	7	1	6	5	3	
1	6	3	10	6	4	
5	8	10	10	1	9	
6	5	2	3	8	4	
4	9	1	4	6	10	
4	4	2	9	2	3	
10	1	2	9	7	9	
1	8	7	4	2	2	
3	5	10	10	7	2	
10	1	3	5	10	7	
3	2	9	7	3	6	
7	6	7	9	6	8	
4	7	7	1	2	10	
7	2	2	7	9	4	
8	2	6	4	2	4	
2	4	9	9	4	4	
9	10	3	3	6	10	
4	7	8	5	8	3	
10	3	1	5	2	9	
3	5	2	2	4	1	
2	1	2	2	1	10	
8	3	2	9	7	5	
10	4	6	2	4	5	
6	4	6	5	7	9	
8	9	6	1	2	5	
6	4	8	8	10	3	
9	2	9	7	7	5	
3	2	1	1	8	3	
3	9	5	5	5	7	
10	8	4	8	8	9	
9	5	10	7	1	10	
6	3	4	5	8	5	
7	6	5	8	5	8	
4	1	10	4	1	1	
9	2	10	9	5	5	
9	2	4	10	2	7	
5	6	2	4	4	6	
2	9	8	2	2	3	
3	10	8	5	4	7	
2	8	8	10	6	8	
1	7	3	6	5	5	
6	1	9	10	10	1	
1	10	9	1	9	9	
5	10	4	8	2	7	
8	1	8	6	5	10	
8	3	7	2	10	3	
9	7	8	1	7	9	
9	9	10	3	8	7	
10	9	10	10	10	2	
2	7	9	6	9	1	
7	6	10	2	10	2	
8	5	3	9	8	7	
2	5	1	6	8	3	
9	2	6	3	4	9	
9	1	5	7	9	3	
8	10	8	4	4	10	
10	9	10	7	4	3	
3	2	8	1	8	2	
1	1	8	5	1	6	
1	7	10	10	5	10	
3	9	9	5	7	4	
8	6	8	10	8	4	
7	9	5	6	7	2	
3	9	5	6	4	5	
6	7	3	10	9	3	
5	6	5	6	6	8	
3	5	6	10	8	5	
8	4	7	9	7	3	
9	6	8	8	1	9	
7	7	8	4	8	1	
3	1	6	7	8	1	
7	4	9	5	2	8	
1	4	4	3	5	7	
4	2	7	8	7	9	
5	4	10	6	2	3	
10	3	5	2	8	6	
10	2	2	8	2	8	
3	2	1	4	4	9	
7	9	8	1	9	9	
8	6	8	5	5	7	
5	1	1	10	4	7	
7	4	10	7	9	4	
6	7	1	9	3	1	
10	7	10	7	1	7	
3	7	4	10	2	4	
9	9	3	3	5	8	
9	5	8	9	7	1	
10	6	1	3	9	8	
2	8	2	5	6	3	
2	10	9	2	9	4	
5	1	6	1	5	6	
2	3	3	4	6	1	
7	4	10	9	4	4	
4	9	7	6	1	1	
6	3	4	6	8	8	
3	10	1	2	10	7	
5	2	9	8	1	10	
3	5	7	8	3	1	
3	5	10	4	5	1	
1	2	8	2	9	8	
1	10	7	2	10	3	
5	3	6	7	4	1	
1	4	10	3	9	1	
3	2	1	3	9	3	
5	4	10	7	8	1	
4	10	9	6	3	2	
9	4	7	3	10	5	
1	6	2	1	5	3	
4	6	2	6	3	6	
8	5	8	8	2	6	
4	3	7	6	1	6	
3	3	7	1	5	6	
4	8	2	8	4	8	
4	7	8	2	8	2	
4	5	8	2	2	4	
7	5	1	10	2	5	
3	7	5	2	3	8	
6	1	7	10	9	9	
5	10	1	2	8	5	
1	1	5	9	3	6	
8	10	7	5	7	2	
1	5	1	2	5	4	
1	3	4	4	9	3	
10	8	10	3	4	2	
1	4	5	7	7	10	
8	8	9	8	10	6	
10	2	2	8	6	5	
2	8	4	10	10	5	
5	7	5	1	8	9	
7	1	4	10	2	2	
3	4	7	9	6	9	
2	8	8	1	5	7	
8	4	1	4	7	10	
2	6	1	4	9	8	
1	9	6	7	10	7	
2	8	9	2	10	5	
2	10	10	7	10	6	
5	8	4	10	2	6	
9	6	10	10	4	5	
6	2	3	10	8	8	
3	2	8	6	10	9	
3	4	2	1	6	10	
8	5	6	6	3	6	
2	9	1	1	6	9	
8	1	6	7	1	9	
7	7	6	1	2	4	
7	6	10	2	9	1	
9	2	2	5	3	5	
4	5	1	6	5	1	

Stepup times between Families, where [f][f] represents initial setup time
On machine	1
6	15	44	11	15	14	13	16	14	33	29	3	44	20	11	2	11	21	38	27	2	49	24	5	15	11	40	2	47	39	48	2	12	35	5	41	25	33	22	7	
22	45	16	27	34	32	27	5	12	23	29	33	23	19	49	7	40	1	19	1	46	42	40	5	7	18	22	33	26	10	27	40	3	37	42	5	28	42	20	29	
4	36	43	10	16	6	23	40	2	47	16	42	12	30	15	15	43	32	18	14	26	14	29	17	29	27	12	34	10	47	3	27	9	2	10	33	4	29	25	36	
27	10	41	28	31	33	42	32	5	29	9	13	33	49	5	50	17	16	37	3	36	48	11	32	23	5	30	44	25	46	43	23	25	6	27	4	40	7	24	39	
12	16	46	13	33	23	4	48	32	32	2	32	37	2	6	6	18	41	10	44	34	1	24	40	19	17	10	47	19	7	46	9	10	5	25	35	35	33	19	50	
26	1	17	35	49	15	37	22	22	33	17	44	3	5	19	39	35	16	37	7	5	27	23	30	1	24	33	31	5	24	12	49	28	4	48	21	18	33	28	29	
21	18	39	36	19	7	5	12	43	41	47	50	27	11	7	33	14	7	28	47	30	17	22	25	20	41	2	10	12	20	47	41	7	42	39	38	48	13	49	1	
14	22	32	2	1	10	26	11	44	21	11	42	29	48	14	47	32	31	11	32	9	25	49	47	31	31	21	49	10	43	26	23	6	18	26	49	39	10	15	18	
5	41	39	35	1	23	21	13	6	16	46	15	5	21	47	48	46	20	30	42	3	6	1	43	19	50	8	25	3	14	50	37	42	43	44	22	13	4	38	18	
22	22	38	14	46	48	45	42	6	9	50	4	11	14	48	33	39	19	24	24	5	18	12	44	45	37	15	29	13	3	50	1	22	12	21	43	42	32	38	37	
28	40	8	50	47	15	10	48	31	15	31	14	4	46	8	30	42	7	46	13	32	21	32	44	14	50	21	47	35	3	42	2	28	35	37	4	7	29	42	33	
15	28	28	15	42	15	35	8	23	2	8	2	47	12	49	26	40	41	9	49	36	44	20	18	6	39	27	24	22	43	39	48	37	42	2	20	29	27	48	28	
12	48	29	24	6	48	24	19	23	23	41	32	49	8	36	28	10	19	6	23	19	14	4	14	46	17	14	36	3	20	43	43	31	47	26	33	4	23	39	24	
17	22	16	24	50	19	31	1	18	7	33	28	40	20	8	27	22	26	35	12	38	31	3	22	50	32	26	14	47	12	13	4	46	15	7	15	25	1	4	3	
29	9	2	29	31	25	6	48	43	40	24	46	36	25	40	27	9	46	8	26	13	19	41	33	10	34	29	40	14	50	40	28	1	15	32	43	30	15	18	50	
3	14	14	26	21	30	19	16	25	27	47	41	27	44	8	46	47	49	17	30	35	48	4	31	29	2	16	47	47	7	41	13	30	29	13	7	27	32	50	9	
50	43	25	11	25	8	25	40	39	45	34	40	24	30	16	43	24	1	39	13	3	43	15	50	1	31	4	32	6	49	30	2	1	35	27	48	50	20	7	23	
6	16	13	6	50	1	1	28	10	12	42	11	38	15	2	32	37	8	8	11	43	21	14	19	29	13	15	25	4	42	13	32	13	36	33	27	29	37	27	7	
27	37	40	2	19	22	19	9	14	42	20	49	2	41	16	32	31	7	42	28	26	4	7	30	6	6	26	44	9	14	2	13	13	2	22	29	20	26	13	45	
21	10	13	39	50	22	37	21	20	17	36	1	16	25	26	27	19	6	49	43	6	47	25	44	44	12	19	41	40	50	14	11	14	39	30	46	18	48	7	30	
10	44	10	37	10	9	1	11	44	43	32	40	32	22	3	5	37	35	33	37	15	47	32	44	11	25	38	18	34	35	9	46	14	11	23	39	8	46	17	31	
29	21	33	28	35	39	48	49	30	33	27	25	28	46	48	39	50	34	15	23	12	25	3	36	7	46	9	19	28	29	21	30	34	18	45	10	9	41	30	22	
8	41	2	7	9	5	2	21	17	19	24	6	45	23	4	25	1	25	19	37	49	8	10	31	17	13	39	21	30	38	44	48	39	34	33	16	41	6	39	26	
10	38	23	4	26	44	3	3	21	48	35	48	18	29	11	15	6	22	25	37	11	26	44	30	40	2	37	27	20	5	47	32	47	15	44	50	33	2	27	21	
9	16	26	18	17	31	5	46	5	31	37	46	22	22	3	33	9	23	37	29	43	18	4	18	27	30	22	22	5	47	19	5	37	35	4	19	39	20	35	44	
25	45	50	18	8	45	5	34	28	13	48	34	36	41	12	3	30	14	6	43	50	1	37	32	43	27	34	11	46	38	45	12	18	23	14	12	6	17	42	50	
28	22	23	24	11	48	27	35	20	20	12	45	22	21	34	33	36	23	45	23	46	30	6	29	6	12	50	17	40	32	25	49	35	4	12	19	8	19	34	41	
41	20	34	45	11	3	20	4	30	50	32	34	33	47	47	35	41	39	39	38	30	2	13	23	12	35	28	17	39	26	40	42	7	6	39	30	21	25	30	38	
16	30	22	50	47	7	19	49	45	11	18	18	29	24	48	11	37	7	19	32	40	2	24	20	26	4	19	36	20	22	36	3	11	29	9	22	47	32	49	2	
16	29	16	17	22	2	34	46	37	18	35	19	5	20	28	4	40	45	37	8	27	46	37	46	13	40	16	11	17	30	4	32	40	18	50	37	11	22	50	22	
16	18	33	47	3	9	9	49	26	32	33	40	26	38	22	26	26	39	3	41	48	44	23	13	16	39	15	22	13	45	44	12	20	26	12	45	4	15	40	21	
5	2	39	35	32	23	20	45	26	40	39	31	27	42	40	8	24	22	9	18	10	13	9	33	18	15	46	19	46	20	12	1	17	26	5	6	46	34	36	2	
49	41	36	9	38	6	8	43	46	3	23	26	16	7	42	31	31	13	12	6	13	9	10	9	19	1	9	11	30	33	30	40	22	45	41	34	19	25	24	20	
26	16	4	29	13	47	34	45	35	32	14	34	7	6	42	34	13	40	38	7	32	6	35	13	6	41	47	43	50	5	7	41	10	36	9	1	11	17	16	12	
11	3	15	16	44	3	39	1	35	8	31	7	29	27	28	21	49	23	18	14	15	23	34	15	10	38	15	1	24	26	5	44	47	12	17	49	40	45	7	22	
37	42	42	23	16	20	8	39	40	1	25	42	12	26	40	30	50	20	27	8	44	50	16	49	10	33	43	37	25	29	9	48	38	16	38	26	37	49	14	27	
7	9	48	45	7	33	50	21	24	14	20	50	50	36	15	14	18	38	12	35	30	9	49	41	34	20	39	15	1	42	43	13	40	46	8	8	27	28	29	31	
38	22	47	32	14	2	45	2	34	8	13	15	33	21	22	46	44	17	45	34	14	2	18	29	13	20	15	22	18	34	1	1	33	15	31	22	43	30	7	24	
43	38	27	44	11	9	45	48	31	25	21	25	36	48	16	46	30	37	36	41	8	26	45	29	13	23	38	15	30	13	24	49	21	50	10	49	45	31	43	29	
25	10	2	3	37	42	40	32	15	8	30	50	39	4	33	31	33	2	9	2	11	43	9	25	49	28	39	16	23	2	17	18	21	29	30	33	23	42	16	2	
On machine	2
5	30	12	26	3	46	27	45	14	21	23	15	26	48	19	46	37	48	1	16	23	21	41	16	30	22	40	36	46	45	11	29	50	23	7	23	42	5	44	25	
41	13	15	35	8	9	15	35	16	19	39	40	2	12	26	7	31	16	22	15	44	1	32	48	19	37	29	12	12	5	27	49	47	34	34	21	44	14	35	23	
8	22	20	46	13	45	31	36	29	29	26	50	1	14	44	5	47	31	13	34	2	19	28	11	2	6	14	5	38	15	36	38	23	25	3	1	30	15	47	24	
20	41	5	33	20	41	38	28	32	33	21	15	16	9	18	45	35	25	46	21	19	21	4	37	1	30	3	35	24	2	13	39	41	9	7	33	29	24	23	3	
24	37	6	40	25	5	47	17	14	39	30	44	39	12	14	3	16	45	41	23	13	4	4	10	32	23	36	47	31	27	38	24	35	11	46	21	32	44	36	36	
50	28	7	9	28	31	32	16	4	43	16	32	1	40	39	10	49	43	36	35	21	31	45	7	29	6	22	1	19	12	15	23	41	16	43	15	34	18	11	49	
39	6	48	42	20	18	23	23	28	48	8	2	13	6	43	35	19	13	25	47	22	49	37	43	16	25	25	39	1	23	2	4	40	32	46	46	38	28	41	29	
39	8	26	45	3	39	25	25	49	6	39	25	24	17	45	40	50	15	32	35	9	3	39	44	7	6	15	15	37	17	47	37	18	5	41	24	34	42	6	6	
43	33	15	42	22	45	8	36	21	48	17	1	34	36	1	26	42	35	26	43	32	49	36	14	13	30	43	30	18	41	9	14	13	40	3	37	30	50	49	46	
36	40	25	34	21	35	6	4	45	9	50	26	17	41	15	43	10	43	29	10	44	33	33	17	15	28	4	8	45	34	36	1	3	29	22	37	26	34	15	25	
32	24	42	2	7	35	9	14	40	5	20	42	40	40	31	44	39	39	12	47	11	39	24	21	47	2	17	44	40	17	8	34	35	46	49	33	13	1	5	49	
33	50	29	16	27	30	32	18	41	27	46	27	40	39	43	9	38	34	42	2	22	25	28	29	48	7	42	1	11	2	26	28	20	46	7	35	13	10	5	24	
43	5	31	31	40	47	30	26	47	4	2	32	6	16	22	49	3	11	2	8	27	36	39	29	30	30	48	8	34	26	10	23	47	36	48	2	5	46	49	30	
29	28	13	36	34	38	27	15	44	34	31	38	19	36	20	22	23	12	35	12	12	42	30	23	8	6	38	29	7	5	33	40	35	6	26	29	41	2	6	35	
14	36	38	19	45	6	46	25	11	35	10	29	16	39	6	10	26	17	49	14	22	43	9	19	32	43	6	14	26	48	31	24	23	15	42	25	28	18	23	46	
1	15	20	8	30	22	19	31	34	26	50	35	4	21	45	41	6	31	35	47	13	44	25	26	29	3	32	40	37	33	32	43	3	2	23	22	5	31	26	27	
49	27	19	15	8	18	46	27	38	46	24	25	47	33	41	50	6	19	43	42	12	15	23	49	20	1	12	25	42	42	38	36	38	34	43	23	4	45	10	42	
43	19	39	5	46	42	36	9	26	4	45	40	22	46	24	9	14	18	44	48	21	2	10	7	44	45	16	5	44	23	10	26	19	18	37	25	24	5	42	35	
13	36	1	3	37	11	49	48	2	47	10	49	7	43	2	47	1	13	35	20	30	22	42	19	27	44	50	49	45	34	35	35	35	23	33	10	5	34	27	48	
40	1	47	35	47	33	15	28	2	45	43	19	28	48	43	36	13	7	31	22	37	21	7	41	31	18	18	3	10	39	38	23	46	47	13	1	36	12	7	32	
24	31	4	16	22	28	4	4	21	15	29	45	46	22	48	36	35	39	26	18	19	39	20	48	40	22	41	9	33	37	30	38	45	35	7	6	42	46	46	44	
12	31	45	5	50	28	1	43	15	42	30	4	28	50	5	10	4	48	20	47	18	22	5	33	6	23	14	40	37	14	26	7	42	37	22	8	42	4	36	50	
5	17	31	20	18	37	44	4	41	33	49	16	32	13	29	2	33	44	46	50	3	37	10	37	18	20	46	30	44	18	28	2	19	9	36	20	1	8	49	40	
13	25	47	28	49	12	8	6	32	6	13	12	18	37	19	24	16	36	42	3	49	20	9	28	5	17	8	21	22	35	40	21	19	38	11	1	25	9	34	17	
7	47	50	1	42	25	35	1	25	25	23	5	14	17	5	10	27	9	21	32	41	47	7	30	24	10	26	41	2	9	46	21	33	46	48	30	35	47	29	49	
29	50	30	44	25	19	29	2	15	5	2	25	50	8	17	25	2	41	19	23	32	39	20	47	26	18	22	44	39	17	13	24	18	43	27	38	22	4	20	12	
48	31	38	35	42	36	26	29	37	43	23	8	3	14	37	18	25	47	47	16	46	20	4	29	8	38	2	15	42	21	40	11	32	28	4	21	6	48	33	22	
17	10	14	44	35	34	8	4	31	1	37	46	12	30	13	25	21	7	47	33	18	21	41	49	14	27	2	41	48	21	42	34	4	38	21	13	12	35	12	4	
26	7	45	46	25	21	6	24	38	41	50	46	36	45	18	4	17	14	40	30	7	31	30	38	23	15	19	7	19	24	22	39	12	7	15	23	42	20	40	27	
25	49	18	32	29	31	21	15	49	23	34	15	37	22	36	16	30	9	3	28	38	29	33	49	35	13	50	30	13	11	29	46	45	31	37	35	13	41	41	33	
16	12	20	22	24	46	17	30	47	43	42	40	18	28	34	13	11	43	28	43	9	42	30	30	16	35	28	8	4	25	27	20	23	40	15	35	4	5	10	38	
30	12	33	21	40	2	19	26	1	48	30	41	33	36	5	10	47	50	7	32	46	47	36	16	23	35	39	19	27	4	2	23	15	30	25	5	33	39	37	8	
18	19	15	41	49	32	39	22	36	48	46	33	19	15	47	40	38	31	33	49	43	36	46	16	40	45	28	10	26	26	30	26	8	30	49	23	25	8	29	41	
7	21	6	50	3	15	47	6	35	13	19	10	34	11	46	23	5	28	41	46	47	7	33	5	12	11	1	48	8	10	22	8	41	34	8	32	42	25	31	36	
16	2	21	50	14	47	29	1	12	19	36	15	7	8	18	35	38	26	17	19	46	24	13	3	24	3	30	23	27	11	35	34	13	42	7	47	15	11	20	25	
43	42	31	21	45	12	49	16	46	44	20	16	18	50	16	6	1	46	2	44	50	4	50	33	10	25	47	39	48	41	26	7	14	45	25	23	39	37	12	45	
8	21	18	35	20	44	4	41	42	18	3	47	34	39	43	6	21	3	42	39	7	43	2	16	40	41	35	12	28	4	22	41	48	47	30	45	45	18	7	22	
24	28	15	43	6	25	21	41	8	8	13	9	4	48	3	50	49	1	27	3	2	37	13	43	2	49	31	15	37	34	31	31	29	41	9	39	50	34	49	4	
35	26	37	37	29	18	32	22	39	29	27	10	47	46	28	25	41	26	2	20	22	40	1	26	49	16	16	1	8	31	32	5	15	1	2	6	8	37	11	49	
2	49	38	5	35	12	50	34	35	28	2	35	23	38	40	5	48	10	23	12	29	48	47	31	38	7	17	12	50	24	21	17	50	23	34	9	35	19	19	35	
On machine	3
33	25	43	8	46	33	3	2	14	42	41	11	34	35	16	16	32	28	33	28	24	22	32	19	40	50	28	35	31	37	37	26	40	24	30	35	14	50	43	9	
30	19	23	50	25	50	48	4	5	28	25	37	6	24	26	10	31	29	10	6	42	22	39	48	34	37	23	7	31	35	50	8	9	20	28	43	33	14	27	18	
31	12	24	21	47	23	18	24	15	15	44	26	1	33	8	39	49	24	27	25	2	2	4	17	37	25	22	17	26	8	44	43	50	17	4	17	17	22	21	23	
47	15	15	43	20	35	28	30	49	37	50	3	29	18	46	11	9	16	46	23	50	27	17	21	50	7	10	30	36	38	35	48	13	22	36	33	1	24	9	13	
14	11	25	32	46	21	36	27	37	17	15	44	37	24	15	12	18	40	28	39	20	28	50	16	37	35	23	14	20	40	22	45	5	35	27	13	19	35	11	32	
17	13	50	23	15	18	37	1	7	1	39	36	35	33	49	24	19	1	2	6	25	1	7	5	18	35	38	28	50	38	34	18	25	1	14	48	30	17	37	18	
21	8	27	7	15	33	38	13	29	7	22	49	42	50	13	23	43	7	11	4	2	25	36	41	39	43	8	33	42	47	42	19	9	17	33	1	40	26	46	35	
17	27	25	15	15	50	15	18	8	49	44	42	6	47	10	18	50	21	11	9	44	6	4	42	5	36	8	27	9	14	9	38	18	37	24	6	3	31	24	11	
21	46	40	42	42	40	22	10	16	37	40	45	26	9	32	50	41	10	9	39	46	34	7	13	44	14	38	15	48	13	31	45	20	20	9	30	37	44	11	21	
42	48	4	41	31	10	26	4	15	20	49	36	50	43	40	49	12	8	32	31	38	48	46	42	45	27	36	45	37	3	42	6	35	12	1	46	16	13	9	4	
41	34	34	13	30	37	16	24	1	39	23	39	15	45	38	20	34	14	12	19	34	10	34	42	15	25	4	29	49	29	30	36	14	40	41	6	11	30	4	3	
21	42	7	1	31	48	33	44	41	42	20	30	20	32	49	36	4	16	28	44	6	3	11	26	46	46	43	18	36	40	41	19	38	29	47	23	42	37	33	19	
19	17	35	18	37	21	7	24	18	22	40	36	20	1	46	45	46	11	29	8	11	34	26	24	40	10	37	42	32	13	9	47	2	3	17	32	24	33	16	2	
11	49	21	46	10	39	22	25	43	16	1	34	25	22	31	13	25	14	40	5	3	43	30	45	7	45	23	34	3	42	42	45	32	1	22	10	12	26	31	44	
25	11	3	31	17	28	1	7	46	28	48	18	26	5	15	20	17	17	47	49	45	44	44	40	28	42	36	9	9	16	10	9	36	16	15	26	25	1	21	38	
13	4	20	18	11	5	45	40	15	35	24	44	39	2	3	18	19	34	13	34	49	7	32	2	46	21	9	27	2	38	34	21	47	18	47	38	12	25	24	38	
28	45	32	17	17	17	41	39	30	11	10	39	48	11	46	6	45	35	48	36	48	43	9	28	38	12	37	34	7	29	10	41	24	2	2	7	50	11	3	6	
11	43	8	22	36	29	41	40	4	22	38	18	49	38	20	28	39	15	41	29	42	1	40	1	12	11	11	35	5	42	9	33	38	38	44	26	7	32	14	24	
25	30	38	48	5	16	14	48	2	47	37	38	31	35	38	21	35	32	39	31	47	17	37	34	7	38	33	22	9	44	2	39	43	44	16	11	30	5	31	16	
14	8	22	3	34	17	5	8	23	9	40	38	23	4	21	13	8	23	10	27	18	25	50	10	12	36	18	6	7	19	18	31	39	39	4	47	44	31	46	34	
15	42	45	9	33	17	17	19	20	42	2	17	43	39	44	38	45	15	22	9	30	12	45	43	14	32	30	21	5	21	24	35	21	14	24	42	6	9	46	30	
13	30	11	16	8	49	7	21	44	26	38	40	14	37	23	27	1	48	21	17	38	24	46	22	13	17	4	16	18	36	26	34	30	27	10	22	22	47	41	35	
37	2	45	32	2	17	3	20	1	39	22	26	3	25	6	50	47	37	18	15	49	25	6	20	26	25	49	15	26	17	38	17	41	25	50	46	38	50	44	2	
24	5	2	48	39	2	39	22	46	23	27	26	7	24	39	13	37	3	1	1	22	4	41	16	50	31	48	20	48	48	45	18	18	33	22	14	32	29	37	48	
28	2	44	24	18	27	21	21	1	41	46	32	34	1	9	43	41	32	23	5	40	27	32	39	25	1	49	11	23	5	3	6	12	28	46	33	8	39	38	31	
36	43	21	20	29	12	2	34	42	3	38	44	4	42	50	29	25	34	7	43	10	46	27	46	19	3	8	36	31	50	14	38	12	10	37	39	28	33	24	39	
30	25	8	11	31	1	38	3	24	16	9	23	48	40	40	30	29	2	24	11	28	32	17	34	44	20	48	26	47	39	18	38	45	29	26	24	9	12	7	30	
16	11	14	27	1	42	31	20	28	33	33	17	1	14	22	40	31	31	43	28	39	4	36	1	29	5	23	46	39	22	26	44	22	10	33	22	6	46	30	36	
46	10	41	37	5	27	41	35	23	24	42	20	50	6	35	48	4	22	5	32	11	12	40	8	16	1	19	25	43	14	22	38	15	17	6	35	27	24	49	13	
15	35	34	4	30	9	30	39	8	44	35	5	26	38	16	11	20	46	35	26	42	29	35	8	30	21	29	2	15	41	38	10	37	15	33	31	7	30	44	14	
14	15	49	8	18	20	11	39	4	40	46	32	33	9	22	14	2	29	17	25	7	34	48	27	35	38	46	7	13	24	8	27	40	16	28	1	36	18	40	38	
4	19	32	6	46	11	41	4	29	35	2	32	16	33	38	41	3	48	50	40	8	13	25	39	38	1	38	20	12	9	27	15	22	49	4	42	39	27	23	26	
18	49	36	36	41	32	43	5	15	40	32	12	2	9	6	9	25	26	38	46	45	44	33	39	26	5	5	29	10	17	43	31	11	5	20	20	12	32	3	37	
15	14	3	16	24	42	3	40	19	31	29	24	15	6	45	9	14	12	48	16	14	30	30	22	16	34	22	2	10	37	2	15	28	39	13	8	28	9	9	46	
19	11	32	23	17	50	26	49	37	50	37	47	29	18	7	10	25	12	35	41	13	37	45	29	42	21	5	38	26	49	7	19	6	47	32	25	11	34	43	29	
41	33	36	46	25	19	1	35	24	45	44	23	13	40	32	46	29	18	41	1	4	1	20	30	10	43	13	24	11	2	21	17	5	49	13	32	26	38	48	29	
37	44	40	1	6	25	46	44	27	25	33	38	2	40	47	44	26	1	6	10	5	18	11	35	28	34	10	30	20	4	7	25	33	38	24	34	16	42	36	15	
39	24	38	49	24	11	41	6	50	11	47	15	39	34	19	23	1	46	28	1	45	50	12	46	48	15	35	12	17	9	33	44	2	35	49	15	42	31	49	50	
9	18	46	1	15	35	24	33	35	15	43	12	35	37	23	26	33	25	36	2	33	15	34	27	17	26	39	41	39	17	41	14	43	3	2	7	11	28	34	21	
24	19	34	25	11	8	1	32	23	45	14	48	2	33	36	25	33	6	31	49	48	24	10	40	48	16	10	36	12	8	42	29	7	46	26	32	5	16	37	35	
On machine	4
16	49	17	43	13	11	16	21	50	2	33	1	23	28	38	32	28	9	14	33	40	19	18	6	25	32	14	38	34	36	26	25	12	35	28	36	2	29	2	31	
49	46	9	40	29	23	4	12	7	22	40	20	31	45	6	49	2	32	17	22	29	35	39	49	23	35	8	26	5	20	35	14	28	22	37	19	28	38	20	6	
7	32	33	18	3	5	4	31	43	9	14	26	22	25	20	16	31	18	38	17	40	24	9	9	33	47	44	37	36	27	44	20	48	35	31	39	24	38	7	36	
16	41	40	23	9	44	4	14	31	7	45	15	25	13	12	13	8	47	20	35	15	26	20	24	35	29	11	44	44	5	11	26	9	30	37	10	50	48	16	42	
31	12	8	49	6	31	19	20	13	14	29	3	9	24	39	31	18	49	23	18	27	14	38	28	8	11	36	47	27	42	3	28	45	45	34	30	19	25	35	2	
10	45	7	39	13	17	43	16	31	3	31	41	23	15	4	9	12	6	45	25	47	41	42	11	45	20	37	43	43	12	48	42	23	6	29	4	37	33	50	48	
10	14	30	24	29	28	8	34	37	43	27	40	36	9	10	6	23	38	16	36	22	12	8	35	43	33	47	37	36	39	21	25	17	27	29	37	39	23	33	11	
50	34	6	23	1	14	32	43	37	41	2	38	3	31	22	38	42	13	36	22	23	36	22	37	20	25	8	31	46	42	8	12	15	42	42	43	34	10	15	27	
25	15	28	20	14	11	20	33	43	23	46	20	32	50	42	25	13	8	39	31	15	27	14	17	27	38	19	22	24	5	32	11	41	9	37	30	30	15	5	2	
35	42	30	38	5	39	14	2	10	12	17	43	50	27	47	37	16	26	34	37	25	42	25	23	41	50	42	28	46	26	24	17	2	34	5	28	12	15	26	47	
5	31	30	50	13	25	15	7	28	16	1	11	42	2	27	5	26	42	2	23	32	44	10	30	16	17	40	19	23	26	38	10	27	40	1	31	27	43	33	48	
4	34	44	30	9	37	29	25	46	19	14	48	29	27	8	39	26	13	46	18	41	23	39	45	50	20	35	42	47	3	21	49	37	11	15	24	45	31	12	13	
20	24	31	13	45	15	49	17	15	28	8	27	15	13	37	46	50	38	3	34	45	48	8	4	3	33	33	1	18	25	15	45	15	33	49	45	16	19	26	3	
35	9	3	29	47	20	35	33	15	30	22	17	8	10	13	11	41	20	13	48	11	13	35	9	12	24	35	9	29	39	19	44	15	50	15	13	18	22	40	44	
39	19	16	4	24	35	13	30	7	10	22	11	4	39	9	33	40	49	2	20	36	7	17	30	37	37	49	17	28	50	17	21	6	15	44	42	9	44	43	21	
23	17	41	16	31	4	47	13	47	43	47	16	7	12	49	2	13	40	37	23	5	38	21	22	24	30	14	31	33	11	42	33	9	36	4	2	18	26	50	34	
44	45	45	5	40	28	34	40	21	48	3	8	13	6	1	33	10	31	17	12	12	42	43	31	19	50	1	18	31	26	27	15	8	13	45	15	19	46	17	39	
5	4	6	41	30	27	10	33	34	36	41	4	26	18	2	37	19	46	17	4	29	50	27	47	35	29	34	20	43	18	15	2	25	6	1	41	17	31	9	31	
14	1	27	39	42	19	48	23	13	12	8	2	3	22	6	4	48	5	10	42	40	38	21	33	7	18	14	14	14	11	18	12	48	16	8	25	6	46	36	1	
31	10	37	27	33	9	14	3	23	44	42	30	41	47	14	39	40	10	13	36	50	3	26	40	4	44	41	2	45	7	25	32	42	49	27	8	24	45	35	36	
48	18	41	43	8	17	21	28	16	3	7	25	14	7	20	25	44	16	7	34	8	6	50	16	24	15	21	16	18	17	33	46	31	33	6	4	18	5	38	1	
38	9	44	5	28	48	37	20	18	18	44	15	33	40	22	21	6	6	8	4	3	19	43	16	25	18	32	9	49	11	34	21	29	20	29	20	32	18	44	8	
2	2	15	35	34	5	38	22	37	47	12	48	49	41	9	26	18	38	16	6	7	13	4	44	7	19	45	20	30	45	44	16	43	26	20	26	49	18	8	24	
25	28	50	40	30	16	12	17	45	9	15	16	34	32	19	23	10	40	27	33	8	28	34	46	33	17	23	32	38	17	43	43	16	9	30	49	12	26	13	41	
25	35	10	6	5	6	36	5	39	4	20	35	3	19	33	18	33	24	37	29	22	8	15	42	1	23	1	22	34	43	23	11	40	7	20	7	6	27	6	30	
25	4	43	11	30	24	18	42	34	11	25	31	40	18	4	6	37	21	19	16	42	39	1	20	42	17	43	5	26	40	20	3	4	49	39	42	25	48	7	22	
26	34	31	36	12	27	45	21	50	5	29	1	21	39	42	4	27	13	12	20	4	42	42	37	21	37	8	37	3	39	41	44	15	47	13	19	9	1	31	15	
11	19	36	41	20	42	49	28	29	45	38	18	22	2	45	42	42	16	7	32	44	26	1	20	42	27	2	47	31	23	14	13	26	37	16	14	35	28	16	1	
41	46	20	35	34	21	24	38	45	28	17	26	14	27	44	6	24	38	32	33	14	37	32	48	31	6	37	36	48	35	28	11	26	7	17	45	40	28	14	42	
42	41	25	9	7	46	17	22	33	10	34	21	40	33	20	1	46	28	26	43	19	33	27	24	12	38	26	10	22	30	12	47	11	19	46	23	3	22	40	45	
4	46	40	13	42	4	50	11	39	3	31	13	26	13	13	17	8	1	18	6	45	24	33	8	28	38	15	16	11	1	24	4	39	36	46	6	50	36	17	50	
12	22	43	12	48	40	23	30	8	10	25	35	38	27	36	41	17	33	9	15	41	28	5	32	20	3	47	29	11	10	9	28	48	45	9	12	7	28	24	11	
18	16	14	48	1	27	38	9	5	21	11	24	34	19	8	9	45	10	38	16	21	50	4	42	11	33	50	22	47	9	2	8	28	43	48	38	27	44	10	33	
28	10	32	13	49	12	17	47	14	40	13	18	9	30	36	25	16	2	43	15	40	41	37	40	44	31	10	8	10	24	18	31	27	24	36	25	24	44	21	15	
7	7	12	46	33	9	29	11	26	20	11	42	26	45	12	45	38	7	43	42	26	26	47	50	41	42	12	17	15	9	35	12	34	1	30	20	37	21	36	9	
3	10	43	31	9	35	23	50	31	34	28	18	1	20	26	30	4	12	41	23	10	19	14	31	44	12	37	9	30	13	28	40	43	46	42	40	43	39	35	48	
39	34	6	41	43	36	24	22	20	2	10	8	29	39	39	26	9	19	24	24	49	25	20	36	36	39	32	4	14	24	6	8	33	5	6	12	24	50	18	25	
5	17	48	11	39	5	10	15	43	49	46	35	38	11	50	44	46	5	44	36	8	27	2	24	14	26	35	10	35	18	39	27	45	49	5	2	43	21	4	10	
18	5	6	47	48	50	47	33	10	44	1	45	25	38	27	40	46	19	35	23	28	5	30	34	39	6	42	27	7	12	23	31	8	5	7	21	3	38	30	23	
4	25	32	17	30	1	11	26	45	34	9	23	8	4	39	27	17	37	7	13	48	6	9	12	21	40	18	31	37	7	8	40	33	8	8	32	7	27	41	46	
On machine	5
7	37	2	38	44	18	19	31	43	10	43	29	12	16	41	34	27	2	4	45	2	43	16	25	3	19	38	34	36	16	44	28	48	27	11	24	20	3	17	19	
29	26	46	8	13	12	46	4	49	21	37	44	50	17	12	32	33	3	9	9	11	4	38	25	11	47	11	3	38	15	20	36	39	27	5	7	15	46	33	5	
36	46	24	37	47	24	9	19	27	46	29	23	48	31	32	2	24	37	1	21	29	13	37	28	49	21	33	50	46	9	27	35	28	45	4	11	41	8	49	48	
20	32	13	37	6	18	24	22	13	29	4	38	24	13	21	33	1	7	31	33	49	45	36	17	24	42	50	44	48	17	27	20	28	36	17	22	12	15	6	5	
38	35	14	40	39	13	29	18	39	49	28	37	50	15	12	40	40	27	31	16	30	2	47	15	36	47	43	27	24	50	8	17	39	40	18	26	19	18	44	12	
1	48	42	49	6	5	33	32	26	45	50	13	50	21	18	42	8	31	6	14	19	25	32	39	8	34	27	23	10	32	40	2	14	14	30	19	46	33	46	21	
30	27	42	50	36	10	29	40	43	2	7	40	17	30	9	10	31	41	8	18	4	48	10	40	14	1	40	10	38	38	9	42	30	9	9	5	48	34	2	37	
35	12	28	3	10	38	7	31	14	22	20	11	29	48	12	6	39	8	29	27	22	30	38	46	43	11	32	50	46	7	21	30	34	33	29	36	36	40	2	47	
29	24	46	46	45	28	40	24	25	31	29	6	20	5	37	23	41	41	11	34	36	11	27	20	12	5	29	42	47	37	14	32	43	49	43	30	40	41	29	44	
10	22	8	10	18	26	1	32	23	8	42	19	11	49	16	9	1	26	18	9	13	11	28	24	8	15	38	12	6	43	4	48	26	35	44	12	35	31	32	4	
46	11	24	30	42	12	43	24	23	25	43	16	37	16	49	18	9	31	40	23	32	40	35	44	43	29	42	48	4	40	43	50	34	32	16	48	35	44	3	4	
38	1	28	37	1	41	10	7	11	39	7	17	4	13	25	34	40	13	42	17	11	12	16	42	13	9	15	21	11	25	17	31	19	29	3	27	22	14	10	27	
28	5	44	14	43	42	24	34	17	19	44	42	21	22	42	16	21	14	46	6	38	21	10	20	6	45	38	15	17	45	3	25	26	25	8	12	2	43	21	35	
22	31	39	27	46	38	38	15	48	6	37	38	20	16	1	8	37	12	41	11	14	19	47	14	2	36	16	47	49	7	46	26	15	34	43	38	20	10	43	16	
47	49	26	16	39	1	45	33	16	44	1	20	27	38	29	28	48	11	45	43	2	37	16	22	44	4	25	50	37	24	36	50	37	41	25	12	13	1	9	21	
27	39	23	39	3	21	41	33	43	10	6	48	7	15	28	49	1	15	32	2	41	38	22	17	38	35	49	46	6	44	15	49	42	50	26	46	49	48	48	10	
49	27	24	16	32	33	47	47	12	14	17	43	45	44	28	6	19	3	27	19	18	12	44	2	9	35	32	46	47	45	23	44	23	12	27	21	24	13	50	49	
37	17	7	49	23	40	8	4	44	18	40	38	28	41	31	44	28	18	38	22	36	9	47	36	21	48	18	28	27	37	1	32	16	28	4	44	34	43	17	9	
29	11	47	41	30	34	37	18	34	29	33	34	24	44	41	49	37	41	42	30	39	11	41	2	6	16	31	44	37	38	26	29	6	29	28	11	21	50	49	25	
3	17	44	22	1	36	17	39	23	49	14	48	18	47	32	12	45	9	39	11	2	30	38	19	24	40	19	41	44	33	40	18	3	49	8	39	25	42	28	22	
20	17	13	48	26	8	29	23	5	19	31	19	3	31	4	10	41	30	1	37	8	13	45	35	10	15	19	44	32	7	48	47	46	22	20	8	21	7	28	25	
38	9	23	2	10	17	11	12	20	43	44	32	4	42	4	50	2	7	42	14	26	29	12	35	38	4	40	1	43	31	30	23	48	14	19	22	11	21	4	32	
39	22	7	5	40	39	12	13	23	19	1	14	43	6	28	8	31	29	38	10	32	34	12	26	1	24	45	21	41	46	36	17	25	44	23	26	21	12	25	32	
33	46	48	44	19	44	27	27	41	22	35	14	28	41	6	12	33	45	5	50	49	13	18	29	32	12	35	50	2	19	6	33	5	28	34	26	5	49	16	19	
36	27	27	37	36	16	3	34	25	20	8	10	37	30	34	9	6	30	42	38	5	7	41	31	46	31	9	31	49	44	39	4	46	40	31	48	8	37	33	21	
25	33	20	22	4	39	41	38	33	35	31	46	49	43	40	21	14	30	25	8	16	12	17	13	35	27	24	40	13	7	37	17	47	16	32	24	32	42	40	30	
19	23	49	10	36	47	17	28	12	18	42	47	21	35	10	21	1	23	39	41	38	14	11	44	2	21	40	48	17	37	18	42	19	20	36	29	32	39	1	34	
28	11	13	37	44	31	3	50	4	3	33	2	14	14	38	49	7	23	36	39	37	30	6	25	19	43	49	26	39	46	4	21	48	23	46	9	47	40	22	1	
39	7	23	5	8	17	49	9	17	15	11	48	7	41	8	9	3	46	27	6	5	12	32	46	6	41	40	7	25	1	16	15	50	49	28	40	18	4	43	31	
43	9	24	26	17	50	19	3	6	49	25	48	29	21	35	46	39	39	19	20	1	13	24	48	29	9	14	14	43	8	13	48	11	5	47	34	28	3	5	23	
46	28	12	12	21	7	28	16	11	7	46	47	23	38	11	2	16	40	32	23	43	15	7	18	13	23	48	10	50	32	11	22	4	28	27	20	30	7	42	16	
37	27	44	32	28	46	14	4	17	14	43	45	31	33	32	35	4	16	4	4	22	9	37	39	47	12	19	21	33	14	44	34	16	46	24	49	40	39	29	43	
40	37	14	16	19	20	16	14	38	46	31	29	16	20	6	46	33	16	26	24	22	20	45	34	10	15	21	31	33	44	7	38	5	38	22	21	48	5	16	18	
6	23	16	8	40	44	31	22	29	28	25	19	25	7	25	24	32	8	12	25	45	37	24	1	17	14	32	5	28	37	26	3	43	12	24	9	30	22	19	47	
45	38	2	23	48	25	8	12	11	33	49	38	46	30	49	9	26	17	33	36	34	37	13	40	34	47	8	27	40	42	31	8	26	23	21	45	1	45	25	46	
22	50	19	36	21	10	6	43	19	15	6	20	20	40	6	26	30	17	31	20	21	34	37	22	30	14	27	11	5	41	16	36	24	6	8	20	6	45	24	3	
13	17	6	33	11	23	21	33	1	29	44	27	25	7	48	31	48	11	33	37	32	37	40	38	9	38	36	11	18	42	12	46	6	33	27	16	9	31	29	15	
26	46	22	39	17	33	46	28	5	16	50	2	18	32	36	38	18	48	34	47	23	42	30	26	30	7	38	19	21	27	48	5	5	30	33	4	33	24	25	28	
8	5	39	49	34	23	11	44	5	44	21	43	38	12	33	26	1	43	32	40	29	30	31	13	17	29	34	21	34	10	48	43	26	1	42	45	32	32	34	32	
44	36	40	5	41	48	47	36	47	38	26	36	19	44	44	39	42	35	6	25	36	10	40	32	33	18	47	3	47	13	28	3	21	3	12	24	14	2	41	29	
On machine	6
13	19	11	28	9	9	36	1	27	34	36	7	1	45	44	44	48	22	34	49	44	9	10	38	38	15	11	47	18	32	25	4	11	28	34	10	31	36	36	10	
47	22	21	21	24	3	19	11	21	48	18	35	39	48	2	7	31	4	4	34	46	28	28	21	33	41	34	28	50	39	45	21	12	43	32	1	15	12	39	40	
22	18	28	12	29	12	49	34	34	29	46	7	44	20	9	1	23	26	25	33	46	50	4	14	47	14	10	8	33	4	40	49	33	23	27	37	28	37	40	47	
47	32	34	33	37	38	31	31	37	16	10	27	16	40	31	5	10	2	24	13	36	42	34	7	20	45	42	31	15	8	50	23	19	6	25	8	15	33	33	2	
15	35	48	32	38	15	45	14	7	33	49	32	1	14	16	1	47	10	35	10	2	2	16	32	12	21	28	34	36	26	8	6	13	5	40	22	23	16	30	27	
11	13	35	30	48	26	29	5	12	39	10	34	15	13	47	36	25	27	48	15	22	27	11	27	3	39	47	30	47	41	38	4	26	21	35	28	1	19	20	32	
43	36	16	27	12	21	42	16	19	11	10	28	45	10	16	28	5	32	50	17	18	6	48	39	22	23	16	28	30	40	30	10	2	24	37	19	37	10	41	7	
40	33	31	32	41	24	24	34	6	20	4	21	30	44	29	48	17	19	29	9	5	21	33	28	50	49	32	24	30	17	7	27	46	36	21	27	46	3	44	27	
38	23	42	10	20	45	22	11	31	32	3	46	11	30	19	1	11	5	20	47	45	50	46	19	48	36	25	29	46	17	39	26	20	48	17	12	44	35	12	6	
29	18	41	41	16	38	31	23	29	45	40	25	23	35	4	37	19	33	34	10	42	21	48	18	19	39	7	2	7	39	7	15	11	21	2	41	19	5	35	35	
10	5	27	1	34	33	32	36	33	32	27	25	32	9	18	9	15	24	15	14	46	25	19	6	24	40	2	20	22	41	6	36	44	22	36	49	12	12	25	39	
31	39	25	20	31	11	18	48	40	5	18	44	13	25	39	36	16	7	14	19	38	10	45	40	1	42	46	24	45	7	15	24	49	16	37	21	22	42	44	42	
39	49	13	1	10	28	45	28	34	27	21	31	13	47	39	36	21	9	11	36	49	9	28	8	43	40	32	17	17	20	29	45	42	13	43	36	3	7	24	13	
6	6	26	20	11	21	1	43	7	8	42	30	8	41	11	2	13	15	4	38	28	2	14	26	40	5	7	31	26	6	3	33	8	2	28	37	11	40	20	23	
25	21	24	39	38	17	38	33	47	7	50	13	32	30	34	44	47	39	42	45	10	5	49	12	1	14	10	18	21	48	7	35	29	40	34	31	1	17	38	35	
27	23	44	45	7	32	28	37	4	13	28	14	50	6	5	17	9	6	33	4	2	25	46	31	17	5	19	47	14	27	47	38	38	6	34	18	44	39	25	39	
1	44	34	5	30	25	37	9	7	16	33	36	28	36	48	28	39	43	22	41	19	1	45	37	10	36	39	11	19	3	48	45	12	22	39	9	41	20	16	42	
17	47	17	47	42	3	10	47	43	21	6	30	29	33	32	17	42	27	24	45	37	12	42	12	9	3	10	16	47	19	39	3	46	42	33	15	48	12	41	46	
25	7	9	23	21	13	16	42	31	17	38	5	22	39	24	41	31	16	38	25	22	32	29	19	14	31	6	30	36	23	22	22	47	3	44	10	37	5	48	41	
19	6	44	3	44	46	24	26	48	8	6	13	8	9	44	32	43	10	14	10	42	34	24	19	6	3	11	8	37	47	1	1	22	6	8	45	9	45	5	11	
27	31	21	2	15	18	8	45	31	49	46	19	38	8	26	24	44	30	41	26	42	24	6	20	46	11	21	36	2	5	10	30	23	3	46	13	31	16	25	19	
18	2	29	29	43	48	15	4	36	33	32	22	9	25	35	29	3	36	48	19	23	11	4	47	18	15	36	19	45	8	15	30	17	42	15	11	5	41	50	37	
27	48	26	31	44	27	15	13	18	30	27	23	25	5	42	4	28	13	35	14	29	42	1	15	12	14	31	46	43	13	17	12	3	41	21	47	50	28	49	40	
11	32	6	46	39	43	19	37	17	23	30	15	36	48	46	37	16	32	41	7	39	26	21	30	24	38	24	31	31	8	48	6	8	32	36	6	15	42	24	44	
19	31	46	2	1	27	26	6	29	48	22	48	8	42	47	3	45	12	13	14	5	22	45	36	46	7	14	27	16	32	33	19	26	20	32	50	10	33	32	10	
28	30	4	35	30	12	16	4	33	45	26	12	22	42	32	13	45	3	40	47	23	15	31	50	4	31	15	12	13	24	38	48	43	1	24	29	35	25	43	36	
46	3	43	50	50	8	24	50	43	4	6	16	47	15	42	1	46	24	24	50	43	44	18	45	34	6	47	47	18	19	30	45	33	35	29	31	3	35	25	4	
24	13	45	26	49	23	2	50	44	43	16	25	47	4	10	10	28	23	40	10	3	8	6	37	46	17	44	35	32	36	50	29	37	20	15	15	7	50	30	36	
24	20	37	40	7	7	35	6	15	36	48	41	3	34	39	19	35	4	22	40	45	31	19	21	18	17	27	33	28	29	43	10	10	6	40	43	34	37	43	29	
36	13	23	48	8	50	4	2	48	10	37	34	25	22	25	41	47	16	6	25	6	25	27	49	10	25	34	26	26	36	9	35	33	9	38	29	27	7	21	13	
17	15	34	47	15	37	5	40	7	48	43	32	45	13	44	9	12	49	38	48	41	46	45	9	11	2	43	49	48	45	25	5	22	4	3	7	9	50	1	2	
26	34	43	19	35	32	13	10	38	23	27	38	23	44	4	12	38	18	44	29	27	8	35	10	9	49	39	38	1	28	9	18	34	28	50	32	48	43	12	29	
9	28	18	43	48	49	1	2	38	6	36	21	2	22	20	6	41	5	30	20	13	36	40	27	23	22	29	29	20	9	6	9	41	32	16	34	6	43	1	48	
11	1	10	22	25	21	11	46	8	18	49	49	21	46	6	11	23	10	4	45	5	14	4	50	5	37	50	45	37	34	49	31	9	25	24	20	17	6	8	49	
38	50	33	17	30	30	14	49	9	5	26	43	21	28	19	17	2	36	45	36	13	30	44	7	15	34	14	38	10	48	24	23	39	36	39	22	28	49	39	46	
4	29	49	31	19	24	8	19	46	37	43	2	25	6	11	47	28	7	7	37	21	7	25	9	3	12	48	28	20	49	36	36	50	48	2	12	29	46	50	26	
3	4	47	40	39	48	48	15	48	6	36	27	34	43	3	42	34	33	33	8	42	30	14	46	2	23	6	35	21	6	14	1	37	3	16	32	43	20	8	22	
20	17	9	45	30	37	5	14	6	45	9	17	13	9	8	19	32	43	39	40	39	19	14	5	28	19	1	37	3	11	5	37	24	10	37	38	5	23	40	36	
38	24	12	16	17	28	25	19	28	10	18	34	31	7	15	42	37	9	9	38	39	45	11	8	6	38	12	17	6	39	36	9	33	5	35	29	2	11	30	46	
8	20	19	30	23	37	25	13	10	49	21	17	31	31	49	48	24	16	46	2	27	8	47	9	45	38	49	28	21	3	47	39	42	10	9	22	31	23	46	8	
