Factories	2
Families	20
Machines	2
SetupType	1

Number of Jobs in each Family
4	9	1	8	8	1	7	2	5	6	6	9	8	6	6	3	7	8	5	3	

Jobs in each Family
0	1	2	3	
4	5	6	7	8	9	10	11	12	
13	
14	15	16	17	18	19	20	21	
22	23	24	25	26	27	28	29	
30	
31	32	33	34	35	36	37	
38	39	
40	41	42	43	44	
45	46	47	48	49	50	
51	52	53	54	55	56	
57	58	59	60	61	62	63	64	65	
66	67	68	69	70	71	72	73	
74	75	76	77	78	79	
80	81	82	83	84	85	
86	87	88	
89	90	91	92	93	94	95	
96	97	98	99	100	101	102	103	
104	105	106	107	108	
109	110	111	

Total number of jobs
112

Processing times of jobs
8	2	
5	7	
7	9	
2	5	
1	3	
3	9	
7	4	
8	10	
3	10	
10	7	
2	9	
5	2	
9	2	
4	3	
10	8	
2	2	
9	4	
9	5	
9	8	
6	6	
9	2	
4	7	
10	7	
5	1	
1	4	
10	9	
6	6	
10	4	
3	4	
5	3	
1	1	
7	2	
7	8	
8	10	
7	9	
9	6	
8	4	
3	4	
8	5	
2	1	
7	9	
7	3	
9	6	
2	10	
1	2	
9	5	
7	9	
8	9	
2	1	
9	5	
5	4	
3	9	
9	9	
5	2	
8	2	
1	10	
8	2	
5	7	
7	3	
9	8	
5	4	
8	8	
8	1	
7	6	
7	5	
10	8	
4	9	
1	6	
5	7	
7	2	
7	10	
6	5	
1	6	
6	8	
9	9	
6	4	
9	3	
7	4	
1	10	
5	1	
9	2	
4	1	
9	7	
7	8	
4	6	
1	9	
10	2	
9	4	
7	3	
9	3	
7	9	
3	9	
4	6	
6	10	
6	5	
2	8	
7	4	
6	1	
3	7	
5	9	
3	9	
8	3	
9	1	
1	1	
5	4	
8	2	
6	6	
2	3	
5	1	
6	8	
6	4	
5	9	

Stepup times between Families, where [f][f] represents initial setup time
On machine	1
12	12	8	14	13	15	5	1	3	11	6	10	19	8	4	15	4	1	4	19	
10	11	1	2	16	19	4	18	16	19	19	1	19	17	19	4	13	12	5	7	
17	19	3	2	20	1	11	11	16	5	18	17	17	15	10	9	19	15	20	3	
1	6	12	11	17	2	17	8	16	13	6	1	20	5	1	2	8	6	13	17	
2	5	10	2	2	12	12	16	19	17	14	1	16	12	3	11	17	3	18	3	
18	4	18	7	11	1	20	3	16	11	12	1	3	1	14	6	4	2	1	18	
12	14	8	7	1	16	5	1	16	8	6	6	8	12	18	8	3	4	8	13	
11	2	10	19	6	2	17	4	13	10	6	9	1	17	20	11	19	13	17	5	
18	14	6	2	10	5	19	18	11	5	13	4	7	13	6	11	12	7	14	9	
13	15	16	3	15	14	1	7	7	20	6	6	14	12	16	2	3	8	19	15	
8	1	7	4	12	19	15	16	5	4	15	10	17	9	9	5	1	2	2	16	
20	3	14	9	17	11	13	9	4	20	3	20	10	14	7	5	11	9	7	11	
12	1	19	1	17	13	19	11	8	4	13	14	10	10	20	18	6	1	2	6	
4	5	16	8	4	14	3	2	15	2	9	16	17	3	6	14	20	6	16	5	
19	12	1	1	3	7	12	5	2	16	1	18	20	16	17	9	15	17	5	4	
2	2	9	19	17	9	12	11	19	4	18	14	11	2	10	12	17	8	2	18	
12	4	7	17	20	4	9	5	18	13	19	7	9	6	3	4	12	16	17	14	
1	12	12	4	20	7	12	9	4	12	10	9	17	19	13	7	15	9	14	14	
6	20	15	15	10	4	3	6	9	3	13	13	15	13	10	1	17	6	15	10	
5	20	8	5	1	19	18	12	6	4	15	2	2	6	3	19	5	15	1	6	
On machine	2
5	14	12	2	4	7	7	10	15	16	4	16	16	10	4	19	11	4	17	19	
8	15	12	6	11	13	17	1	14	8	17	8	11	5	6	17	17	2	13	10	
5	16	9	15	8	20	2	11	11	4	4	9	2	13	9	1	1	3	12	3	
19	5	7	12	8	5	8	20	18	3	19	19	8	14	7	18	6	10	10	13	
19	9	18	2	15	11	6	9	11	7	20	10	19	13	20	18	16	17	16	18	
2	13	9	3	3	14	2	15	17	19	9	12	12	10	3	18	20	11	15	4	
14	2	13	2	12	8	10	17	10	13	15	6	18	17	11	12	11	17	7	8	
6	7	9	10	17	16	15	9	16	4	8	15	5	15	15	14	3	3	18	3	
6	14	14	5	1	2	2	12	8	6	16	6	8	10	3	17	12	14	18	7	
12	6	5	2	13	14	10	12	19	13	17	6	13	3	15	15	20	4	8	11	
1	17	15	13	4	9	4	14	9	16	20	19	4	18	18	13	13	7	10	6	
16	10	5	11	3	12	12	12	18	19	2	11	14	15	3	8	17	19	10	9	
9	6	13	2	15	19	12	15	2	19	7	13	20	19	20	17	11	10	20	7	
12	8	4	18	5	7	7	17	20	8	7	17	8	13	5	4	14	14	1	10	
3	17	5	17	13	7	17	14	2	12	2	9	2	6	19	6	7	13	9	18	
5	9	6	20	13	4	8	1	20	9	19	16	9	14	12	14	15	14	19	8	
4	10	4	11	11	5	13	9	3	5	12	16	15	12	2	16	12	3	11	4	
18	2	20	14	16	17	9	7	11	5	20	8	12	9	9	10	11	6	20	20	
2	12	20	15	15	20	13	2	11	7	4	7	19	1	10	3	3	10	2	13	
1	3	19	14	2	8	5	9	11	12	19	10	11	1	17	15	8	18	18	18	
