Factories	2
Families	40
Machines	2
SetupType	2

Number of Jobs in each Family
8	3	4	9	5	1	6	1	8	9	9	7	2	10	3	3	2	5	9	5	7	8	7	2	4	7	8	3	2	8	1	3	4	7	4	5	8	4	9	10	

Jobs in each Family
0	1	2	3	4	5	6	7	
8	9	10	
11	12	13	14	
15	16	17	18	19	20	21	22	23	
24	25	26	27	28	
29	
30	31	32	33	34	35	
36	
37	38	39	40	41	42	43	44	
45	46	47	48	49	50	51	52	53	
54	55	56	57	58	59	60	61	62	
63	64	65	66	67	68	69	
70	71	
72	73	74	75	76	77	78	79	80	81	
82	83	84	
85	86	87	
88	89	
90	91	92	93	94	
95	96	97	98	99	100	101	102	103	
104	105	106	107	108	
109	110	111	112	113	114	115	
116	117	118	119	120	121	122	123	
124	125	126	127	128	129	130	
131	132	
133	134	135	136	
137	138	139	140	141	142	143	
144	145	146	147	148	149	150	151	
152	153	154	
155	156	
157	158	159	160	161	162	163	164	
165	
166	167	168	
169	170	171	172	
173	174	175	176	177	178	179	
180	181	182	183	
184	185	186	187	188	
189	190	191	192	193	194	195	196	
197	198	199	200	
201	202	203	204	205	206	207	208	209	
210	211	212	213	214	215	216	217	218	219	

Total number of jobs
220

Processing times of jobs
2	4	
6	2	
10	1	
1	7	
6	2	
7	2	
2	10	
10	10	
3	2	
4	4	
7	6	
1	4	
1	6	
10	5	
7	7	
5	9	
2	4	
6	8	
3	1	
4	8	
5	2	
3	2	
2	8	
1	5	
7	1	
8	9	
8	10	
7	4	
2	3	
4	1	
10	2	
9	5	
3	4	
6	2	
10	3	
9	10	
2	4	
3	7	
4	6	
9	3	
8	4	
8	6	
3	1	
3	7	
8	8	
5	6	
2	10	
9	4	
7	9	
10	2	
9	3	
5	8	
6	4	
7	4	
10	10	
2	10	
5	8	
8	1	
8	4	
1	3	
8	3	
3	6	
3	10	
9	2	
7	5	
7	8	
1	4	
5	8	
9	1	
2	5	
2	3	
9	6	
10	4	
1	4	
3	5	
9	9	
5	9	
6	6	
3	5	
9	9	
10	5	
9	2	
7	1	
9	8	
8	2	
4	8	
3	2	
10	6	
4	2	
3	9	
7	9	
7	10	
4	5	
1	4	
9	1	
5	9	
9	1	
7	4	
10	2	
3	2	
4	1	
10	8	
4	5	
1	9	
7	10	
4	8	
2	4	
10	8	
6	1	
8	2	
3	8	
1	1	
3	2	
1	4	
9	4	
8	7	
10	7	
10	10	
5	9	
10	2	
6	5	
8	7	
1	9	
10	3	
7	8	
4	5	
6	7	
5	7	
6	3	
1	2	
3	5	
2	2	
7	6	
9	10	
5	9	
8	5	
8	6	
9	4	
1	3	
5	8	
10	1	
6	3	
9	3	
7	1	
9	10	
7	2	
1	10	
3	1	
7	9	
3	6	
8	9	
9	4	
10	8	
7	1	
8	6	
3	7	
4	8	
3	6	
6	1	
5	5	
5	8	
3	4	
8	2	
5	6	
5	3	
5	3	
8	6	
2	2	
7	6	
6	6	
8	3	
10	10	
8	10	
4	1	
8	5	
6	4	
9	2	
3	1	
5	3	
6	3	
3	2	
1	1	
6	10	
10	4	
5	10	
2	8	
9	3	
8	10	
9	2	
3	10	
1	5	
6	2	
6	6	
1	4	
4	2	
5	1	
8	9	
8	4	
9	10	
1	5	
5	4	
3	8	
1	4	
9	5	
9	8	
9	5	
8	9	
5	7	
9	9	
10	8	
2	2	
1	6	
8	4	
8	1	
10	5	
9	9	
1	9	
4	6	
9	1	
8	5	

Stepup times between Families, where [f][f] represents initial setup time
On machine	1
24	9	22	11	27	43	17	50	31	30	40	15	8	33	10	30	26	26	46	50	26	27	50	50	4	36	35	32	7	27	39	5	41	37	6	11	43	43	34	28	
31	19	41	37	29	19	29	2	17	10	10	1	15	33	50	48	26	41	42	37	34	2	12	39	26	35	39	37	1	39	13	27	10	4	37	37	26	31	10	49	
37	8	10	49	11	30	37	3	26	33	11	15	18	26	29	22	46	12	19	21	22	19	25	25	38	32	10	23	9	6	25	3	5	7	24	28	1	38	41	39	
31	33	42	24	47	48	16	30	2	30	40	3	21	3	42	23	24	10	46	35	25	7	26	44	27	40	16	43	41	24	5	32	3	21	17	8	28	29	1	37	
27	10	32	37	17	4	13	5	5	41	41	20	28	23	49	43	40	49	29	38	14	48	7	40	15	22	36	46	48	42	10	8	6	18	3	1	5	29	8	29	
24	23	45	41	1	8	28	40	48	7	6	7	11	49	37	1	45	7	10	5	31	18	35	23	16	33	15	43	21	15	41	32	12	16	5	36	46	8	46	27	
48	47	7	15	45	42	5	30	48	42	5	5	41	35	34	3	41	8	27	12	6	10	14	14	10	26	47	25	6	16	35	34	47	47	7	30	37	25	33	48	
18	1	46	2	21	17	32	38	22	28	27	43	27	22	5	19	33	16	18	32	18	37	42	24	4	11	28	24	17	3	27	48	6	25	47	24	33	31	13	34	
41	37	7	9	41	38	30	18	34	30	29	17	42	33	48	18	24	10	10	18	2	10	9	24	19	29	33	30	30	6	35	20	39	9	19	4	13	25	17	47	
44	24	20	47	7	17	47	38	14	21	25	25	34	27	32	22	24	42	13	21	9	50	50	30	46	46	5	22	48	26	29	29	15	48	17	19	39	24	35	40	
27	35	41	43	34	43	16	43	44	17	11	15	21	32	12	14	31	42	31	46	41	27	24	10	24	47	11	23	35	22	38	4	37	3	30	38	6	45	10	10	
27	6	50	2	25	15	19	10	41	7	35	43	27	46	29	20	4	45	7	13	33	22	16	43	7	39	11	12	17	45	1	44	42	37	20	22	38	5	7	7	
44	42	2	20	35	45	37	8	30	40	45	18	44	29	42	24	46	33	32	25	38	19	3	23	35	19	7	4	35	8	43	2	47	30	46	17	49	44	36	28	
1	14	44	16	23	9	24	37	47	24	26	32	49	23	50	25	25	35	16	30	46	5	39	7	2	42	35	12	26	13	34	36	23	40	24	25	11	43	35	38	
31	25	44	16	3	17	2	18	38	49	49	32	10	22	9	8	16	2	15	3	49	48	2	25	41	37	37	44	43	19	45	3	43	44	30	41	10	47	43	4	
7	2	8	49	5	43	1	39	21	38	18	6	23	35	45	25	27	2	35	1	26	40	27	14	34	20	50	11	23	16	16	23	7	45	9	5	3	38	25	25	
20	13	40	45	29	46	15	18	26	27	16	16	43	17	49	18	30	2	48	30	50	25	49	17	2	28	18	27	13	48	43	9	44	14	41	8	21	10	49	5	
4	30	46	38	50	26	14	20	46	48	4	23	22	33	18	46	49	42	34	13	38	29	47	3	44	6	49	3	8	36	29	41	6	46	42	47	8	36	20	8	
7	15	41	3	32	28	32	46	24	42	21	43	50	48	45	7	31	49	24	48	10	9	7	22	47	30	46	44	22	27	2	44	8	1	37	50	41	13	34	16	
16	24	24	40	33	16	29	41	9	2	41	39	4	43	47	38	16	40	7	19	19	8	24	37	22	21	16	34	4	30	45	43	3	32	5	26	42	6	22	26	
31	12	40	48	22	30	15	6	30	39	2	44	2	50	3	23	10	10	1	25	35	3	38	4	34	23	27	8	27	2	46	38	49	25	11	29	5	9	7	44	
9	22	41	16	28	17	33	50	25	38	32	46	17	36	1	9	36	28	14	4	39	16	21	5	3	14	26	25	16	27	4	22	48	11	34	31	48	20	28	25	
26	16	15	27	26	20	38	6	24	24	8	24	41	40	19	42	4	15	7	49	44	28	14	48	34	23	5	38	18	46	14	6	14	19	50	30	49	33	1	12	
37	2	1	39	18	24	24	18	9	4	4	49	18	35	32	49	10	3	28	11	3	11	37	20	47	31	26	6	24	9	9	30	7	12	50	5	13	50	4	3	
10	10	7	27	8	11	19	7	10	5	10	20	39	28	19	17	40	16	27	41	16	29	44	19	37	48	27	46	9	26	43	5	27	1	13	38	7	21	31	2	
42	50	4	10	24	32	38	13	32	16	37	24	16	18	26	5	39	35	17	7	47	36	24	1	35	37	42	8	33	33	44	23	4	15	16	43	7	9	49	29	
18	16	23	32	2	12	15	14	48	40	45	35	41	32	11	41	19	48	24	45	44	19	46	9	36	8	49	3	3	6	42	5	3	14	49	14	42	44	45	2	
42	11	43	17	14	19	2	5	35	1	25	33	3	4	9	4	1	31	3	9	41	10	23	19	30	20	47	48	33	5	45	33	2	5	47	5	10	22	42	33	
14	31	25	5	3	15	22	18	37	49	14	33	16	23	28	50	2	21	45	22	9	33	10	17	5	25	7	39	35	20	10	12	29	43	36	14	5	19	18	2	
3	1	14	33	24	43	9	50	43	50	7	8	13	12	18	26	31	1	41	47	15	7	17	19	23	45	20	2	32	44	3	26	35	26	36	38	5	43	20	19	
20	31	44	14	24	1	28	40	17	26	28	43	48	5	4	36	35	35	21	11	8	19	10	26	11	5	10	48	39	26	9	48	37	4	13	20	19	7	16	43	
27	3	15	44	47	15	31	11	25	24	47	23	5	9	21	11	27	46	33	30	11	7	12	28	29	36	10	6	43	13	24	18	48	48	34	2	7	32	6	30	
9	33	43	19	31	30	20	45	25	19	1	22	36	8	10	41	48	22	42	23	17	46	6	4	42	4	46	23	21	44	36	30	12	14	47	19	17	8	3	40	
2	11	11	48	43	37	15	17	40	17	31	42	38	30	4	40	6	41	27	35	33	36	41	39	2	46	1	29	41	30	36	49	47	11	35	3	31	6	26	42	
39	22	17	23	7	17	23	24	19	46	21	15	50	37	42	33	50	50	7	26	31	27	30	8	37	43	3	35	28	25	22	4	24	15	22	40	34	2	13	34	
12	8	36	47	15	37	12	29	37	28	39	3	43	27	45	8	28	40	38	28	42	18	14	45	45	22	32	42	2	42	29	21	26	37	48	15	47	23	34	45	
32	45	13	28	38	19	10	45	11	31	13	33	20	49	43	43	41	10	1	13	2	24	6	40	22	30	11	24	5	40	25	18	32	40	3	1	20	18	34	13	
37	4	36	25	36	44	5	29	29	42	30	23	33	10	10	48	40	19	34	49	6	48	39	39	36	47	40	29	32	19	25	47	31	27	44	14	15	11	5	36	
13	45	3	9	34	44	8	37	23	9	19	4	25	32	39	37	39	17	42	18	26	10	7	1	24	49	43	14	30	33	18	19	25	19	35	1	16	45	15	3	
9	19	3	35	10	39	41	40	7	6	41	46	9	43	2	13	40	7	49	7	4	23	34	20	32	30	27	43	34	44	28	32	6	27	23	9	14	31	40	16	
On machine	2
31	19	19	13	14	45	34	44	42	38	18	29	40	20	24	47	15	4	41	18	16	2	10	40	15	28	13	14	2	26	18	37	7	3	4	32	28	27	22	6	
48	39	48	1	28	42	8	31	40	27	25	12	45	37	7	3	25	37	39	42	25	25	2	23	27	18	28	44	50	36	20	13	39	34	5	18	17	17	22	21	
15	33	5	46	30	18	46	27	4	4	36	34	46	37	5	22	33	19	1	39	33	38	29	20	49	27	41	6	45	24	18	39	25	48	47	48	38	22	3	40	
36	38	49	24	46	19	49	8	45	20	1	43	6	42	1	14	19	49	18	31	43	28	33	5	8	26	6	42	40	1	38	10	4	26	12	42	4	18	11	18	
42	2	20	36	3	46	19	5	50	27	16	44	15	28	45	31	13	1	10	31	1	25	41	22	44	14	2	25	31	14	33	17	23	2	1	1	49	3	15	19	
49	16	16	35	20	48	5	27	27	2	1	13	44	39	36	13	49	15	15	31	4	47	5	15	15	3	16	24	13	20	37	5	29	44	10	26	29	44	11	26	
11	50	17	26	28	32	45	6	4	15	29	18	19	50	48	2	16	33	41	45	50	33	50	49	14	9	44	14	31	30	10	29	18	30	14	29	6	5	6	15	
18	49	4	15	13	18	32	5	49	50	44	39	41	25	14	21	13	33	42	27	45	33	30	10	44	4	16	16	22	21	23	20	6	26	46	21	13	11	29	42	
43	39	33	1	25	22	40	11	30	30	14	1	27	5	15	9	2	28	7	49	43	4	49	20	25	36	33	6	40	28	41	29	19	45	26	15	31	47	9	46	
11	30	31	3	24	48	26	4	50	7	25	29	8	6	50	4	38	46	35	40	1	2	18	37	22	9	9	15	28	49	43	8	1	22	18	10	41	6	22	10	
23	34	4	27	50	8	30	13	1	50	27	33	15	5	45	42	21	17	33	6	11	38	1	13	31	41	13	49	5	34	27	11	41	38	28	49	42	35	1	37	
5	9	45	12	37	10	20	4	41	50	14	46	12	39	26	46	45	32	37	29	4	32	32	43	49	17	32	37	11	41	49	24	40	4	42	43	35	11	42	20	
50	49	36	47	8	17	39	32	33	3	8	19	48	30	27	15	20	21	44	22	46	5	50	26	30	15	7	42	10	21	7	24	5	18	29	39	12	2	27	47	
44	39	12	38	3	50	32	36	48	28	32	2	41	39	22	25	42	3	4	46	29	25	46	19	19	23	41	23	31	35	14	19	12	38	35	41	11	11	1	38	
48	22	6	47	45	30	24	31	17	17	37	31	41	23	3	45	15	21	34	2	30	33	19	31	50	6	41	21	3	26	22	19	48	3	30	45	18	27	50	34	
20	23	2	40	25	8	6	30	22	19	2	18	11	42	42	3	26	17	30	6	19	1	27	32	13	48	15	37	28	8	10	28	40	14	49	36	32	3	14	35	
25	16	7	31	35	5	3	7	32	16	16	28	22	25	36	35	19	30	36	20	44	44	47	47	23	25	25	36	21	6	35	26	19	20	7	37	20	40	33	16	
17	29	46	5	15	9	49	2	9	46	3	9	1	36	19	10	36	22	10	44	23	29	28	7	6	23	29	35	45	48	33	44	40	44	32	8	9	47	28	13	
40	10	41	37	17	11	16	20	28	16	16	31	45	14	31	15	41	9	29	12	40	16	50	3	31	44	35	46	23	8	42	49	7	9	40	25	36	43	42	20	
46	10	19	24	17	25	17	27	42	37	31	40	30	36	15	46	26	4	34	13	16	8	1	13	29	11	40	16	31	16	20	36	33	38	13	21	10	26	40	39	
14	33	5	31	30	3	38	45	24	16	20	39	19	6	17	27	49	47	27	35	26	29	20	32	6	10	6	16	3	25	6	13	5	45	25	43	9	45	49	37	
9	45	16	26	7	41	36	15	34	4	5	31	22	35	10	27	20	49	6	32	47	6	29	3	2	5	7	28	16	19	27	4	8	2	16	7	27	45	2	21	
44	4	28	2	42	38	11	41	22	6	3	23	1	17	15	29	16	36	7	19	19	22	10	40	22	43	7	44	35	29	22	12	6	42	15	4	35	21	3	14	
1	27	37	47	1	32	11	48	15	26	24	5	27	48	28	12	8	5	44	27	24	16	5	19	47	26	14	24	40	39	40	5	17	17	45	15	33	37	35	39	
10	37	8	28	42	6	33	24	15	30	49	21	49	4	7	32	10	9	26	42	36	12	48	45	41	45	29	26	16	32	16	32	49	11	9	48	6	45	19	32	
17	13	41	39	1	41	37	7	16	22	34	34	28	25	13	16	14	26	26	14	2	24	38	27	39	35	41	14	16	25	38	11	9	19	22	19	15	50	13	38	
10	9	50	33	8	17	30	6	19	30	23	49	24	18	44	12	48	24	18	42	31	7	30	27	45	30	26	17	49	48	41	39	43	5	22	43	27	28	24	19	
49	47	33	23	47	13	30	8	43	20	36	20	11	24	48	26	20	5	19	42	2	32	7	7	41	27	45	35	29	23	11	15	17	40	23	46	2	19	40	44	
23	14	5	39	28	6	8	27	18	12	35	6	44	43	45	15	19	1	46	19	29	29	48	5	46	36	27	13	38	24	16	32	7	35	21	25	43	44	46	3	
16	18	37	39	24	33	23	1	33	16	19	5	33	2	45	4	48	36	8	43	48	13	3	4	38	29	26	8	25	8	46	46	29	14	21	11	28	32	8	41	
17	21	23	24	7	8	24	50	10	22	26	22	48	29	5	30	2	1	13	21	34	29	40	50	32	5	50	9	1	35	48	30	22	28	50	46	35	42	45	11	
43	7	12	40	9	12	45	31	20	1	36	17	17	32	8	14	38	5	37	8	10	27	6	36	45	43	38	40	48	29	12	46	46	42	10	5	45	13	16	1	
44	24	39	2	1	21	14	38	3	44	6	18	31	22	15	25	4	17	11	50	32	2	14	33	14	45	47	46	27	45	34	50	14	11	40	36	13	29	20	28	
4	26	35	39	31	31	35	36	9	11	7	16	28	23	35	38	44	28	47	30	35	14	7	11	41	12	29	29	46	14	40	6	45	33	30	35	48	9	28	27	
29	50	46	21	39	18	14	24	43	12	35	10	36	41	33	49	32	26	25	49	26	17	15	17	4	45	1	45	49	22	36	43	36	19	30	33	35	39	20	49	
24	14	33	3	23	37	16	24	28	40	47	13	5	1	21	43	44	2	19	25	20	47	3	34	13	48	29	2	20	15	49	1	42	47	48	40	30	10	5	40	
2	8	13	8	46	30	36	14	46	36	38	35	24	23	4	30	49	11	10	4	46	22	20	41	27	1	18	30	46	33	15	24	26	10	6	28	49	43	46	19	
36	45	47	38	46	50	45	38	39	13	5	14	41	46	50	30	44	10	46	36	3	33	30	8	18	7	42	49	37	23	11	29	40	36	16	49	47	24	47	30	
38	33	13	27	44	19	16	20	40	22	50	27	40	6	47	44	20	35	37	36	27	32	18	6	3	44	30	40	10	20	18	2	21	13	15	45	16	34	33	47	
28	27	16	7	37	5	26	32	27	40	35	25	8	11	38	28	31	31	39	15	26	36	11	15	27	44	7	2	40	47	13	17	35	45	44	34	29	44	47	13	
