Factories	2
Families	20
Machines	4
SetupType	2

Number of Jobs in each Family
7	7	6	8	4	10	3	4	8	7	6	3	6	1	1	9	10	4	7	4	

Jobs in each Family
0	1	2	3	4	5	6	
7	8	9	10	11	12	13	
14	15	16	17	18	19	
20	21	22	23	24	25	26	27	
28	29	30	31	
32	33	34	35	36	37	38	39	40	41	
42	43	44	
45	46	47	48	
49	50	51	52	53	54	55	56	
57	58	59	60	61	62	63	
64	65	66	67	68	69	
70	71	72	
73	74	75	76	77	78	
79	
80	
81	82	83	84	85	86	87	88	89	
90	91	92	93	94	95	96	97	98	99	
100	101	102	103	
104	105	106	107	108	109	110	
111	112	113	114	

Total number of jobs
115

Processing times of jobs
4	2	3	5	
2	10	5	5	
5	3	3	3	
4	10	3	9	
5	1	5	5	
9	2	2	3	
8	2	4	7	
5	8	5	4	
1	3	3	3	
7	6	2	5	
2	9	7	7	
10	10	7	3	
10	9	7	10	
5	3	3	1	
2	7	5	3	
6	4	7	5	
10	1	10	7	
3	10	9	8	
9	5	2	8	
5	1	2	9	
10	2	4	7	
5	4	7	7	
8	6	1	10	
9	6	4	1	
7	8	7	1	
9	10	8	5	
8	3	7	7	
7	7	3	2	
5	5	6	1	
7	1	9	8	
4	2	8	3	
3	4	7	1	
7	10	1	6	
9	4	6	9	
1	5	5	2	
7	3	10	5	
8	6	10	6	
10	9	6	9	
2	7	1	6	
10	4	4	2	
6	5	4	5	
8	2	7	6	
4	4	6	9	
3	7	6	2	
3	8	5	1	
8	4	8	10	
10	5	2	4	
10	4	2	2	
9	10	9	8	
9	8	4	6	
1	1	6	1	
3	1	8	1	
7	3	8	3	
3	9	5	4	
8	7	9	7	
1	6	10	4	
1	10	8	8	
10	4	8	10	
10	2	4	3	
5	4	7	10	
8	3	4	2	
5	6	4	9	
6	7	9	2	
3	4	1	9	
6	2	3	10	
3	5	10	3	
7	1	8	1	
3	2	10	3	
4	9	3	9	
8	5	7	2	
6	1	9	4	
8	10	5	6	
2	6	9	10	
2	4	9	4	
9	10	3	4	
7	1	9	6	
7	3	4	7	
4	7	5	2	
5	8	3	9	
10	2	4	9	
9	8	1	3	
5	9	8	7	
10	2	4	7	
3	8	3	7	
9	10	1	6	
3	8	10	8	
3	8	5	8	
3	1	2	8	
7	7	4	8	
5	10	1	4	
1	2	4	4	
8	10	3	6	
2	6	9	4	
9	8	6	10	
10	3	2	9	
7	6	9	4	
9	1	7	5	
10	6	7	3	
1	8	8	5	
7	8	10	1	
4	9	10	5	
3	9	5	6	
2	8	4	3	
7	9	10	8	
6	8	2	1	
1	1	2	8	
10	4	5	9	
10	5	10	3	
2	4	3	2	
5	4	1	2	
1	9	2	1	
3	6	2	5	
8	9	7	8	
2	1	2	5	
4	2	10	2	

Stepup times between Families, where [f][f] represents initial setup time
On machine	1
8	42	25	37	32	39	7	47	8	8	27	6	47	49	17	50	17	34	39	43	
36	34	17	23	42	40	40	26	6	11	8	48	21	48	39	30	18	26	11	38	
35	13	34	16	36	38	2	34	3	31	16	17	14	38	44	41	27	15	11	9	
21	9	37	49	17	20	46	44	6	50	14	12	20	35	14	3	47	10	30	9	
33	49	3	7	38	7	19	4	5	45	26	2	1	36	6	8	16	17	43	30	
46	46	24	31	43	46	4	50	4	42	14	6	5	30	26	44	34	17	37	35	
41	6	28	2	33	25	18	47	30	33	4	24	8	1	24	24	31	3	6	16	
36	30	27	2	35	5	21	13	48	31	36	48	7	24	7	18	17	17	46	47	
44	2	22	48	10	1	21	12	12	37	44	25	19	39	31	48	4	39	10	32	
3	31	24	38	50	47	33	17	37	36	41	17	50	40	38	50	50	8	28	29	
9	28	48	26	28	3	13	44	22	22	44	12	39	4	4	28	44	4	34	49	
7	44	10	44	15	2	11	5	29	2	18	18	48	10	20	47	34	44	33	17	
2	40	29	43	15	6	50	33	46	3	21	38	43	23	34	10	48	31	26	31	
43	11	34	36	20	7	9	44	43	3	43	4	24	5	44	26	2	45	11	49	
46	30	24	5	9	39	50	27	41	19	40	46	21	9	47	18	31	6	47	21	
12	8	34	37	29	10	12	6	2	48	10	34	16	28	37	33	49	30	5	17	
40	48	40	25	44	14	16	8	33	37	28	5	41	7	39	46	42	22	9	7	
23	33	25	38	42	42	32	49	42	38	35	12	33	36	13	5	39	34	42	12	
50	12	22	20	36	49	48	20	39	11	5	32	13	16	48	39	46	6	40	37	
16	39	15	24	48	50	41	38	49	49	15	3	49	50	32	36	30	24	7	8	
On machine	2
23	15	44	10	26	18	3	31	47	4	27	35	29	15	48	10	20	18	11	33	
50	5	18	24	16	36	27	34	41	20	21	22	4	8	6	49	10	15	10	31	
11	23	6	3	23	32	7	37	7	46	3	28	17	22	22	18	50	44	26	3	
35	30	2	37	16	36	18	22	1	49	12	38	39	7	27	45	38	25	25	18	
13	33	37	44	5	18	40	19	35	16	10	15	8	2	19	38	16	12	26	6	
44	3	9	25	13	32	31	29	48	19	24	43	37	8	20	38	24	2	9	45	
38	34	33	3	12	35	47	20	4	5	3	11	19	25	40	14	16	14	17	2	
7	40	33	15	3	29	21	4	43	15	8	20	37	44	3	40	40	15	3	41	
16	19	11	43	8	4	3	35	42	18	24	37	4	16	40	46	42	14	14	25	
48	25	36	46	14	16	7	32	37	48	46	21	34	44	38	33	5	12	6	49	
7	33	17	1	40	30	6	47	5	42	32	14	45	44	21	41	30	40	37	45	
49	9	5	8	26	23	41	42	20	9	24	9	20	15	47	8	3	34	17	3	
40	5	29	46	16	11	44	33	28	6	40	6	35	28	37	42	39	6	25	25	
29	24	46	50	9	42	45	1	26	36	48	12	12	3	2	7	14	48	45	6	
36	12	43	36	21	18	6	29	21	39	46	30	42	41	32	31	33	10	29	31	
41	24	48	49	17	22	7	43	5	47	6	14	15	20	23	4	31	33	29	34	
1	11	4	5	50	28	16	24	18	18	22	46	32	27	40	20	2	47	1	47	
2	38	12	16	19	49	19	37	5	11	50	32	7	28	20	38	7	40	5	13	
5	22	27	4	13	28	7	8	43	5	21	6	5	2	12	35	24	2	11	9	
31	41	23	30	18	49	28	30	36	4	17	45	32	6	15	28	14	11	3	38	
On machine	3
2	40	27	18	45	42	22	40	2	39	16	36	50	21	37	8	42	4	45	25	
44	17	23	23	5	33	19	31	32	12	39	16	37	32	16	10	48	30	4	41	
7	20	26	49	30	29	45	12	5	23	18	49	15	38	36	17	12	14	44	23	
27	41	36	25	24	15	28	3	10	40	7	46	11	8	44	37	22	48	49	33	
15	43	48	21	35	24	29	24	23	49	17	11	42	23	3	12	3	26	14	29	
8	16	23	8	32	19	10	23	14	20	47	18	13	36	12	4	39	44	27	32	
23	20	9	10	22	23	41	47	46	23	26	17	49	7	33	22	38	9	5	15	
7	13	28	14	1	10	9	4	10	5	1	14	48	2	31	15	39	7	7	17	
26	46	25	22	27	48	41	46	48	33	18	43	29	8	20	45	20	44	14	27	
32	18	10	31	11	1	49	14	21	29	36	15	13	28	16	10	31	8	15	19	
10	35	29	41	50	15	8	11	7	33	25	36	34	49	20	43	14	13	38	9	
36	45	29	1	9	50	8	11	17	44	37	36	7	9	41	41	49	35	19	12	
28	16	13	42	16	30	22	37	6	2	31	45	44	30	37	43	34	32	18	48	
25	35	35	24	36	38	46	21	21	38	36	50	21	43	24	14	22	31	13	10	
15	17	33	29	46	50	46	4	22	30	21	6	39	26	46	19	10	26	33	16	
30	28	16	33	34	6	30	1	48	9	32	5	37	31	25	12	28	33	49	43	
21	35	32	32	13	50	45	5	6	44	24	27	3	32	40	7	19	17	4	31	
20	7	24	28	19	16	43	42	27	34	49	47	33	9	7	49	17	44	13	25	
22	2	36	13	48	46	49	46	39	20	17	24	16	5	26	43	19	16	32	10	
27	40	5	12	20	36	7	9	1	14	42	50	49	42	26	48	43	17	37	22	
On machine	4
39	34	9	15	26	35	49	45	48	29	44	1	29	29	32	50	13	32	5	28	
13	4	27	29	46	31	5	30	28	15	41	16	21	45	46	15	43	35	42	7	
30	2	20	47	47	9	5	47	40	2	28	29	4	23	9	42	39	21	32	22	
9	26	21	5	8	25	19	15	5	40	32	29	8	6	14	22	29	16	37	35	
14	21	43	19	20	7	13	28	33	14	49	31	26	27	47	44	14	18	24	45	
1	12	17	38	18	48	45	33	40	12	1	26	44	18	43	26	26	22	10	35	
34	19	43	8	17	28	24	15	31	17	30	21	4	11	20	25	18	17	30	9	
40	21	8	24	22	36	29	29	49	7	28	46	16	47	22	48	36	9	39	12	
1	26	18	17	32	20	20	8	12	30	22	12	8	35	44	29	8	14	39	15	
1	20	48	32	13	13	37	25	18	5	28	10	48	9	5	33	5	4	6	18	
36	50	36	29	38	12	20	21	9	19	20	50	42	7	46	13	46	46	48	41	
15	20	5	40	46	23	2	33	6	23	5	10	9	44	24	27	41	2	3	4	
28	8	12	29	31	47	35	18	15	21	16	13	27	10	43	33	34	41	6	10	
20	13	36	20	33	35	11	16	23	35	34	46	7	26	27	41	25	9	7	39	
23	9	50	12	20	36	36	43	48	29	12	33	29	38	24	47	5	49	15	21	
42	50	28	45	31	17	32	18	50	31	7	13	1	3	10	10	26	10	35	8	
9	31	48	33	32	10	5	31	11	12	30	7	36	18	43	40	22	33	6	7	
45	35	4	37	31	48	50	40	43	31	19	40	6	34	37	2	41	13	32	11	
30	21	1	4	31	1	22	16	12	25	14	12	12	49	28	35	12	46	49	25	
17	21	1	29	35	6	24	11	38	35	40	32	28	30	21	35	44	9	21	22	
