Factories	2
Families	20
Machines	6
SetupType	1

Number of Jobs in each Family
3	7	9	1	7	3	1	5	9	2	10	6	5	9	4	7	2	3	3	1	

Jobs in each Family
0	1	2	
3	4	5	6	7	8	9	
10	11	12	13	14	15	16	17	18	
19	
20	21	22	23	24	25	26	
27	28	29	
30	
31	32	33	34	35	
36	37	38	39	40	41	42	43	44	
45	46	
47	48	49	50	51	52	53	54	55	56	
57	58	59	60	61	62	
63	64	65	66	67	
68	69	70	71	72	73	74	75	76	
77	78	79	80	
81	82	83	84	85	86	87	
88	89	
90	91	92	
93	94	95	
96	

Total number of jobs
97

Processing times of jobs
10	5	7	5	1	7	
3	8	8	1	1	5	
4	7	3	8	3	8	
10	8	7	5	7	6	
5	7	8	6	10	9	
4	1	6	5	9	10	
10	5	6	2	6	2	
1	1	3	8	10	9	
10	5	7	5	5	10	
9	7	2	5	1	5	
5	2	7	4	3	3	
9	2	1	3	7	3	
10	8	2	8	8	5	
2	5	1	10	8	7	
1	8	1	1	1	9	
6	1	6	7	7	4	
7	5	7	8	4	9	
3	10	7	9	3	10	
7	6	6	9	4	6	
2	7	7	1	3	7	
4	9	9	4	7	1	
5	8	5	2	10	1	
3	10	9	8	1	4	
9	8	9	6	1	3	
6	3	2	1	1	3	
2	4	6	7	9	8	
9	10	7	7	5	9	
5	10	4	7	8	1	
3	6	5	3	6	5	
6	6	7	1	6	4	
3	7	4	8	1	1	
6	8	6	2	2	9	
1	9	1	8	5	2	
4	1	1	5	6	3	
7	3	4	1	9	1	
5	7	4	5	5	10	
9	2	1	5	7	4	
2	3	9	6	1	9	
5	1	6	8	7	3	
5	1	1	7	4	6	
4	6	3	4	2	3	
1	1	4	3	4	9	
5	2	7	5	9	2	
4	9	4	8	8	8	
1	2	4	2	10	5	
7	9	6	6	4	4	
8	4	4	3	8	1	
6	5	2	6	6	7	
1	4	1	1	1	4	
8	7	3	1	6	6	
6	2	7	3	3	5	
7	1	10	2	5	9	
7	8	2	8	8	3	
8	2	5	3	9	6	
7	8	5	10	2	7	
7	4	4	4	9	5	
10	5	3	2	9	9	
2	4	8	1	4	2	
6	3	7	8	8	2	
6	8	8	2	10	6	
2	9	3	9	3	9	
2	9	9	8	9	8	
1	6	2	2	7	6	
5	8	8	2	2	9	
10	6	5	10	6	10	
7	4	7	2	5	5	
9	6	9	8	7	7	
8	7	10	3	2	4	
7	5	3	2	1	1	
5	5	3	10	4	1	
7	10	2	8	8	9	
8	9	5	7	7	3	
9	5	2	2	3	9	
6	2	7	7	1	3	
9	8	3	3	9	5	
7	5	3	7	2	7	
1	3	4	5	3	6	
5	4	7	6	3	4	
3	8	10	9	3	10	
3	10	3	4	10	8	
2	10	9	1	5	7	
9	7	6	7	9	6	
3	10	4	8	9	6	
10	7	8	8	10	4	
3	6	2	1	3	1	
5	5	10	8	1	6	
3	6	10	7	9	8	
10	3	1	3	8	6	
7	7	5	6	3	2	
6	1	2	5	1	9	
1	5	3	8	1	9	
5	4	4	1	3	4	
9	8	1	4	1	9	
2	4	5	4	5	5	
4	10	9	5	7	10	
7	7	8	1	1	5	
3	7	2	3	4	8	

Stepup times between Families, where [f][f] represents initial setup time
On machine	1
14	2	2	3	11	16	7	7	4	1	10	12	9	15	11	19	14	19	18	16	
15	17	18	17	2	15	6	16	10	6	18	6	18	10	18	9	18	19	10	10	
6	4	6	7	12	7	6	5	19	1	8	13	1	11	20	4	12	5	13	7	
8	10	10	12	12	12	20	19	8	14	18	8	13	7	1	5	19	9	1	6	
3	9	15	15	4	5	12	6	20	7	10	2	6	4	14	15	18	13	18	10	
2	20	12	3	16	7	14	10	10	16	8	3	4	20	15	18	20	9	11	13	
10	2	19	19	19	7	11	1	16	4	2	10	11	2	5	17	5	2	11	17	
12	16	15	20	18	5	4	1	7	17	19	18	12	5	10	15	16	19	15	18	
15	17	14	3	13	10	11	4	12	14	20	8	13	10	6	9	17	9	18	1	
18	1	18	5	19	4	9	1	16	12	19	8	19	5	12	17	12	2	16	4	
6	19	19	5	14	9	6	17	7	15	13	10	12	11	14	14	14	20	18	7	
20	19	15	10	11	19	6	7	9	5	18	3	15	20	9	17	15	14	17	14	
3	15	17	8	6	17	9	1	10	8	19	11	8	3	16	19	8	15	18	3	
8	12	15	12	6	1	2	19	7	3	9	10	19	17	2	15	7	11	14	17	
2	20	15	14	11	8	8	20	1	2	19	11	12	2	6	6	8	2	14	13	
11	6	16	6	16	2	9	19	5	3	5	15	8	1	10	16	2	15	17	13	
15	11	13	12	14	19	7	6	4	20	2	13	11	19	12	10	9	1	16	3	
12	19	5	3	8	9	12	9	12	15	9	13	17	14	16	17	1	16	18	12	
11	2	8	1	18	20	7	13	10	18	17	16	13	18	12	5	3	19	5	13	
17	20	18	6	12	11	16	4	10	20	15	11	12	12	14	3	16	15	15	17	
On machine	2
13	18	2	10	4	13	13	20	1	20	13	19	19	19	3	2	16	19	1	15	
5	15	14	17	8	3	10	7	14	19	19	4	12	12	17	17	16	15	20	10	
17	14	16	8	4	11	4	10	16	13	11	3	1	17	7	16	2	10	10	7	
12	9	15	3	7	12	8	20	2	4	13	17	12	20	6	16	20	20	1	6	
13	14	6	4	14	19	18	1	16	5	5	17	9	20	2	18	3	11	13	9	
1	8	9	18	18	18	7	19	20	10	5	18	2	16	2	2	5	16	15	12	
7	9	18	3	2	4	10	20	19	20	11	18	14	20	6	17	9	5	15	5	
12	2	18	10	20	13	16	5	6	13	14	1	9	9	19	19	6	10	18	3	
1	7	10	8	1	15	5	2	20	12	11	13	7	11	7	5	18	17	18	4	
20	8	15	20	6	1	7	10	2	4	19	17	18	4	6	15	9	13	10	20	
5	16	17	1	9	10	13	4	13	14	1	8	4	3	11	8	17	5	18	15	
10	4	7	7	8	12	11	18	15	3	6	16	13	11	19	7	20	18	18	3	
17	14	6	9	1	6	12	18	7	10	16	4	17	2	7	17	19	18	13	7	
6	20	19	19	7	11	15	8	1	19	15	14	1	1	19	11	16	3	16	14	
4	7	13	3	11	9	7	19	7	11	4	20	6	20	3	15	4	15	3	15	
3	1	8	1	5	5	6	14	9	4	13	16	19	9	13	17	1	5	15	8	
10	10	16	6	1	4	12	12	7	4	13	10	4	5	10	19	3	20	10	17	
3	13	5	20	16	15	12	6	15	14	12	10	7	11	9	5	13	3	4	20	
1	1	7	19	20	2	3	1	8	10	18	18	7	8	19	9	1	13	19	6	
12	13	8	15	16	10	3	9	6	9	2	17	13	10	20	11	12	20	20	11	
On machine	3
3	5	8	15	12	3	6	5	19	19	12	12	1	1	1	4	18	8	15	5	
9	7	17	20	20	16	4	2	4	8	14	9	14	15	7	13	15	5	16	2	
9	6	20	18	13	2	9	17	16	4	15	15	5	12	19	9	18	14	19	8	
3	5	16	15	5	3	7	15	15	7	8	16	4	13	8	18	5	1	14	1	
6	18	20	13	4	12	11	16	10	16	17	13	2	19	9	16	13	10	20	15	
17	16	10	9	15	20	18	1	13	5	11	6	14	7	3	4	11	8	5	17	
20	2	6	16	16	11	15	2	14	11	18	7	20	12	14	20	20	4	8	7	
8	18	11	2	6	10	19	15	8	2	17	3	10	9	18	18	14	7	5	15	
7	10	9	5	5	19	16	20	15	20	20	15	3	8	4	10	10	3	7	4	
11	16	11	15	9	16	13	15	3	6	15	12	16	11	9	3	20	2	8	6	
9	8	16	15	5	8	5	14	11	11	5	17	4	18	7	13	4	4	19	15	
8	5	9	13	7	15	15	5	12	20	18	14	2	9	7	17	19	5	6	13	
20	5	4	4	2	19	6	9	17	15	8	2	5	2	7	1	13	1	9	17	
10	14	11	12	13	1	1	10	16	20	15	13	7	5	11	19	13	15	18	15	
20	7	13	11	5	20	17	17	1	1	20	17	9	11	1	11	11	11	14	18	
9	8	16	4	9	19	12	14	14	14	4	10	2	20	8	11	5	8	19	10	
5	16	13	19	14	3	5	5	11	20	18	17	5	9	1	3	16	12	18	3	
13	9	13	20	19	17	15	11	12	8	17	14	13	1	2	17	20	6	20	16	
14	10	13	10	5	11	19	18	16	7	5	20	5	11	15	11	14	10	4	20	
11	7	11	9	2	12	13	19	8	9	4	13	20	12	15	18	17	11	4	17	
On machine	4
16	17	1	19	7	8	12	12	4	19	5	5	1	6	13	17	20	10	4	3	
13	7	19	12	16	19	12	18	8	20	17	19	17	9	15	14	2	1	10	11	
4	16	4	17	19	3	4	5	10	14	13	4	5	20	19	5	14	9	16	4	
11	3	14	18	19	19	5	10	15	9	3	3	15	2	15	7	17	17	14	20	
17	16	15	1	5	20	14	7	19	12	11	4	5	18	4	8	1	11	4	2	
17	12	10	13	20	5	13	12	18	4	5	15	4	17	18	11	11	20	3	7	
19	12	17	8	3	11	13	10	19	10	12	16	9	3	6	14	20	15	10	16	
2	1	7	10	12	16	17	2	15	8	10	5	9	4	7	2	8	10	11	16	
3	3	2	14	15	4	5	20	7	2	14	7	2	15	14	4	12	9	10	2	
20	10	6	9	14	4	19	15	13	13	1	5	2	2	20	9	10	10	18	3	
16	1	13	17	14	2	8	19	5	8	20	18	7	12	9	11	17	16	11	15	
10	6	2	11	19	8	4	9	6	6	9	9	8	1	7	17	9	7	19	5	
11	2	11	4	20	17	14	18	11	5	5	14	6	4	16	20	19	8	4	18	
9	2	10	16	10	12	4	8	12	16	14	15	9	14	19	14	2	6	1	12	
20	13	19	8	6	16	2	9	5	10	10	8	8	1	1	18	19	17	20	6	
15	12	1	9	4	5	17	9	9	17	19	3	3	15	12	16	5	13	12	6	
11	19	5	10	6	16	18	17	10	13	7	7	17	20	12	19	3	17	7	12	
14	17	18	20	9	20	3	11	12	19	2	14	13	14	12	17	1	5	2	14	
16	18	13	19	6	10	19	9	3	1	18	17	17	7	11	19	9	6	6	2	
2	2	16	19	16	15	1	9	13	18	3	12	12	3	15	1	15	1	18	10	
On machine	5
7	10	3	2	13	13	14	15	20	20	20	18	12	11	14	7	4	14	3	6	
19	19	14	9	3	12	11	18	8	10	1	7	20	18	20	1	7	2	12	6	
9	11	5	14	17	1	12	7	12	12	14	4	19	3	20	3	17	6	3	14	
16	19	8	20	14	8	10	20	3	10	15	10	5	6	1	5	2	5	2	11	
1	12	6	10	16	2	7	19	5	12	9	13	12	3	7	5	12	8	14	16	
16	6	9	12	19	9	12	18	19	6	16	11	10	19	19	9	19	4	13	5	
20	14	7	7	11	19	11	6	2	7	7	4	14	13	16	12	8	20	2	2	
11	20	11	10	4	8	1	5	7	6	16	9	17	17	11	4	18	9	6	14	
18	20	8	6	14	7	18	5	16	12	7	1	7	3	5	18	19	7	1	2	
9	10	6	10	17	12	7	15	17	4	13	18	13	11	7	12	12	13	1	13	
14	20	16	15	18	12	12	13	6	20	13	16	4	15	6	6	16	7	2	17	
19	8	9	10	2	16	19	7	11	2	7	2	15	1	15	19	13	18	14	16	
9	20	6	18	13	6	19	7	9	6	20	14	5	14	8	6	18	12	16	15	
16	2	7	13	6	5	17	3	3	1	17	7	10	18	9	10	20	5	3	10	
12	10	9	6	6	1	12	2	20	6	6	4	6	13	5	2	12	6	3	5	
1	18	15	13	18	18	16	14	12	15	1	15	10	7	13	12	2	13	8	13	
18	11	1	13	18	8	5	13	8	4	7	14	19	8	10	4	4	1	17	19	
17	1	5	13	15	19	16	6	19	18	19	5	12	14	17	4	19	2	15	1	
3	1	7	18	16	19	1	2	17	6	18	9	17	6	11	2	2	12	6	18	
19	5	3	4	12	7	6	11	2	20	3	12	5	3	6	8	12	7	4	4	
On machine	6
4	5	13	11	13	6	15	4	8	13	7	9	14	18	3	7	11	14	8	7	
3	9	9	20	17	6	3	2	17	9	18	6	15	11	12	3	16	1	5	20	
16	14	3	15	13	11	7	2	4	16	11	12	1	5	5	2	15	4	20	2	
16	4	13	7	10	7	13	3	8	8	1	18	7	20	11	4	8	14	19	4	
4	12	3	5	1	12	3	13	17	11	16	13	12	13	20	17	10	9	19	8	
13	6	8	13	9	6	5	3	14	6	11	15	18	7	17	16	2	3	16	11	
20	6	7	3	11	3	19	18	15	10	10	18	16	8	20	15	5	12	18	1	
3	4	11	17	12	7	15	7	9	5	14	2	11	18	17	7	17	10	7	11	
12	8	10	8	9	20	10	6	7	11	7	6	1	10	3	3	2	10	3	7	
5	10	10	4	8	6	2	19	7	14	6	16	10	6	3	20	11	12	19	19	
20	18	18	18	13	18	11	1	5	8	15	12	11	19	17	11	3	18	18	9	
9	12	17	9	12	5	9	20	15	16	5	14	8	9	1	5	6	20	4	6	
1	7	13	9	15	19	14	15	17	2	17	2	2	7	16	1	7	11	4	1	
16	14	10	7	14	9	3	6	10	19	20	12	1	17	12	12	4	14	4	2	
14	3	19	6	11	11	4	10	19	15	12	11	7	16	1	10	3	9	19	3	
1	3	5	5	10	13	3	3	18	1	9	11	5	4	16	17	11	1	11	6	
19	9	10	10	3	9	1	6	15	13	19	14	12	4	5	18	11	4	12	15	
11	11	20	9	6	13	13	15	15	8	15	18	19	18	4	5	13	2	8	8	
13	14	2	20	3	7	6	19	5	13	10	12	16	12	4	17	3	19	4	3	
18	4	6	10	17	17	15	13	1	2	9	4	5	3	12	13	5	15	14	7	
