Factories	3
Families	40
Machines	6
SetupType	3

Number of Jobs in each Family
8	1	3	4	2	2	3	10	10	6	7	6	7	7	3	2	5	2	3	7	5	1	5	10	9	8	7	2	7	4	9	7	6	9	5	10	10	4	1	4	

Jobs in each Family
0	1	2	3	4	5	6	7	
8	
9	10	11	
12	13	14	15	
16	17	
18	19	
20	21	22	
23	24	25	26	27	28	29	30	31	32	
33	34	35	36	37	38	39	40	41	42	
43	44	45	46	47	48	
49	50	51	52	53	54	55	
56	57	58	59	60	61	
62	63	64	65	66	67	68	
69	70	71	72	73	74	75	
76	77	78	
79	80	
81	82	83	84	85	
86	87	
88	89	90	
91	92	93	94	95	96	97	
98	99	100	101	102	
103	
104	105	106	107	108	
109	110	111	112	113	114	115	116	117	118	
119	120	121	122	123	124	125	126	127	
128	129	130	131	132	133	134	135	
136	137	138	139	140	141	142	
143	144	
145	146	147	148	149	150	151	
152	153	154	155	
156	157	158	159	160	161	162	163	164	
165	166	167	168	169	170	171	
172	173	174	175	176	177	
178	179	180	181	182	183	184	185	186	
187	188	189	190	191	
192	193	194	195	196	197	198	199	200	201	
202	203	204	205	206	207	208	209	210	211	
212	213	214	215	
216	
217	218	219	220	

Total number of jobs
221

Processing times of jobs
6	8	7	6	7	3	
2	7	5	5	10	4	
3	8	3	8	1	2	
9	3	3	10	10	10	
8	6	2	9	9	3	
2	1	5	3	4	3	
10	9	9	3	3	5	
10	5	7	5	4	5	
9	8	2	8	6	1	
7	2	2	9	4	1	
2	4	7	5	3	10	
2	1	7	5	3	10	
8	3	4	10	7	9	
6	4	8	8	5	3	
3	8	7	5	8	8	
5	8	6	1	1	1	
1	10	8	5	4	1	
6	6	6	5	10	3	
4	10	3	5	1	3	
2	7	9	4	2	5	
9	7	10	3	4	6	
2	5	3	7	8	1	
8	9	7	7	4	1	
9	7	10	5	1	6	
9	1	10	8	5	7	
7	3	1	3	3	10	
1	3	10	1	10	10	
5	5	3	5	4	7	
6	6	9	10	8	5	
8	9	5	1	9	2	
6	8	10	7	2	1	
1	9	8	4	7	7	
6	9	10	2	8	8	
10	10	9	1	8	9	
4	6	6	5	10	4	
1	2	3	6	1	5	
4	5	5	9	9	9	
5	4	6	7	3	10	
1	7	9	2	1	5	
6	8	1	5	3	4	
2	6	2	2	5	9	
4	10	8	8	3	10	
1	9	1	3	1	1	
2	3	9	1	4	7	
9	9	1	5	10	8	
6	8	8	2	2	6	
5	3	9	10	8	5	
7	9	7	9	9	8	
1	7	2	9	3	2	
4	1	2	7	9	5	
3	4	3	8	9	5	
3	9	1	1	2	7	
5	8	2	8	10	2	
7	7	9	10	8	7	
2	4	5	8	5	1	
2	8	3	2	10	5	
6	5	10	3	10	6	
9	2	7	10	2	3	
5	2	5	6	3	3	
4	10	7	6	8	4	
9	6	9	7	6	6	
3	5	10	10	7	7	
9	3	10	3	5	6	
2	9	1	5	3	6	
8	2	7	2	10	5	
3	9	2	7	4	8	
5	3	10	6	2	8	
9	7	3	4	4	5	
8	2	4	2	3	2	
3	9	10	9	9	5	
4	9	5	6	5	4	
8	1	4	10	7	6	
9	1	9	5	1	9	
9	8	9	10	5	8	
6	8	1	9	8	5	
6	3	9	1	6	2	
8	4	2	1	4	9	
8	5	10	3	9	8	
2	4	10	6	9	5	
5	4	3	6	9	9	
7	9	2	9	10	2	
3	6	4	2	4	10	
6	7	5	5	8	2	
7	6	5	5	4	8	
2	2	2	4	10	7	
9	2	8	6	5	8	
5	10	5	6	1	6	
2	4	9	9	8	4	
7	6	1	10	8	8	
1	10	9	2	4	8	
4	9	6	4	2	1	
3	5	3	4	9	8	
10	1	9	8	4	5	
8	4	2	9	9	4	
2	9	3	3	8	5	
2	9	2	8	10	7	
7	4	6	1	5	7	
4	9	8	4	2	6	
9	10	9	9	6	7	
6	8	9	8	5	1	
8	8	2	8	7	9	
4	8	4	3	6	5	
7	3	6	1	3	9	
1	2	9	8	5	5	
4	6	7	5	10	5	
1	8	3	8	1	3	
8	5	3	9	7	9	
6	2	4	1	6	2	
8	7	5	1	3	10	
4	7	7	8	2	1	
3	9	10	7	4	5	
2	8	2	6	10	10	
3	5	10	7	2	2	
1	9	1	7	4	10	
6	3	4	10	7	10	
4	6	4	7	10	4	
8	4	5	6	8	9	
2	1	2	5	8	3	
8	8	5	2	5	7	
2	5	10	7	3	10	
1	5	3	3	7	8	
10	1	4	9	7	3	
2	1	5	3	5	8	
2	2	4	5	1	2	
4	1	3	4	1	3	
5	1	3	6	3	10	
5	6	2	5	3	1	
1	9	9	2	2	7	
7	5	6	4	3	6	
5	9	1	6	3	1	
1	5	1	4	6	1	
10	7	8	9	2	1	
1	1	6	4	3	8	
10	5	10	8	8	2	
6	8	1	1	7	7	
2	4	10	6	7	1	
4	10	1	1	10	2	
10	4	1	5	7	3	
8	4	7	9	9	6	
4	10	6	2	2	3	
1	7	6	10	1	9	
7	2	8	8	2	6	
5	4	6	10	10	7	
8	4	9	1	4	1	
10	8	5	6	2	7	
2	3	2	10	8	8	
4	4	1	5	7	6	
4	7	6	6	7	5	
3	2	6	9	3	10	
7	4	6	6	9	7	
2	3	4	10	2	2	
10	2	4	10	5	3	
2	8	1	10	1	2	
3	5	1	10	9	4	
6	6	2	8	7	4	
4	3	5	4	10	2	
8	5	5	6	3	4	
1	9	2	1	2	1	
2	9	1	8	7	7	
9	9	4	9	3	1	
8	1	4	1	5	3	
9	5	3	7	10	3	
5	2	3	7	5	4	
5	5	9	10	2	10	
4	3	2	5	10	5	
5	10	2	8	5	1	
5	5	1	4	6	6	
9	5	9	10	3	9	
4	1	6	10	9	3	
2	9	9	9	6	1	
8	3	4	6	8	10	
5	1	5	6	10	1	
1	10	6	10	6	6	
8	3	10	3	10	2	
10	7	1	3	5	10	
1	10	7	4	9	7	
7	8	10	10	2	5	
6	10	4	9	6	9	
4	1	2	8	6	1	
8	6	7	6	5	8	
8	2	9	6	10	10	
1	1	1	6	4	8	
7	3	9	3	3	5	
2	9	3	5	6	1	
4	3	2	3	6	8	
4	4	5	5	10	1	
8	4	2	9	5	4	
3	7	4	6	4	3	
4	8	10	3	10	8	
9	6	10	6	3	7	
4	2	7	3	5	3	
1	6	2	9	4	3	
9	9	8	4	4	5	
1	5	8	4	3	1	
1	5	3	1	4	3	
5	10	10	8	8	7	
1	10	6	7	3	1	
3	9	8	4	5	5	
7	6	9	1	5	9	
5	1	9	9	2	8	
8	2	4	6	1	10	
9	9	10	6	10	4	
8	5	5	1	10	3	
9	2	4	4	8	9	
2	2	8	7	1	2	
9	4	1	9	6	9	
6	8	6	8	5	3	
8	2	7	10	1	8	
6	9	1	6	5	8	
7	10	9	6	10	9	
8	6	1	5	7	5	
1	2	8	1	3	6	
9	3	5	5	7	2	
4	3	3	7	3	10	
3	4	6	2	4	7	
1	7	7	6	6	9	
7	9	9	8	2	2	
2	9	2	2	2	8	
4	4	10	6	3	7	
7	4	9	5	3	9	
10	4	5	7	7	8	

Stepup times between Families, where [f][f] represents initial setup time
On machine	1
85	17	5	72	12	3	54	19	81	72	7	4	37	45	99	13	20	9	69	50	16	44	18	58	69	86	18	26	56	19	47	44	56	54	45	84	94	83	55	47	
20	53	64	37	73	100	58	3	2	74	39	9	72	36	25	87	68	11	68	47	19	75	9	18	43	60	1	3	29	23	78	89	65	84	21	39	55	90	81	26	
16	74	78	62	12	40	62	92	25	78	36	48	52	70	82	93	62	9	29	49	14	65	34	71	100	77	27	5	93	51	86	79	34	83	98	1	50	12	16	93	
32	74	83	81	64	75	83	42	45	35	62	21	75	79	60	48	58	63	49	40	58	54	20	85	80	91	46	67	93	14	35	76	94	8	41	7	28	63	19	3	
72	88	35	63	74	78	11	100	81	63	21	95	58	73	53	29	90	75	51	75	21	40	93	19	97	77	13	33	50	10	23	74	39	72	97	95	33	42	40	72	
35	81	83	98	97	18	42	21	85	66	44	86	6	24	79	98	47	94	16	75	100	59	46	51	91	45	100	54	82	23	19	35	62	9	24	57	11	70	6	72	
35	18	30	71	93	100	84	79	94	94	1	66	49	96	37	53	86	17	35	14	76	72	11	53	24	91	32	57	5	13	17	15	89	97	93	50	84	73	81	60	
8	100	65	45	64	3	64	64	70	54	39	2	2	14	72	55	96	90	38	29	45	67	9	16	52	28	16	15	20	18	37	33	4	51	43	64	15	70	54	28	
33	2	51	83	18	10	16	64	1	59	82	14	100	56	3	30	2	23	31	75	73	81	10	16	49	8	76	87	33	86	23	18	49	2	20	71	11	53	40	28	
49	3	78	30	35	3	46	13	73	42	71	49	80	8	48	59	57	87	84	23	86	50	16	1	72	73	70	89	33	46	11	95	95	43	11	11	48	41	40	14	
79	37	48	65	75	52	88	37	27	52	86	27	38	89	29	5	12	93	64	74	4	24	7	70	43	58	44	97	5	34	13	39	50	43	77	32	60	33	62	55	
35	59	51	28	17	38	53	22	20	92	70	5	72	58	72	56	81	11	43	42	68	18	18	63	97	49	83	1	69	43	21	44	13	47	14	37	23	2	33	37	
31	19	1	6	57	25	71	82	77	17	84	80	67	65	27	83	16	31	98	4	68	6	42	64	69	41	56	42	48	53	41	30	67	74	77	49	39	37	60	39	
51	13	84	87	60	18	75	93	47	85	25	18	56	21	28	71	63	57	96	7	52	3	4	39	95	49	53	15	66	74	50	11	71	91	99	17	77	54	51	48	
18	59	12	62	60	21	68	82	40	91	95	45	32	32	74	38	63	84	66	95	19	56	13	14	86	91	60	4	9	21	2	33	69	88	44	100	82	42	14	8	
86	99	20	11	74	87	60	22	39	6	19	29	8	70	11	57	26	8	4	59	80	39	1	59	92	94	85	76	13	24	69	21	10	16	80	5	39	58	62	52	
35	64	97	98	14	41	94	43	8	60	10	39	14	28	40	98	23	83	98	79	81	43	66	22	1	4	23	72	84	31	3	78	51	94	52	29	46	97	70	4	
61	13	63	43	67	11	74	86	18	52	96	9	46	78	92	42	29	41	4	35	95	67	100	86	64	16	47	94	79	34	40	33	63	24	59	51	27	50	43	52	
81	80	58	8	68	78	23	38	48	56	56	30	94	93	89	52	68	70	19	78	88	88	27	17	44	1	61	87	14	75	85	19	65	69	9	34	3	63	97	92	
60	36	14	2	68	11	64	79	8	83	43	40	15	26	12	40	10	72	13	20	48	87	53	7	4	37	13	86	76	85	72	54	51	19	91	42	68	19	48	35	
77	36	3	20	99	26	67	79	59	84	96	29	13	53	98	65	47	61	5	44	73	40	32	31	52	95	38	86	48	58	83	80	49	97	25	71	75	94	19	73	
62	38	98	38	62	51	25	64	31	33	33	97	83	52	50	28	14	10	80	15	55	68	70	71	82	18	7	88	85	11	89	22	43	54	50	52	9	87	97	44	
35	65	14	80	95	88	25	40	35	26	53	20	5	61	100	90	14	39	89	11	64	92	52	23	41	8	89	18	36	43	32	34	54	25	76	41	59	81	47	95	
94	59	28	5	14	85	22	52	3	51	16	92	12	59	77	30	46	60	91	28	57	33	10	29	6	96	50	37	60	3	25	46	23	15	22	18	62	23	75	62	
84	4	76	96	65	98	88	30	61	21	75	19	86	9	64	49	50	87	13	3	51	62	97	7	98	84	54	52	61	28	56	90	45	60	96	30	55	70	32	68	
38	93	65	74	1	61	22	11	29	90	45	87	11	65	91	92	47	8	89	78	23	60	52	63	53	72	12	15	82	71	49	86	82	94	62	53	48	47	95	90	
5	49	32	82	23	30	59	5	46	49	94	13	24	11	8	10	94	80	66	82	11	97	36	87	39	65	74	61	2	97	28	26	21	64	9	91	1	3	39	45	
88	92	82	83	77	77	60	14	67	75	8	39	36	84	45	99	10	98	12	81	39	41	48	19	33	86	74	30	92	73	66	40	47	4	37	94	52	57	31	23	
88	34	94	42	54	3	23	51	79	72	65	73	66	12	44	98	81	53	8	24	72	96	30	46	44	75	82	98	26	57	73	45	21	26	57	56	62	95	3	94	
43	53	28	46	25	17	96	86	21	23	26	79	89	63	76	48	88	47	49	21	40	47	28	21	47	97	32	92	82	72	76	44	80	59	38	14	87	30	3	100	
26	73	89	78	15	72	43	93	29	81	47	37	96	4	89	46	28	19	32	70	12	14	95	10	56	95	70	44	24	93	93	86	14	2	28	14	62	53	91	85	
41	93	88	98	68	71	15	81	9	86	13	27	38	5	64	99	77	85	9	37	41	55	51	18	54	60	16	61	70	43	74	29	74	51	91	98	91	34	16	80	
82	5	98	38	22	64	82	7	41	76	79	83	72	32	49	68	99	17	100	2	11	14	34	20	98	42	53	15	32	75	96	29	60	75	56	27	51	85	2	31	
54	98	11	77	86	12	54	62	83	30	2	33	26	74	3	50	60	76	42	32	29	51	16	4	97	45	26	94	13	90	71	58	10	1	78	59	51	50	19	94	
88	43	15	27	85	34	74	40	95	11	1	46	81	18	92	43	71	19	61	20	95	44	58	40	48	90	59	18	32	40	60	52	12	20	77	35	57	75	27	69	
17	28	78	68	52	40	31	48	68	52	13	96	19	46	22	22	56	21	7	85	95	44	44	14	37	41	96	89	47	18	33	81	25	63	98	82	42	13	2	15	
62	90	81	23	36	66	80	43	42	6	85	32	38	63	31	26	58	45	23	94	21	45	56	12	95	99	61	89	79	36	24	66	40	59	33	48	62	42	75	71	
90	8	26	84	55	29	10	24	86	85	15	5	81	16	82	31	91	14	2	63	95	50	46	87	6	76	82	95	82	52	4	70	4	77	6	72	12	17	53	74	
19	73	36	18	26	93	88	61	89	30	34	26	50	59	3	25	76	9	12	36	78	37	23	65	36	47	8	4	99	69	27	38	96	69	92	42	19	70	9	27	
49	96	12	78	72	7	92	21	85	82	50	84	95	16	79	7	54	43	21	5	14	95	89	35	13	89	30	32	26	48	3	43	47	44	29	62	86	10	65	78	
On machine	2
19	3	61	34	17	40	41	45	74	40	76	38	12	12	50	86	74	68	68	52	42	31	18	55	40	25	85	66	18	47	29	60	9	31	52	87	21	28	72	85	
61	36	77	83	53	36	19	66	71	28	35	79	63	59	95	3	34	81	55	26	26	39	85	59	36	83	72	61	17	74	89	33	29	9	38	96	25	23	87	83	
44	43	98	99	49	40	98	54	19	2	87	19	64	11	56	96	62	27	41	82	51	4	99	21	7	33	77	10	20	28	76	37	13	6	66	83	60	85	46	36	
65	33	7	36	22	52	91	86	100	51	54	90	65	14	39	39	44	58	86	40	58	80	59	25	15	100	86	4	88	80	84	41	25	6	76	77	22	93	93	6	
46	27	15	99	33	74	97	13	31	60	34	7	59	12	6	38	68	59	51	20	25	75	15	22	36	73	65	23	82	33	59	26	45	82	2	7	61	19	52	55	
47	69	61	14	43	53	41	28	9	1	56	98	59	59	32	89	49	38	51	29	89	71	9	48	19	33	28	85	59	24	44	11	50	31	82	73	63	42	43	8	
23	3	38	50	46	55	18	21	95	92	89	67	26	48	86	100	46	44	56	86	62	98	2	87	47	48	86	44	33	86	21	21	72	89	45	65	43	61	46	83	
60	12	69	49	11	4	90	36	16	35	48	37	42	53	78	82	97	74	68	96	6	60	2	3	74	7	60	14	100	7	16	45	7	30	91	68	27	19	46	74	
67	14	44	46	67	41	16	93	38	82	1	44	95	45	39	87	91	89	76	42	39	26	15	62	84	62	97	27	86	4	70	94	89	72	25	66	41	45	14	75	
93	31	60	12	14	89	12	96	5	54	28	71	42	90	55	91	19	11	100	7	4	13	2	34	20	91	43	59	64	90	67	80	30	71	98	5	77	44	20	86	
43	75	89	7	95	7	42	79	92	35	22	3	93	64	4	64	79	33	93	36	36	1	21	88	5	100	7	38	30	66	24	74	17	12	6	97	12	21	33	70	
95	76	27	51	97	82	63	47	2	87	11	46	21	72	48	40	50	71	18	39	83	14	3	2	19	77	36	98	43	43	15	36	40	31	83	99	29	27	25	8	
5	89	39	59	19	67	46	39	86	24	39	13	79	49	66	77	25	34	75	17	35	90	94	10	83	48	1	12	95	63	90	66	56	98	58	46	27	92	100	82	
43	51	51	74	62	3	76	32	27	34	26	98	100	18	70	87	1	99	65	25	72	21	19	1	3	27	27	31	71	81	57	59	70	32	42	21	71	44	22	61	
29	19	66	6	49	15	68	24	48	3	32	22	1	6	28	57	78	41	44	47	48	44	50	60	31	98	40	55	48	76	47	55	23	43	78	8	28	73	32	71	
97	69	38	68	88	22	24	3	61	22	45	1	51	23	38	1	75	34	47	30	64	75	56	31	13	51	91	56	80	55	1	6	69	30	18	66	71	81	4	6	
80	74	11	85	6	35	71	21	96	80	6	41	59	48	73	35	51	74	100	10	14	26	36	73	34	28	21	68	88	59	24	59	15	59	94	64	71	27	89	59	
72	92	3	29	2	44	49	77	42	98	14	11	68	90	88	70	46	35	34	39	77	40	94	48	59	84	53	17	69	57	89	50	62	18	58	44	63	15	93	89	
36	25	12	6	51	51	2	63	36	37	86	18	37	7	53	59	54	12	57	32	23	11	27	19	9	85	41	52	43	45	100	69	66	44	83	27	35	17	77	75	
23	44	44	57	71	49	59	36	94	28	45	78	23	18	14	24	39	15	21	25	42	25	63	11	17	35	55	79	24	99	70	95	41	81	85	89	13	26	65	49	
49	36	2	1	56	74	19	49	91	74	13	18	29	49	57	67	52	26	63	49	23	47	29	70	69	96	93	53	62	98	78	68	45	23	16	60	6	11	69	68	
21	22	2	95	66	79	55	83	86	33	16	98	66	43	93	40	39	57	23	5	82	28	63	89	52	35	82	20	61	64	49	27	69	69	83	64	19	80	85	5	
49	91	65	100	55	8	59	46	95	84	7	73	69	86	75	66	92	66	72	63	69	75	30	57	19	78	58	14	50	88	30	36	52	25	35	77	56	2	10	18	
1	48	51	38	87	6	31	53	68	65	63	48	50	18	81	55	43	100	67	8	89	74	31	9	90	43	21	25	71	48	59	51	33	78	32	51	64	65	30	61	
64	36	7	12	16	38	90	79	25	36	95	26	63	84	23	51	5	73	64	18	63	80	41	66	51	86	73	81	61	71	5	35	16	99	31	1	84	83	36	15	
33	10	98	20	99	92	26	50	92	99	12	78	96	96	13	13	63	72	32	34	36	3	4	42	40	30	32	77	32	72	56	79	83	98	7	91	55	15	26	91	
55	52	80	4	65	33	90	3	94	88	77	36	14	15	38	46	68	56	85	76	41	27	45	42	40	27	59	18	90	37	89	16	54	58	33	73	100	63	13	76	
50	5	49	55	88	89	72	39	48	94	39	12	88	38	88	44	86	83	33	90	60	13	11	36	25	23	2	72	96	97	46	1	20	85	64	65	12	50	65	78	
44	44	46	15	15	66	92	49	50	32	14	74	21	33	45	16	93	40	32	33	77	13	8	5	9	70	13	60	44	22	30	74	68	26	37	57	68	75	58	18	
45	95	30	82	29	59	35	18	24	24	70	68	71	93	12	12	35	25	57	40	2	69	38	8	49	16	80	52	85	100	78	38	97	16	48	38	36	20	80	1	
7	45	73	66	34	90	25	75	36	70	67	83	40	54	86	14	61	73	53	30	76	11	95	25	52	55	40	43	62	16	5	17	43	53	4	94	23	92	76	41	
95	8	24	15	45	15	93	62	33	78	5	31	12	46	17	24	69	27	23	12	60	19	25	47	14	89	36	33	92	91	12	50	79	64	75	71	32	22	36	44	
74	31	63	5	64	50	6	6	19	97	53	70	12	69	77	98	22	49	13	69	98	82	10	7	38	83	17	32	87	84	83	50	38	52	57	82	6	3	79	71	
96	89	93	51	67	5	60	74	81	77	86	40	94	94	98	75	71	95	82	57	25	77	25	98	67	81	59	69	37	21	83	83	39	43	44	5	10	44	91	40	
21	73	16	26	30	32	67	14	22	48	9	14	94	16	43	100	16	9	18	19	61	23	48	99	100	51	54	24	19	66	50	23	89	24	2	81	28	97	62	44	
23	16	15	88	74	87	44	62	20	86	54	95	46	31	34	34	87	28	37	10	8	59	4	75	80	67	53	79	2	64	86	50	18	53	19	69	77	76	25	86	
69	6	58	37	24	3	22	5	16	40	88	81	23	43	77	80	72	30	48	100	2	44	100	71	35	5	86	95	83	72	6	3	30	58	2	33	28	4	84	83	
91	5	73	29	74	77	87	83	92	25	44	66	11	16	87	84	82	98	83	18	1	3	66	70	87	14	28	16	88	30	51	4	28	32	97	92	72	90	39	56	
80	16	5	51	40	97	24	83	19	49	55	97	41	32	37	74	8	29	17	93	1	48	75	68	28	45	7	56	25	46	32	29	96	54	66	2	71	75	42	3	
55	61	53	4	44	61	48	27	73	52	28	52	63	100	70	32	5	23	28	12	9	81	84	68	12	13	36	80	15	70	98	61	76	24	70	55	87	56	15	41	
On machine	3
14	80	91	26	35	24	2	83	24	32	83	1	28	99	43	60	84	83	2	56	16	78	4	43	23	12	70	47	72	58	77	85	79	63	10	58	11	65	95	69	
66	58	13	42	58	7	10	89	84	41	89	78	18	58	67	96	17	54	24	19	73	43	67	90	96	5	98	4	17	3	2	67	57	38	57	27	67	83	13	4	
33	50	28	74	61	12	80	60	28	98	49	23	28	23	4	85	78	32	75	65	12	57	26	16	11	32	36	32	95	5	67	12	65	32	60	53	21	74	94	4	
74	12	64	20	7	45	69	56	83	87	68	84	83	13	68	80	86	15	38	10	10	94	12	46	65	53	64	62	38	48	54	23	57	83	30	21	77	31	98	21	
89	33	42	17	56	61	48	88	92	21	62	56	80	33	50	72	34	38	29	98	17	12	59	77	95	89	83	74	41	99	18	92	86	87	40	1	86	62	45	95	
88	100	81	79	73	80	99	80	22	31	51	67	28	9	66	18	19	20	66	79	33	10	45	71	84	53	11	79	25	44	60	85	46	89	74	29	90	29	75	26	
27	60	29	55	44	86	91	95	45	25	27	45	16	56	89	96	1	86	10	11	61	7	88	70	89	12	62	8	93	41	79	56	95	45	8	58	98	28	37	83	
69	4	91	91	90	36	79	94	47	64	34	29	78	87	46	23	23	13	4	24	48	84	6	80	92	17	71	82	60	91	69	55	3	44	90	50	19	52	42	22	
41	81	87	18	28	23	42	80	35	87	37	95	85	58	10	1	61	69	43	49	96	31	38	6	11	19	27	29	31	6	55	99	18	22	12	65	59	24	39	35	
93	88	69	23	98	3	60	56	30	9	87	23	5	7	89	32	1	87	51	84	22	71	89	37	100	87	62	11	23	2	29	82	50	14	83	83	50	94	94	100	
75	65	76	78	86	85	21	21	1	29	45	15	85	59	6	13	18	32	96	66	64	73	89	4	40	58	67	64	32	77	68	25	56	53	90	68	69	63	63	58	
19	45	38	99	46	49	90	62	24	65	79	92	98	20	59	17	12	59	87	33	38	66	94	47	81	40	48	92	17	78	94	18	47	18	30	91	30	59	19	80	
82	49	86	61	38	65	98	62	98	51	80	66	59	77	10	79	38	84	11	27	26	70	56	10	90	58	64	23	62	39	90	27	8	29	98	20	58	34	91	10	
47	12	93	88	51	68	11	24	67	23	46	60	56	14	10	32	38	19	52	44	64	14	29	24	66	77	3	97	72	52	14	25	21	12	76	65	38	94	51	55	
24	86	62	59	67	92	78	82	61	82	87	9	26	76	16	86	33	77	96	96	54	19	65	68	66	41	89	44	40	50	38	63	77	52	42	32	51	50	72	84	
45	79	65	50	34	53	23	57	39	73	45	2	14	67	71	26	76	3	1	14	45	33	74	8	47	59	75	4	64	41	27	88	60	26	58	84	42	44	45	42	
25	56	64	9	91	67	10	15	29	64	52	77	5	43	80	42	68	57	92	42	98	53	36	76	24	31	40	66	69	19	34	40	88	7	66	24	24	24	87	48	
15	3	57	48	5	52	75	46	25	55	30	91	10	46	83	56	71	81	66	100	66	80	35	12	98	94	46	64	19	18	97	28	12	87	4	15	63	63	60	27	
83	13	69	73	50	79	7	30	84	89	62	31	15	72	16	80	17	69	33	59	79	93	61	23	7	37	91	19	28	22	70	89	56	43	92	26	75	86	72	64	
59	19	92	86	35	2	68	62	15	72	34	48	8	33	54	30	76	61	88	71	49	39	87	97	10	13	60	94	70	33	35	49	44	55	33	69	38	88	72	37	
14	30	63	20	42	90	77	36	71	18	71	63	72	99	55	10	92	6	40	35	85	57	76	74	35	32	65	92	4	12	35	46	53	89	72	2	13	19	21	93	
96	90	25	36	79	54	79	84	94	63	5	19	38	65	30	54	44	8	43	84	81	96	86	24	15	79	91	2	21	13	35	49	39	75	77	1	49	23	83	99	
95	44	70	62	79	71	58	33	99	93	96	16	13	62	80	99	6	89	53	76	34	68	91	45	68	94	92	22	89	36	14	100	57	93	92	18	90	17	43	47	
8	16	27	37	77	38	94	64	9	55	69	53	80	48	52	16	99	19	10	68	13	19	81	94	87	10	99	29	50	25	62	33	63	93	13	73	15	54	32	38	
56	36	52	44	92	21	39	58	100	10	78	90	28	37	79	46	41	78	94	74	39	9	47	50	40	60	38	98	36	9	49	69	31	77	29	69	64	58	95	32	
20	11	85	16	10	90	65	51	63	3	54	14	69	61	53	22	28	72	61	28	49	74	66	65	98	11	30	93	89	68	57	25	21	89	26	50	31	86	83	33	
5	43	98	20	16	43	60	66	65	39	47	25	24	86	54	63	38	20	59	95	64	63	48	18	85	61	2	13	31	28	68	76	8	75	51	8	60	14	41	61	
73	55	35	63	3	89	78	30	77	76	29	63	80	55	53	85	38	35	25	32	82	29	12	93	90	30	44	6	5	41	24	47	54	69	5	26	20	95	25	26	
96	5	92	30	60	28	44	68	62	67	10	48	20	37	68	91	88	94	86	55	63	93	92	29	94	48	47	8	81	19	76	4	55	82	75	7	98	69	52	99	
47	69	49	12	81	68	76	38	87	1	88	2	38	74	22	66	95	82	19	87	53	46	66	15	63	70	79	50	81	36	65	36	71	4	8	88	33	42	99	67	
53	76	39	12	2	59	50	86	75	9	25	14	71	33	56	3	10	86	11	96	64	55	96	37	25	26	56	84	13	15	62	69	4	63	67	55	96	62	63	42	
97	26	6	86	37	2	98	41	6	2	88	88	69	55	81	85	80	69	43	53	83	14	77	28	70	58	75	54	86	61	77	81	45	45	14	46	14	81	63	96	
5	73	97	18	15	35	12	93	62	58	21	26	44	68	47	97	65	77	72	2	9	9	97	11	15	2	4	78	2	4	20	64	81	9	71	54	86	33	39	100	
74	4	18	11	93	77	64	47	19	55	41	41	2	26	87	4	18	81	8	82	97	1	56	2	21	72	10	77	2	19	73	74	4	37	1	97	92	9	49	86	
46	17	39	58	64	4	98	93	53	57	100	35	95	14	52	61	93	11	61	46	11	38	76	79	88	39	78	83	39	4	10	79	37	3	65	81	26	35	75	5	
61	55	21	24	57	45	12	53	17	62	9	30	29	66	4	72	78	47	2	77	93	69	78	85	4	77	92	22	22	50	53	61	35	23	62	50	45	6	31	23	
92	81	45	44	37	19	39	72	75	85	93	4	13	49	78	28	39	19	32	34	15	82	89	12	51	93	81	88	16	79	25	37	72	76	2	80	81	17	82	60	
61	61	50	27	61	28	89	24	14	32	36	49	33	67	99	66	33	85	78	26	98	78	7	62	52	6	55	10	42	11	96	10	69	71	10	26	60	22	84	18	
89	38	1	41	39	13	90	67	22	2	30	68	80	57	73	87	17	56	17	15	97	62	98	96	12	30	84	89	66	19	23	49	68	43	94	68	95	28	90	80	
4	6	85	23	52	38	50	2	93	26	44	90	88	62	31	46	88	7	61	85	3	42	93	54	39	76	56	61	60	91	56	68	52	39	66	82	36	14	83	22	
On machine	4
29	36	31	7	93	11	61	54	74	90	64	93	91	21	2	59	7	84	2	33	26	51	100	87	87	34	70	45	18	80	79	55	17	62	46	15	18	73	44	10	
67	55	63	2	18	18	51	59	22	69	25	70	50	29	53	26	76	11	100	61	88	2	99	10	38	63	35	77	5	55	61	94	42	62	63	14	5	34	32	3	
21	49	84	74	22	42	80	28	70	37	1	84	97	14	31	82	14	52	79	97	61	95	52	52	58	26	46	44	66	5	92	5	21	33	88	93	31	53	93	69	
71	73	92	53	61	89	82	67	54	97	5	27	90	3	76	22	25	48	4	49	22	38	4	8	52	81	13	14	97	89	3	53	94	64	66	45	63	67	88	90	
51	18	10	32	28	92	54	72	98	48	64	31	53	42	32	80	100	5	78	5	77	13	70	77	71	4	23	90	89	28	75	66	76	55	1	83	46	77	29	96	
49	34	63	73	44	98	59	22	59	5	76	14	53	94	87	69	13	45	2	87	18	52	56	7	84	67	92	33	46	48	2	52	2	34	44	99	41	20	97	24	
11	100	74	66	47	36	66	79	54	57	20	21	30	54	6	54	81	100	67	81	95	23	96	23	93	59	28	14	58	60	83	77	51	63	13	28	37	79	74	25	
69	30	96	83	37	91	86	42	18	52	24	31	62	63	60	58	42	43	7	1	38	76	41	94	55	86	72	16	45	34	8	18	87	42	27	77	88	19	19	35	
63	76	96	7	41	64	2	95	49	40	44	84	60	58	86	53	83	49	44	22	82	15	83	63	50	19	16	87	21	98	47	90	4	12	26	38	33	22	49	72	
66	55	48	71	2	36	59	93	79	16	89	83	64	4	8	90	15	14	40	74	49	92	6	25	37	83	63	67	34	41	90	53	93	48	66	43	71	40	55	15	
31	38	10	47	2	54	51	65	26	26	50	9	80	100	90	91	14	3	98	83	73	24	100	97	79	30	19	64	43	71	99	46	83	89	52	8	42	57	99	76	
71	81	71	8	55	92	80	61	63	34	29	84	44	12	16	56	54	35	34	4	58	100	98	42	87	91	66	36	95	36	100	5	23	17	35	36	80	6	19	41	
68	61	92	80	9	17	29	78	31	81	16	81	20	37	25	55	83	89	9	82	5	57	92	34	68	99	81	64	93	19	68	94	21	24	68	27	26	87	24	76	
7	5	40	58	37	24	72	66	91	14	16	7	12	82	100	3	12	75	90	44	64	42	86	48	70	10	9	91	53	38	73	17	24	67	91	76	9	74	22	46	
48	52	92	49	92	48	15	78	5	45	49	5	99	93	15	92	40	1	42	18	80	89	39	37	12	78	93	17	8	7	16	67	36	37	16	26	50	27	74	93	
49	64	19	22	65	22	91	73	41	23	100	63	97	34	78	97	78	68	9	15	2	39	53	90	24	94	45	34	60	27	48	72	95	74	35	79	98	50	11	71	
99	61	58	95	27	95	36	83	13	23	48	10	24	29	54	42	29	99	39	12	91	27	59	65	75	69	42	9	61	69	23	59	52	19	33	93	22	5	46	82	
59	12	53	21	8	71	98	75	81	84	1	12	16	41	87	90	36	94	20	86	24	75	70	36	58	52	44	13	70	96	39	3	71	59	13	80	51	59	90	6	
94	97	40	30	1	19	73	54	76	85	28	97	50	64	49	66	55	70	92	92	55	35	29	56	21	76	87	27	86	26	90	42	67	5	7	43	84	82	13	30	
42	61	31	7	35	3	51	38	97	3	77	76	61	31	24	40	61	58	12	87	7	40	49	23	8	1	91	66	95	89	58	49	94	64	32	58	11	97	89	3	
55	100	46	24	72	25	25	52	63	23	96	54	44	8	44	46	80	93	91	99	36	66	21	71	44	84	12	73	71	86	66	9	81	29	16	5	36	95	84	83	
11	5	54	43	60	40	38	6	93	9	80	19	38	43	33	84	85	70	90	16	41	46	11	97	7	46	78	69	1	89	84	85	5	29	42	71	11	78	56	91	
6	65	70	76	64	22	23	73	23	86	59	32	82	93	8	69	85	27	69	7	16	61	93	74	98	2	94	8	24	71	45	85	59	28	48	5	12	69	3	81	
19	52	55	44	18	6	100	92	79	31	92	23	23	97	41	23	84	22	79	29	93	71	10	1	76	88	39	47	9	92	48	16	77	7	17	85	42	43	88	87	
5	7	96	66	67	55	10	3	80	3	76	27	5	66	10	10	29	51	14	60	15	69	23	11	54	76	29	33	8	22	27	12	27	91	37	31	29	97	44	46	
83	83	2	1	16	79	2	81	7	46	46	39	26	42	11	61	20	71	80	78	6	35	66	14	21	3	42	90	79	51	76	13	3	80	88	95	82	72	26	76	
12	20	18	33	98	65	60	26	29	24	34	88	90	16	76	69	20	51	47	92	31	87	29	23	2	70	64	1	23	75	81	53	65	75	87	60	23	52	40	55	
15	87	62	77	46	60	86	50	30	94	97	32	88	8	84	60	58	83	39	88	60	21	28	32	67	29	16	59	57	60	41	63	32	64	73	67	93	2	83	56	
12	13	8	50	57	21	45	69	29	98	28	35	75	13	46	91	100	23	42	3	57	80	79	58	79	10	23	29	83	15	76	47	75	76	40	31	44	67	75	21	
58	82	19	35	53	93	76	40	66	53	13	54	9	42	31	77	72	6	67	76	63	7	1	16	41	35	55	69	52	62	59	16	33	24	10	54	11	67	45	83	
79	95	44	43	34	76	60	83	74	16	73	35	87	22	13	42	52	30	28	7	85	54	8	50	94	32	70	78	63	52	74	82	69	85	64	18	85	83	56	4	
67	88	82	6	66	8	65	41	27	20	5	62	11	62	55	80	96	29	10	63	58	28	75	67	50	6	72	72	12	67	96	92	14	94	10	73	48	48	92	18	
73	19	38	32	30	44	92	57	9	33	48	79	9	15	47	90	84	99	9	4	1	36	18	96	27	89	76	29	13	63	59	76	8	57	93	24	42	22	66	62	
89	42	76	44	27	1	50	33	14	24	22	30	99	66	82	95	66	50	77	45	6	77	22	43	67	23	99	27	15	93	17	34	66	41	95	18	55	77	34	42	
68	25	68	11	21	72	72	94	40	41	16	70	69	18	56	79	70	53	2	3	78	88	42	9	61	38	77	3	39	8	4	20	54	34	43	14	49	35	31	24	
75	78	70	99	79	82	29	69	81	38	50	30	93	77	61	19	6	25	1	85	22	23	91	36	64	2	82	55	62	11	55	81	44	29	91	68	44	100	70	28	
84	60	35	28	57	30	17	89	17	14	92	91	8	23	17	17	70	3	30	94	72	20	37	21	39	49	2	97	73	9	27	65	75	81	20	95	67	89	79	6	
91	4	41	94	41	47	26	87	28	59	38	4	55	58	57	29	97	48	35	47	4	17	7	83	70	18	9	77	13	64	75	18	74	80	53	77	25	2	87	30	
10	15	99	32	23	84	50	16	72	88	64	57	43	32	75	14	29	11	83	30	89	36	83	2	96	14	72	4	64	31	60	59	69	2	76	75	16	99	45	58	
70	50	2	79	28	66	18	18	33	83	94	16	53	88	14	29	99	98	13	47	30	83	96	13	75	38	78	4	42	39	29	88	73	69	72	42	61	35	49	52	
On machine	5
40	44	1	85	63	10	30	31	81	76	68	59	59	42	68	64	45	93	16	3	9	8	43	5	19	67	32	20	13	90	72	63	60	92	5	57	74	88	20	69	
81	79	2	71	51	92	7	41	48	56	15	100	21	14	54	65	23	82	18	36	16	52	46	63	83	76	81	34	74	19	95	34	90	93	87	55	43	24	38	35	
30	7	67	4	51	36	55	89	84	79	39	47	37	13	55	25	87	68	78	62	18	63	92	74	50	20	2	100	97	100	4	34	61	38	75	30	33	88	58	91	
84	2	14	35	78	69	41	16	90	55	51	64	92	88	70	2	84	17	36	69	83	78	78	51	83	37	48	10	5	88	34	82	54	87	65	15	66	15	1	32	
34	15	97	77	47	29	14	25	28	95	81	38	27	95	52	65	30	35	69	53	1	57	15	31	6	86	89	88	69	21	62	30	6	10	20	80	3	92	31	43	
38	52	72	28	95	51	77	44	13	57	31	42	23	19	87	4	68	38	60	97	80	89	66	61	73	89	31	33	40	19	86	20	50	2	85	38	49	85	29	57	
24	79	97	77	33	33	91	60	52	72	22	62	61	28	85	5	25	88	15	36	11	23	35	81	80	50	37	76	83	7	42	94	75	29	40	99	33	65	98	24	
50	100	63	15	5	46	80	2	93	95	63	74	26	84	25	45	32	52	16	67	56	27	69	82	58	23	72	95	86	13	66	10	3	54	42	69	40	91	39	25	
61	86	44	38	66	21	25	24	55	16	21	42	27	94	61	66	13	28	80	29	20	14	7	96	37	54	59	79	59	78	1	69	61	88	29	32	12	24	30	63	
11	38	89	13	90	92	88	28	64	34	25	13	99	8	66	58	57	72	23	77	48	28	66	27	41	50	67	73	74	47	93	65	85	1	99	69	32	76	10	39	
83	47	6	36	15	70	3	59	20	99	18	76	100	29	60	86	65	40	46	20	61	87	53	27	6	6	36	76	77	4	80	36	26	28	100	61	96	14	73	31	
28	48	99	99	4	9	96	62	46	78	61	45	18	8	79	75	84	9	27	17	13	2	10	45	61	60	22	1	66	22	21	98	3	51	95	14	47	28	13	63	
10	40	48	33	20	41	27	99	17	50	5	45	60	35	31	92	77	9	97	79	17	11	82	76	47	92	77	34	80	85	5	30	2	17	52	43	70	60	44	15	
79	93	14	98	39	3	67	97	72	29	52	27	73	5	17	82	10	74	58	50	25	50	92	94	83	58	89	51	46	71	2	65	96	49	65	55	32	10	36	38	
31	93	28	57	54	28	73	56	95	90	21	30	65	93	19	51	91	95	50	6	83	15	62	23	11	55	83	40	24	60	40	25	23	61	1	62	17	7	27	100	
81	85	27	23	84	55	86	22	20	84	100	3	53	40	44	56	80	31	63	90	100	32	11	62	58	81	58	41	12	75	43	48	2	21	44	19	29	16	84	26	
40	29	47	86	24	62	92	25	74	17	10	20	6	3	34	79	38	85	24	74	28	1	8	23	37	82	75	25	18	55	62	7	9	89	2	3	100	100	4	89	
51	73	99	54	24	25	20	70	74	24	66	54	50	19	2	14	50	6	36	50	62	58	59	6	30	46	53	55	81	44	75	96	46	47	83	65	100	82	39	54	
94	7	93	48	93	37	63	36	85	47	85	60	42	43	72	58	54	62	61	81	67	52	83	94	47	38	54	100	80	30	12	16	9	90	52	4	40	1	48	65	
70	19	47	54	68	3	88	59	19	26	94	2	22	53	36	92	54	99	79	87	6	60	25	99	13	21	64	83	73	57	12	41	13	48	29	52	85	30	20	1	
8	42	95	48	46	11	64	25	52	2	62	63	92	1	18	7	49	64	93	20	39	86	61	65	43	19	5	47	1	87	68	37	89	69	13	97	35	61	52	90	
7	75	53	79	45	85	54	77	73	70	42	63	85	44	27	96	62	31	59	10	61	8	23	14	10	17	40	69	18	77	47	45	100	61	5	63	5	80	54	99	
25	13	87	40	21	87	67	59	31	78	84	26	35	63	38	41	35	52	71	31	89	97	14	12	32	62	81	19	48	22	30	68	61	47	82	56	94	7	29	68	
87	30	80	89	64	89	52	57	45	91	78	91	42	66	48	71	45	60	83	100	10	54	49	97	22	53	16	58	44	99	16	73	52	20	50	5	89	30	62	90	
2	74	74	37	35	100	31	100	5	96	19	1	99	86	7	36	90	94	24	11	15	29	89	46	28	60	43	62	45	66	91	4	51	88	79	5	62	47	35	69	
86	94	42	31	83	64	54	24	70	20	44	18	48	67	35	89	33	86	46	86	35	44	84	52	52	79	52	40	46	94	25	46	86	97	76	5	66	73	95	97	
47	69	88	63	81	50	95	32	5	53	88	19	97	50	76	17	50	45	94	98	74	66	57	21	11	39	52	55	16	32	65	52	55	98	81	42	87	53	36	66	
58	35	68	48	30	38	29	11	99	67	80	77	4	23	42	88	87	2	43	21	34	99	49	80	76	51	83	96	6	90	51	80	94	58	31	2	34	33	60	7	
9	17	91	27	55	61	17	62	53	91	60	92	18	32	30	69	8	56	61	8	39	39	52	85	24	71	61	24	8	31	43	36	70	82	50	3	15	12	5	88	
33	30	92	63	70	29	42	100	33	97	60	42	56	85	78	93	16	74	45	66	86	27	10	30	52	76	86	42	100	12	95	5	99	63	98	78	16	20	81	48	
13	9	63	7	91	84	26	73	78	86	52	60	95	91	52	46	78	57	39	23	62	68	90	17	3	85	15	90	90	41	64	53	94	49	27	54	46	92	47	91	
42	49	17	51	68	25	14	67	48	10	16	38	53	53	59	85	81	14	83	66	18	34	67	11	3	93	83	47	19	36	54	10	52	89	53	58	95	70	68	73	
49	71	6	23	85	15	90	67	53	52	53	14	62	37	21	19	84	69	72	63	41	14	46	47	64	83	47	14	73	38	73	40	51	60	32	27	74	2	94	17	
87	56	13	91	17	32	19	33	61	93	38	89	11	24	16	56	90	67	60	98	94	72	17	37	33	53	95	9	1	97	44	15	31	1	96	95	39	97	4	99	
10	64	68	89	91	71	79	12	55	93	91	62	51	58	73	95	31	45	34	5	76	90	99	68	18	85	6	41	19	85	17	99	87	8	22	39	76	59	8	23	
61	64	50	10	66	14	9	7	58	17	30	68	13	71	12	48	94	86	55	46	51	83	86	4	64	95	2	96	26	100	67	58	1	41	18	19	96	97	16	92	
76	5	7	89	86	1	58	19	24	10	25	48	54	85	94	50	29	90	49	59	69	5	43	76	44	68	53	44	30	99	7	66	34	61	24	72	41	12	2	10	
53	11	15	58	52	13	53	66	87	36	82	5	97	23	49	69	76	45	83	89	23	16	21	73	56	61	85	70	16	36	4	72	43	61	55	69	30	68	64	75	
56	39	19	89	66	6	84	90	35	88	79	98	26	11	87	50	23	64	67	10	21	44	75	89	36	58	21	11	42	50	51	98	37	49	60	79	1	10	77	18	
72	37	86	64	93	90	57	32	93	51	54	64	59	77	87	74	91	49	95	3	37	27	93	13	15	7	42	87	56	27	43	29	50	47	24	23	43	87	10	11	
On machine	6
39	90	69	85	37	12	70	29	52	1	30	66	3	74	31	30	56	41	77	38	20	16	23	92	23	31	84	85	56	79	11	44	54	65	81	68	93	58	41	25	
38	35	25	38	21	1	29	53	74	63	84	31	46	11	17	38	54	53	66	12	84	77	51	82	45	52	26	53	30	2	79	55	59	59	81	66	5	18	70	44	
67	5	56	14	52	78	76	59	23	61	11	7	38	63	14	37	63	74	51	92	48	63	50	9	2	65	45	42	5	78	34	33	49	22	92	12	92	22	17	43	
26	95	67	19	37	19	74	50	50	81	76	50	15	28	78	38	71	100	67	71	31	97	22	71	47	51	33	60	48	51	39	7	75	42	21	39	90	67	25	19	
89	67	30	34	99	90	80	91	18	97	39	68	65	30	26	43	73	52	94	38	70	72	7	26	98	15	38	71	42	29	87	47	52	89	49	33	64	45	60	7	
79	45	94	93	82	39	61	92	19	5	32	7	4	3	100	41	3	74	85	67	37	2	41	87	87	83	72	42	75	57	49	54	71	13	72	18	93	50	36	22	
29	74	7	2	100	58	31	14	50	3	7	20	19	77	87	93	62	40	52	5	62	62	31	64	60	64	20	60	8	28	78	1	59	42	58	39	37	90	31	12	
80	70	56	1	29	60	16	80	25	74	45	42	86	63	88	98	95	73	59	79	34	41	76	26	49	51	93	79	27	91	21	88	15	66	87	62	41	49	80	57	
76	15	13	54	12	69	86	39	8	75	52	49	11	61	10	16	23	23	66	92	46	84	85	92	60	65	68	64	61	53	53	94	59	48	31	16	62	92	17	3	
44	55	100	20	11	95	15	60	17	71	66	29	38	99	90	39	4	29	73	46	95	80	64	90	38	77	9	84	66	44	98	3	33	17	15	87	74	52	15	33	
87	22	28	15	11	70	33	1	17	39	79	28	81	42	4	70	25	93	100	59	46	45	100	6	85	53	12	58	68	17	63	79	34	98	90	92	73	30	65	15	
85	30	9	71	53	54	15	92	81	6	63	52	28	78	24	80	95	75	83	86	97	67	67	98	76	33	32	75	32	87	63	76	75	92	88	18	49	1	69	3	
12	14	35	19	67	69	90	54	70	46	25	66	30	61	90	23	46	52	11	60	25	13	26	44	2	63	55	85	4	8	59	15	12	66	55	60	51	44	77	15	
4	52	46	7	33	54	21	77	97	99	87	56	58	55	79	3	36	4	52	73	82	29	37	69	55	98	72	24	68	100	86	79	68	95	57	27	39	37	40	48	
23	2	27	78	32	26	38	70	56	99	59	20	51	92	42	96	31	69	41	98	37	68	12	94	54	100	79	92	81	7	17	49	42	45	44	58	52	78	38	20	
26	12	37	49	75	63	75	60	42	53	27	87	44	86	4	65	30	78	39	46	21	32	47	59	81	63	53	37	52	31	44	58	26	31	82	57	18	76	91	18	
46	80	34	38	72	92	6	95	20	91	6	39	25	12	12	46	52	45	11	66	66	77	7	47	16	95	33	54	8	69	3	52	78	99	37	39	6	95	13	13	
92	89	88	5	19	87	57	10	50	3	17	77	93	76	40	83	8	97	3	95	41	80	82	81	90	78	57	30	60	7	81	42	30	77	68	56	65	64	13	80	
85	29	76	79	96	91	10	54	62	86	76	44	77	21	89	42	82	41	85	92	15	76	59	2	70	75	35	10	58	24	69	43	16	75	68	59	41	55	74	77	
86	23	14	82	8	38	76	73	38	96	22	84	19	22	83	41	28	27	88	37	22	79	8	84	83	72	44	49	59	4	83	95	5	99	52	28	95	14	86	69	
58	2	39	11	17	96	80	68	68	29	64	12	80	49	99	14	78	78	100	26	42	14	43	49	57	49	96	83	60	68	84	27	22	76	53	19	19	27	3	18	
7	28	42	60	26	54	37	5	37	31	38	8	18	57	15	73	31	68	31	25	61	57	29	29	26	86	51	70	71	39	92	91	71	29	7	48	79	85	43	25	
85	96	31	34	15	48	21	29	68	65	44	80	16	73	34	94	18	52	63	72	79	32	13	80	10	84	18	88	63	4	25	39	56	84	62	9	25	37	9	9	
50	8	31	80	51	12	70	63	59	82	22	39	89	38	93	40	14	69	12	36	31	73	18	2	3	65	89	59	36	6	10	95	15	13	34	71	16	5	34	10	
91	3	74	65	3	60	10	19	97	80	61	29	1	93	11	66	63	89	40	83	8	11	53	37	82	51	27	79	97	21	46	66	7	28	3	25	31	8	69	62	
82	96	80	46	58	68	87	48	50	1	20	61	29	46	54	10	14	48	30	71	13	33	81	27	52	25	32	4	44	56	65	8	44	86	58	12	54	69	51	87	
66	57	9	82	20	70	20	15	65	46	68	64	80	78	7	14	44	14	62	29	78	17	51	57	9	70	26	29	6	42	98	19	57	73	58	49	99	50	15	19	
30	78	9	13	14	39	17	78	61	67	97	76	37	74	38	6	48	56	85	47	28	97	17	45	57	13	92	7	56	51	28	78	25	59	92	90	63	63	91	99	
90	44	84	62	89	49	91	9	81	36	82	90	34	51	84	24	8	64	46	46	5	45	39	49	10	27	33	43	39	97	36	49	34	24	75	17	34	60	37	53	
48	26	66	96	2	23	34	8	76	99	61	72	100	8	83	46	65	72	86	33	90	98	49	97	47	72	35	51	40	69	89	83	1	89	97	79	14	3	92	14	
4	10	84	64	19	79	89	80	50	4	80	95	92	22	18	75	64	8	96	52	39	1	55	41	40	14	42	2	81	82	41	53	84	9	4	15	16	44	40	56	
9	85	54	14	25	97	18	5	37	72	1	15	95	59	62	62	85	73	5	34	42	87	54	97	92	28	85	28	34	81	77	40	66	64	14	16	97	19	53	73	
98	19	67	16	73	10	99	10	1	26	36	94	11	51	62	46	20	18	62	51	53	47	36	95	29	44	80	76	17	19	48	62	63	31	17	11	31	57	9	78	
70	16	20	74	27	42	18	29	40	85	11	45	53	30	68	41	23	15	77	39	91	71	87	81	96	70	16	65	34	42	29	53	89	45	56	15	30	63	1	1	
76	87	54	81	77	21	57	99	82	83	69	71	93	9	9	96	45	21	68	21	43	43	82	16	39	31	10	68	60	24	48	15	64	33	44	7	36	86	72	80	
32	13	31	11	29	46	47	45	38	56	52	3	80	72	85	9	82	11	26	93	21	67	51	81	61	22	20	87	3	55	77	56	7	85	76	43	69	25	88	52	
56	30	21	76	7	83	14	38	96	77	89	66	17	73	93	78	65	4	16	58	55	97	87	32	93	67	23	31	15	64	77	72	21	57	34	19	79	27	96	71	
7	40	55	72	84	58	83	3	97	85	48	71	96	84	15	71	92	14	1	48	5	13	86	21	46	99	60	20	19	95	19	98	25	34	23	74	91	78	84	22	
90	18	37	22	34	92	25	29	54	68	45	14	6	61	38	43	56	5	38	16	49	80	32	45	41	73	65	12	4	21	53	94	94	83	79	84	6	64	76	95	
78	87	100	91	50	32	54	79	90	47	53	17	56	78	35	59	95	62	63	75	56	46	69	3	75	76	41	8	14	82	48	48	12	88	46	57	5	54	41	96	
