Factories	3
Families	20
Machines	2
SetupType	2

Number of Jobs in each Family
7	5	9	8	4	7	4	10	5	10	2	1	1	2	8	4	7	8	1	9	

Jobs in each Family
0	1	2	3	4	5	6	
7	8	9	10	11	
12	13	14	15	16	17	18	19	20	
21	22	23	24	25	26	27	28	
29	30	31	32	
33	34	35	36	37	38	39	
40	41	42	43	
44	45	46	47	48	49	50	51	52	53	
54	55	56	57	58	
59	60	61	62	63	64	65	66	67	68	
69	70	
71	
72	
73	74	
75	76	77	78	79	80	81	82	
83	84	85	86	
87	88	89	90	91	92	93	
94	95	96	97	98	99	100	101	
102	
103	104	105	106	107	108	109	110	111	

Total number of jobs
112

Processing times of jobs
5	9	
5	10	
3	9	
7	1	
6	10	
2	1	
2	2	
2	5	
2	1	
8	10	
7	8	
6	1	
10	3	
8	3	
5	5	
2	8	
10	3	
9	9	
5	7	
3	8	
2	3	
8	4	
1	8	
4	8	
1	7	
4	8	
8	1	
8	1	
10	7	
9	8	
2	9	
5	4	
8	7	
9	2	
7	10	
7	9	
7	7	
4	10	
9	6	
10	8	
4	10	
9	9	
4	5	
9	9	
8	9	
8	2	
8	4	
10	3	
4	6	
5	9	
2	10	
6	1	
8	4	
2	8	
10	6	
7	4	
3	2	
4	5	
2	2	
4	4	
6	9	
1	5	
9	2	
4	9	
8	5	
8	8	
8	1	
2	1	
9	2	
9	7	
4	10	
1	2	
9	7	
6	10	
10	7	
8	1	
5	5	
7	4	
1	3	
3	8	
10	9	
8	8	
6	5	
2	7	
3	5	
8	5	
2	3	
9	6	
4	7	
8	3	
10	5	
2	6	
10	6	
6	5	
4	1	
10	7	
6	6	
4	10	
2	2	
7	3	
2	10	
4	6	
1	4	
3	7	
10	9	
2	3	
8	10	
3	8	
8	10	
3	5	
7	4	
10	7	

Stepup times between Families, where [f][f] represents initial setup time
On machine	1
28	32	33	17	20	12	20	44	26	24	18	33	29	28	48	48	3	50	19	27	
6	48	50	20	30	38	46	39	40	26	27	45	44	22	22	47	44	35	26	17	
10	15	35	6	5	31	46	36	30	26	23	14	20	6	27	44	32	46	12	41	
7	3	30	44	18	8	6	20	16	31	20	35	24	17	40	21	13	21	50	14	
19	41	45	8	4	16	7	9	9	30	20	14	40	37	31	24	45	42	42	7	
45	33	45	23	29	42	49	16	41	26	47	6	1	28	3	7	10	36	20	14	
2	43	17	7	29	31	1	30	39	25	14	15	39	28	36	23	35	23	5	36	
17	40	41	16	38	45	24	20	21	44	24	35	19	33	8	49	16	4	50	43	
10	47	11	3	3	4	17	49	31	13	41	10	43	26	46	11	11	46	47	18	
47	5	12	46	19	24	38	12	23	15	45	14	3	19	11	19	44	37	19	32	
7	37	30	6	29	20	3	18	26	10	44	47	40	38	37	16	4	3	10	14	
2	42	13	43	13	19	21	29	32	22	50	45	35	16	21	24	6	28	38	9	
47	1	31	36	6	17	27	6	16	35	32	2	43	15	1	11	47	29	3	39	
39	23	6	20	19	17	35	8	18	4	38	1	27	37	17	22	29	32	45	41	
39	31	39	17	49	19	2	18	12	34	6	31	13	10	8	6	31	3	1	29	
10	43	14	3	9	21	30	3	47	11	35	19	44	43	38	11	18	25	26	20	
32	8	9	23	44	36	1	43	36	41	39	1	7	27	15	41	17	26	29	10	
40	1	47	9	49	21	44	47	3	38	30	43	13	25	28	22	45	9	37	34	
22	40	42	38	33	4	50	31	4	28	5	28	15	4	48	32	21	43	30	50	
37	20	22	28	26	12	2	47	49	7	25	24	36	4	10	11	46	44	34	38	
On machine	2
24	43	29	11	9	6	23	8	27	47	23	24	34	15	9	43	7	17	31	29	
40	27	47	25	14	31	36	39	20	39	6	33	49	1	44	2	50	15	5	2	
31	50	12	2	42	25	15	50	41	10	18	28	29	3	44	4	17	32	18	16	
9	30	47	37	11	22	1	23	39	43	41	6	14	50	41	7	40	18	39	42	
17	42	11	15	30	20	50	46	11	11	13	32	34	46	27	45	46	11	41	47	
48	1	31	25	7	31	27	13	42	18	40	4	13	38	13	36	37	4	16	24	
8	36	32	6	14	20	5	33	36	29	45	15	29	6	17	24	39	17	13	33	
5	15	16	34	33	44	17	24	28	29	7	10	3	32	31	20	37	4	36	21	
49	36	21	5	18	11	32	45	17	49	46	14	41	39	22	6	24	20	6	44	
47	10	8	20	6	9	21	28	18	38	27	24	13	14	46	2	50	6	16	28	
23	38	3	42	43	6	4	43	48	20	7	34	18	45	14	33	26	31	2	20	
7	27	27	17	10	49	9	2	23	1	34	40	14	34	43	17	35	17	31	43	
34	44	20	3	32	19	9	20	39	29	35	7	38	21	45	7	19	44	3	48	
18	39	39	9	30	37	9	4	7	43	15	14	32	48	32	25	11	8	16	47	
4	40	4	33	25	14	10	38	16	8	47	45	36	22	26	5	11	19	8	40	
47	9	7	12	31	26	41	35	46	32	3	11	23	4	30	3	30	41	11	24	
31	35	50	5	37	50	32	14	15	20	45	28	28	27	32	20	43	41	34	44	
40	24	8	33	6	47	28	30	18	42	12	21	4	23	11	41	18	28	33	49	
28	1	30	28	18	43	39	31	44	24	25	42	13	14	44	33	37	13	22	25	
31	4	12	27	11	38	20	38	24	48	30	33	22	43	28	50	22	8	33	19	
