Factories	3
Families	40
Machines	4
SetupType	2

Number of Jobs in each Family
5	4	2	7	4	6	8	3	8	5	4	2	2	3	4	9	9	10	5	2	9	4	6	6	10	2	6	1	1	7	10	7	6	3	1	10	7	9	7	4	

Jobs in each Family
0	1	2	3	4	
5	6	7	8	
9	10	
11	12	13	14	15	16	17	
18	19	20	21	
22	23	24	25	26	27	
28	29	30	31	32	33	34	35	
36	37	38	
39	40	41	42	43	44	45	46	
47	48	49	50	51	
52	53	54	55	
56	57	
58	59	
60	61	62	
63	64	65	66	
67	68	69	70	71	72	73	74	75	
76	77	78	79	80	81	82	83	84	
85	86	87	88	89	90	91	92	93	94	
95	96	97	98	99	
100	101	
102	103	104	105	106	107	108	109	110	
111	112	113	114	
115	116	117	118	119	120	
121	122	123	124	125	126	
127	128	129	130	131	132	133	134	135	136	
137	138	
139	140	141	142	143	144	
145	
146	
147	148	149	150	151	152	153	
154	155	156	157	158	159	160	161	162	163	
164	165	166	167	168	169	170	
171	172	173	174	175	176	
177	178	179	
180	
181	182	183	184	185	186	187	188	189	190	
191	192	193	194	195	196	197	
198	199	200	201	202	203	204	205	206	
207	208	209	210	211	212	213	
214	215	216	217	

Total number of jobs
218

Processing times of jobs
6	1	3	7	
3	3	5	9	
8	4	1	2	
3	10	6	6	
3	5	10	5	
10	5	6	7	
1	4	3	1	
6	4	8	4	
2	10	9	8	
7	7	9	6	
4	5	10	6	
9	6	5	10	
1	6	1	2	
8	3	10	7	
2	2	9	10	
1	1	4	9	
8	8	8	7	
2	9	3	3	
9	6	3	7	
5	6	10	9	
10	1	8	10	
5	5	5	9	
9	10	10	1	
1	7	7	7	
8	9	8	10	
4	9	10	1	
6	4	5	3	
8	5	8	1	
10	3	2	8	
7	1	6	2	
4	3	5	7	
6	6	4	4	
4	4	4	7	
7	3	6	10	
3	9	2	8	
10	9	2	1	
9	10	10	7	
10	1	4	1	
8	4	10	6	
3	2	8	2	
3	7	4	6	
1	2	2	8	
3	7	2	1	
1	10	5	6	
10	10	1	3	
8	8	6	8	
2	2	4	2	
5	8	2	1	
3	8	1	3	
1	1	9	1	
10	5	6	1	
5	3	3	8	
5	8	8	5	
6	5	7	10	
4	9	3	4	
8	10	7	3	
2	4	10	3	
10	2	6	10	
5	3	7	8	
6	3	3	6	
9	1	3	2	
6	10	3	10	
9	3	2	1	
4	6	6	1	
9	4	10	1	
10	3	8	9	
6	5	3	3	
2	8	10	6	
9	2	3	10	
8	5	7	10	
5	8	7	1	
8	9	8	2	
10	4	8	2	
2	6	8	2	
9	4	6	9	
1	2	9	9	
3	10	7	1	
10	4	2	2	
10	1	1	10	
3	7	5	4	
6	8	8	6	
6	7	7	2	
10	8	5	8	
2	3	3	4	
1	8	6	10	
10	2	3	1	
10	7	5	7	
5	4	10	4	
6	9	7	9	
4	9	1	8	
5	6	6	4	
5	7	7	3	
4	9	3	2	
10	8	9	8	
1	8	1	4	
3	7	8	3	
2	1	7	4	
2	9	5	4	
3	8	10	6	
6	9	2	7	
1	4	5	10	
4	2	1	2	
6	6	10	9	
7	5	8	9	
3	4	3	2	
9	3	5	10	
3	2	10	1	
4	6	10	1	
2	2	7	3	
8	4	8	7	
1	3	4	8	
3	4	1	5	
1	6	7	4	
9	9	6	5	
7	1	7	2	
1	8	8	1	
8	3	6	9	
6	10	2	9	
9	2	8	4	
1	2	6	3	
7	6	6	2	
3	8	2	1	
10	3	4	4	
9	1	7	9	
9	5	9	6	
7	5	6	10	
7	6	2	10	
1	9	2	10	
3	9	5	6	
2	4	3	6	
4	2	9	3	
2	4	6	6	
1	6	6	3	
9	7	8	8	
9	1	1	2	
5	9	1	7	
7	5	1	6	
10	7	7	8	
5	7	3	1	
5	5	2	9	
8	3	10	7	
3	4	5	3	
1	5	4	8	
5	2	2	4	
9	4	3	10	
9	10	1	10	
5	7	10	5	
6	4	10	5	
10	6	8	2	
4	9	1	1	
1	10	4	8	
2	8	7	6	
3	6	7	2	
5	7	1	2	
8	10	2	4	
3	6	7	9	
1	5	3	9	
5	7	1	10	
3	2	6	7	
8	7	7	2	
5	8	10	2	
6	9	6	5	
10	2	2	4	
7	7	6	9	
5	7	10	9	
9	10	8	8	
6	4	2	1	
3	7	10	2	
5	8	7	8	
2	2	3	10	
10	1	6	2	
8	1	10	7	
2	7	2	8	
6	2	2	10	
3	3	7	4	
7	6	7	9	
10	2	5	8	
3	4	10	6	
2	7	8	7	
10	9	5	10	
5	3	8	2	
3	6	6	5	
10	3	8	7	
2	9	9	8	
8	1	4	4	
10	8	1	9	
5	1	4	1	
1	2	10	3	
8	3	10	8	
4	6	8	4	
4	2	8	1	
10	1	8	1	
9	8	10	10	
7	8	9	1	
2	8	1	1	
3	2	6	8	
1	2	7	2	
4	8	9	3	
1	1	6	8	
7	6	5	6	
9	7	1	6	
8	8	3	2	
5	4	5	4	
7	7	2	10	
6	10	2	4	
3	6	9	9	
1	4	1	6	
8	6	8	2	
6	2	1	9	
1	5	1	2	
4	1	5	10	
8	3	9	10	
1	7	4	2	
2	3	1	2	
6	9	10	6	
2	8	8	2	
2	7	7	6	
6	3	7	3	

Stepup times between Families, where [f][f] represents initial setup time
On machine	1
17	3	41	46	14	36	24	30	16	16	18	11	22	7	6	36	48	1	30	42	9	50	19	31	35	30	11	37	29	38	2	33	44	5	50	47	24	21	22	43	
43	49	15	9	35	34	5	37	24	40	24	4	20	8	28	27	23	49	18	36	24	23	24	4	24	22	13	1	22	49	23	20	21	50	14	3	14	26	45	46	
44	12	42	36	45	7	24	48	29	24	19	35	23	18	46	30	47	18	43	40	14	42	48	41	30	8	46	24	31	3	42	21	31	34	43	17	50	11	17	14	
47	39	25	43	43	16	43	2	21	11	29	11	40	34	24	34	32	11	4	43	47	2	23	28	30	25	43	42	31	50	34	6	38	22	5	12	46	37	42	29	
3	5	33	1	24	18	2	4	20	18	32	42	28	48	34	46	25	25	2	13	36	9	47	36	13	47	18	8	31	45	12	26	49	7	40	13	3	38	25	34	
40	27	1	39	49	38	35	32	44	10	31	46	30	42	5	24	48	30	45	8	27	31	15	39	17	13	24	43	13	26	6	35	32	18	8	20	15	20	3	2	
35	24	21	1	19	22	24	38	33	7	11	15	8	19	48	26	5	1	6	47	41	47	22	28	20	10	18	5	41	44	43	21	40	50	32	33	18	13	49	41	
45	29	14	47	22	2	21	40	36	6	8	29	40	7	16	47	45	43	44	42	12	15	16	46	26	42	18	8	18	9	13	21	35	19	39	47	26	32	31	8	
10	48	11	2	40	46	45	6	11	25	18	5	14	43	43	29	42	50	22	20	9	27	41	12	47	38	18	37	44	23	18	25	13	32	40	8	44	5	37	10	
41	49	31	30	28	18	30	34	40	3	46	10	1	39	32	28	32	32	19	36	1	48	11	23	10	19	21	49	49	33	27	46	37	33	45	31	2	25	11	20	
37	11	29	26	48	33	41	42	42	1	19	3	19	13	31	36	49	6	43	9	2	30	24	24	18	41	19	19	17	28	12	24	11	37	40	49	42	34	33	23	
15	30	35	30	19	44	6	40	28	41	16	29	16	12	29	21	21	12	31	31	19	46	44	43	12	33	48	36	16	40	44	18	49	11	7	2	7	22	35	21	
9	10	7	31	37	23	17	6	44	19	32	48	35	7	49	38	18	19	2	37	10	33	17	19	46	14	2	48	33	14	44	45	40	1	10	45	42	19	33	25	
21	42	3	48	45	1	3	29	7	36	5	17	39	32	23	44	4	6	8	27	17	7	18	5	48	6	6	19	25	11	36	5	33	25	25	1	24	23	12	16	
8	28	36	17	41	24	35	10	4	16	38	5	27	5	45	8	6	39	20	22	10	32	20	33	26	20	41	28	46	9	35	26	11	6	29	40	31	37	22	26	
10	30	46	16	12	34	6	17	12	46	13	7	23	20	22	23	31	11	17	36	36	42	4	32	9	6	9	14	41	29	23	46	49	2	27	1	20	42	6	30	
3	12	8	49	20	25	34	37	28	6	42	15	34	46	14	34	27	28	45	35	19	36	1	19	2	8	48	45	32	25	6	18	21	24	32	6	23	24	12	28	
8	47	30	2	47	29	13	27	19	47	42	6	30	38	30	22	11	24	35	16	13	20	27	47	4	8	6	46	20	45	43	45	49	31	34	24	9	36	38	16	
43	37	31	42	34	41	37	9	18	15	5	39	23	33	42	50	8	22	24	48	15	36	28	1	43	23	2	23	10	17	22	5	17	12	1	2	28	37	8	33	
15	30	46	19	42	4	6	30	3	17	49	3	29	28	7	1	15	40	15	16	16	20	18	39	31	3	31	42	20	34	38	3	26	25	7	22	45	11	23	43	
41	7	24	13	10	29	44	45	19	24	2	50	49	2	21	9	18	12	41	28	39	32	43	9	8	38	10	25	41	19	26	14	25	46	14	27	44	9	8	45	
30	12	47	33	22	39	32	33	29	9	24	6	23	29	14	4	47	46	32	35	40	12	22	39	5	23	42	34	29	47	47	26	50	20	21	38	37	37	12	28	
32	39	30	12	16	46	34	15	14	47	44	34	47	44	38	1	30	16	35	38	33	36	44	5	36	28	24	42	39	47	43	49	10	10	34	50	39	4	43	50	
47	21	21	18	2	38	29	1	49	21	14	22	50	14	10	44	20	1	27	23	28	35	32	50	43	19	20	14	47	15	34	11	31	23	14	44	43	39	38	27	
8	19	9	27	44	13	44	4	6	47	28	33	49	4	27	15	11	38	42	42	46	7	31	45	34	25	32	13	24	43	18	38	7	30	1	9	46	43	37	2	
26	38	44	25	14	12	18	1	44	17	12	40	37	13	27	45	20	35	38	6	15	16	11	13	38	9	1	49	46	8	4	18	30	18	36	6	33	1	48	15	
4	13	39	3	24	35	40	46	40	14	40	30	16	29	16	12	47	50	24	26	8	7	2	31	1	16	23	49	33	50	6	38	18	22	29	38	4	45	13	47	
24	30	33	3	47	22	5	26	45	11	43	26	3	35	41	8	50	17	46	21	22	43	16	46	10	21	36	32	15	35	13	6	19	32	38	39	22	19	28	2	
4	43	39	35	43	32	42	15	41	41	5	14	41	16	48	31	7	30	35	15	4	48	46	29	22	44	16	49	25	50	20	18	36	46	15	14	50	32	49	13	
21	26	37	38	46	6	27	9	18	15	28	31	4	35	42	13	41	4	18	34	3	28	12	32	45	42	18	36	46	28	48	4	16	50	40	42	10	40	17	24	
13	17	36	49	7	12	8	37	23	7	35	10	2	42	38	43	21	38	17	36	18	14	10	43	2	40	37	5	37	47	25	50	48	12	42	18	14	1	22	21	
25	19	2	22	2	46	24	32	36	11	4	42	4	22	6	19	37	29	20	17	47	22	32	21	29	44	34	49	33	26	19	2	24	5	27	23	45	14	23	4	
26	10	30	28	40	17	38	6	47	4	26	15	8	4	39	17	40	46	22	28	43	12	26	37	25	37	37	27	11	26	9	46	45	49	18	16	29	23	22	23	
23	34	32	12	40	12	11	30	2	22	45	41	36	42	44	18	18	5	38	49	7	9	45	36	43	16	17	50	1	26	29	12	17	30	2	32	8	3	15	11	
32	40	29	14	38	32	48	13	8	34	44	8	6	34	4	50	6	1	16	6	10	39	37	18	2	3	45	46	11	6	10	7	46	43	41	3	37	18	37	17	
33	38	38	6	36	38	15	41	49	48	12	22	50	40	31	38	14	32	9	50	49	19	12	29	11	8	6	42	41	24	16	21	13	49	33	6	34	10	17	40	
38	50	6	44	21	12	38	36	8	20	31	5	35	6	30	43	41	1	39	27	38	25	14	44	14	38	10	28	22	29	19	23	3	43	44	32	36	43	23	39	
32	5	43	48	49	41	11	18	50	38	13	30	50	19	21	33	6	43	12	43	20	40	40	11	6	45	27	26	38	5	29	48	24	43	46	45	1	27	26	10	
16	25	9	23	12	2	12	30	5	6	37	30	14	44	5	17	45	28	13	38	25	21	37	27	29	11	17	5	35	25	6	27	35	32	12	31	44	29	40	3	
9	40	24	29	24	42	14	21	29	49	36	48	4	23	2	35	46	7	41	17	29	15	34	33	36	40	19	17	28	19	14	19	34	25	20	27	32	26	38	26	
On machine	2
35	21	49	11	17	8	36	9	41	47	11	31	42	47	7	7	41	24	14	48	34	18	49	37	24	30	43	22	5	22	11	49	7	11	21	44	40	28	44	31	
9	50	25	43	28	23	24	1	11	6	22	20	8	34	20	44	46	27	41	37	9	39	19	34	50	32	36	7	29	5	50	28	28	24	4	25	46	14	45	19	
21	18	11	11	48	17	8	4	6	6	45	11	25	13	41	5	24	43	40	25	24	12	10	36	26	26	30	25	3	14	33	38	7	35	21	24	36	33	32	47	
50	46	34	9	32	10	12	13	49	49	36	49	28	45	11	8	13	38	25	28	33	33	14	31	45	31	16	42	34	38	26	27	20	43	6	39	26	19	28	19	
31	45	50	23	29	2	22	3	31	6	48	37	8	4	48	16	3	20	50	24	2	38	37	44	26	33	17	41	1	16	2	48	40	28	31	24	12	14	15	43	
36	1	20	37	30	10	24	24	3	15	38	8	3	45	11	42	7	33	16	31	35	28	10	17	28	48	40	18	45	21	36	13	20	11	48	27	17	25	37	10	
46	21	13	28	27	23	50	46	2	2	7	1	36	37	2	24	16	9	38	22	31	29	40	7	4	28	19	15	4	21	7	28	33	7	20	12	34	20	9	23	
49	16	17	25	29	9	31	25	18	32	48	43	50	31	7	50	10	29	3	3	20	44	7	8	14	33	27	46	46	25	7	36	37	5	35	20	6	15	46	43	
1	31	1	49	34	7	38	27	41	30	50	39	49	5	37	43	40	7	25	2	5	41	30	7	2	35	36	15	2	13	30	7	50	30	50	9	50	24	8	50	
50	29	31	50	38	41	6	36	23	47	13	6	48	48	25	7	44	26	21	33	43	31	48	9	7	50	39	28	23	50	2	44	37	17	44	39	33	37	12	18	
29	35	30	32	28	6	30	30	49	15	14	40	46	30	32	4	40	39	35	30	19	9	11	12	20	33	6	39	46	16	42	16	2	43	5	50	35	48	6	22	
17	13	30	2	17	12	42	25	42	38	30	14	13	26	14	16	31	5	46	26	19	6	43	34	4	43	44	37	18	44	21	17	12	30	41	10	7	27	11	46	
24	23	42	22	33	45	36	35	38	11	15	22	14	19	50	38	30	45	39	4	11	48	50	46	16	34	12	31	16	2	11	8	14	38	8	29	37	33	23	4	
34	5	36	28	38	3	8	39	4	15	11	2	50	20	28	3	44	6	45	48	9	43	7	25	19	48	27	32	49	26	42	39	17	19	45	39	33	14	33	8	
3	33	18	29	15	3	11	40	4	20	19	33	20	29	38	46	33	3	3	11	27	26	5	33	49	45	11	25	20	21	2	47	50	5	27	43	6	12	11	26	
12	50	17	44	14	44	13	22	10	42	48	7	9	26	48	6	24	9	33	7	8	17	11	35	19	1	27	17	17	49	3	36	8	41	48	43	1	6	19	7	
40	7	31	18	17	20	10	27	18	23	32	28	47	31	20	43	48	30	1	14	12	18	15	8	4	5	47	8	47	2	18	28	45	40	44	43	21	40	26	3	
39	3	50	15	11	11	38	23	7	39	36	45	36	11	14	11	22	44	4	9	44	42	7	44	29	22	38	21	8	1	2	44	13	33	27	16	50	7	6	22	
2	10	27	14	33	3	13	38	6	45	14	14	36	37	28	5	28	5	21	39	10	9	50	15	12	4	37	15	16	10	17	47	32	43	46	39	44	41	27	45	
25	47	16	31	15	17	14	41	42	23	41	9	15	18	9	12	26	5	12	17	10	8	24	50	33	45	16	14	12	27	49	18	20	29	39	18	7	18	37	14	
40	18	20	25	1	41	25	26	10	50	27	11	45	31	1	14	4	40	25	27	11	47	10	2	27	16	19	40	1	9	26	39	38	31	38	39	20	24	15	40	
48	35	47	44	39	24	50	27	47	6	29	30	13	7	33	7	33	29	50	46	21	14	2	48	33	9	46	15	50	32	6	1	28	45	28	24	37	5	10	12	
39	25	43	19	25	32	47	13	22	3	14	39	21	45	6	35	26	2	25	31	7	35	31	1	34	18	31	24	37	11	31	16	48	28	26	48	48	38	42	38	
14	41	37	5	21	47	11	3	25	28	7	40	34	23	47	8	50	10	42	24	49	48	48	17	16	38	37	39	20	21	25	5	39	38	34	41	25	37	7	50	
14	9	1	25	27	37	21	21	24	17	23	37	17	10	10	34	8	45	33	3	28	50	17	18	31	38	11	37	17	2	41	5	34	38	41	31	25	23	22	49	
40	16	42	16	19	10	19	49	32	43	8	49	4	48	9	8	39	7	29	29	15	14	24	21	13	42	33	10	26	28	16	11	11	26	39	11	46	30	33	43	
49	44	46	12	50	7	2	2	41	29	11	33	35	31	33	50	42	37	7	1	1	8	4	39	33	33	15	1	20	21	23	35	33	31	25	24	12	21	35	37	
32	41	16	38	10	1	41	17	47	25	33	10	25	13	46	28	33	27	40	8	50	43	13	12	9	26	42	27	24	22	39	27	43	36	15	16	36	38	9	47	
1	8	42	29	18	20	12	47	23	16	15	33	25	50	34	48	31	15	23	24	32	12	37	2	48	24	29	31	28	30	40	7	42	45	34	12	37	7	25	14	
30	47	23	39	47	5	9	19	25	9	48	16	48	25	22	16	25	37	45	44	31	45	11	9	44	48	3	18	18	4	4	5	47	1	44	50	6	26	2	43	
41	35	39	44	1	7	16	1	12	25	50	10	40	9	5	9	9	11	33	21	13	28	35	27	46	48	16	1	18	11	1	30	19	13	9	14	33	48	44	37	
5	23	12	27	12	34	30	44	40	3	31	9	41	1	50	15	34	44	29	39	19	31	16	42	10	23	24	42	38	30	41	31	39	41	32	40	9	34	1	43	
5	9	30	45	2	11	36	45	49	13	49	22	25	48	17	46	48	38	15	24	40	37	48	32	36	35	40	19	6	29	39	49	21	39	31	4	30	37	23	42	
15	15	35	19	36	18	29	5	16	34	32	46	15	4	30	3	36	22	6	3	8	19	43	28	22	49	37	22	21	23	12	9	35	17	19	47	1	6	2	46	
14	23	48	44	1	20	27	2	38	31	5	49	7	13	14	48	7	3	12	14	9	4	46	23	41	34	20	12	32	32	43	5	7	17	30	47	20	47	50	32	
48	2	6	15	22	20	31	1	4	1	36	7	37	16	24	10	23	6	36	20	25	45	50	12	7	17	49	28	25	13	5	37	15	21	33	38	7	40	11	39	
13	27	28	21	18	29	23	22	27	23	37	2	10	39	45	46	44	44	38	40	21	33	35	46	40	31	33	45	50	3	14	30	27	39	44	22	48	22	22	25	
39	28	48	37	47	38	7	10	49	40	30	11	42	27	44	26	35	28	46	11	1	48	39	16	7	27	3	5	18	39	10	9	38	35	24	30	44	39	7	21	
28	29	24	34	7	35	21	25	1	44	37	40	13	11	8	35	31	3	42	41	4	43	1	12	40	44	3	11	29	8	19	38	26	43	2	28	48	13	19	4	
34	29	40	10	16	38	3	37	42	15	42	31	48	24	30	31	38	8	35	46	7	31	45	1	33	31	41	23	31	40	25	15	31	22	34	32	27	23	45	17	
On machine	3
44	32	42	20	22	16	41	13	14	1	9	5	36	45	28	44	44	13	8	45	38	13	40	27	32	46	20	25	10	15	47	16	31	39	4	46	50	44	20	25	
11	46	41	39	21	45	50	28	11	27	42	49	31	2	50	47	3	31	26	5	46	49	25	31	25	14	13	11	19	38	6	37	37	9	16	28	33	42	50	10	
8	50	8	16	25	11	34	49	16	7	31	49	29	47	9	44	12	49	11	46	33	44	2	23	4	20	31	12	42	49	23	24	5	43	11	38	12	46	45	34	
47	40	43	42	37	33	30	27	14	7	15	40	43	13	46	42	16	16	19	10	34	37	42	17	40	24	14	40	3	50	42	27	36	17	45	20	15	5	48	1	
17	8	19	48	19	15	50	27	50	1	25	35	26	43	18	45	48	25	34	19	25	6	44	20	41	14	39	26	2	22	26	43	21	18	50	46	12	40	3	39	
8	33	30	11	1	6	18	31	11	3	18	38	18	30	26	14	49	21	22	15	10	23	36	29	31	46	1	28	36	15	19	2	13	41	9	44	11	5	37	18	
32	14	32	17	42	26	1	20	30	3	13	21	28	45	28	30	41	18	16	32	7	4	29	34	2	6	28	29	35	38	41	16	9	22	33	26	33	14	42	30	
4	41	21	24	44	41	2	9	2	14	48	4	40	22	46	17	9	31	8	27	5	5	3	30	41	41	22	42	15	23	32	12	23	41	31	29	30	8	36	25	
47	31	7	22	12	7	35	21	22	34	9	25	33	8	20	39	6	2	36	40	43	15	21	47	39	5	50	21	42	27	49	32	3	23	14	39	5	45	21	36	
21	21	39	22	47	22	49	22	36	28	6	3	35	22	38	44	50	10	43	15	30	45	48	46	15	29	9	6	28	31	17	26	8	8	21	28	41	22	35	31	
42	9	36	47	10	13	36	22	22	18	34	16	46	49	18	10	13	23	41	14	25	43	32	47	14	3	26	31	7	6	47	16	32	39	21	45	2	25	6	45	
3	45	2	44	26	31	15	13	38	1	35	37	20	28	10	39	2	25	26	48	39	38	46	22	17	30	27	50	30	4	31	39	24	25	16	47	18	13	2	22	
17	12	2	41	39	24	2	15	2	10	5	8	12	6	49	36	39	33	17	26	40	40	50	44	13	45	21	34	23	44	2	45	8	22	15	39	38	17	22	38	
9	16	18	34	28	13	33	44	41	33	5	15	30	19	30	6	47	48	20	40	19	38	8	43	34	37	20	20	39	16	4	9	1	33	47	24	30	21	28	41	
41	37	32	6	33	39	8	37	39	27	20	15	3	47	41	28	1	30	50	35	30	31	3	28	20	8	29	26	37	22	7	14	15	20	29	46	9	38	13	27	
45	29	4	20	24	42	43	1	47	12	17	47	33	10	24	25	26	41	41	32	3	17	35	17	49	45	17	29	37	8	13	40	25	7	14	24	22	49	49	15	
42	48	36	30	33	38	35	21	43	50	36	6	30	21	47	13	47	43	43	10	43	25	37	38	36	46	29	43	43	14	31	8	25	3	17	36	46	1	18	1	
27	6	7	34	37	8	6	25	10	17	9	38	38	21	34	29	17	35	3	40	28	48	6	9	42	48	39	28	26	5	28	10	17	50	37	19	5	50	13	39	
40	4	8	41	28	44	13	45	6	19	34	36	2	20	30	24	32	8	43	17	3	29	27	2	17	12	17	2	2	11	11	18	20	30	8	26	7	15	21	2	
42	28	39	31	41	36	30	26	26	22	7	21	27	35	16	33	48	40	11	28	27	35	18	6	32	39	35	26	27	23	16	3	43	10	29	4	48	50	47	44	
38	39	17	5	10	4	38	47	31	17	24	39	24	24	23	6	9	28	2	3	46	12	27	5	45	2	37	45	29	8	21	38	17	7	20	46	2	26	10	2	
30	15	37	42	25	48	7	31	13	33	34	48	35	10	6	17	48	43	22	23	38	39	39	13	26	46	32	14	12	3	41	18	31	24	17	33	24	29	43	25	
24	22	42	28	46	18	32	33	20	8	16	33	45	27	43	48	44	12	28	25	2	14	42	43	17	37	43	41	49	13	42	27	37	20	49	25	15	20	9	23	
25	9	24	17	50	8	48	39	14	10	41	6	13	35	38	49	17	36	16	21	8	44	7	35	12	5	47	46	25	38	26	2	46	28	41	10	5	37	12	41	
14	5	44	14	23	15	25	28	49	3	27	21	11	38	33	28	8	5	40	9	10	14	36	27	9	17	5	26	43	24	14	19	37	29	18	32	23	26	6	41	
6	41	25	4	49	15	4	9	2	37	4	15	3	9	8	4	47	46	12	26	46	48	11	1	5	14	34	5	4	34	39	35	18	24	17	26	26	48	43	31	
32	20	2	37	19	6	11	34	21	25	45	11	11	25	12	45	26	50	21	21	2	50	14	13	11	12	33	4	1	26	50	20	39	44	44	13	36	21	13	24	
39	46	31	30	19	23	22	50	40	26	30	32	22	18	16	23	29	14	44	35	27	14	16	50	46	3	12	24	1	44	29	30	45	8	34	43	14	47	48	29	
1	38	21	19	20	20	34	11	48	31	11	9	38	42	3	41	24	23	26	48	26	13	26	21	47	26	12	38	10	7	43	23	13	14	45	21	46	3	20	50	
8	17	35	27	24	28	48	19	40	38	15	6	4	7	31	22	35	40	30	15	29	28	31	33	12	7	43	24	21	9	22	5	49	8	29	38	1	27	30	44	
32	49	47	31	27	5	12	25	50	4	8	50	35	26	43	23	16	19	28	43	11	24	11	41	44	30	38	30	19	31	17	35	17	27	19	17	39	9	11	13	
12	29	43	33	1	19	2	33	44	5	25	1	48	43	33	46	13	44	41	10	27	16	2	39	13	32	29	5	10	37	42	33	40	29	36	47	49	26	19	34	
26	45	45	36	30	30	23	38	43	32	50	7	23	13	1	31	33	6	20	44	34	13	29	9	24	36	46	23	21	7	33	7	46	15	7	47	39	50	8	49	
39	44	36	15	39	40	39	13	11	48	39	30	13	30	33	41	15	3	26	32	2	20	21	10	16	48	25	41	38	23	35	35	31	19	14	2	19	48	12	3	
10	10	27	20	19	50	44	46	29	18	34	42	32	28	34	32	2	15	32	8	20	21	15	50	7	45	3	19	27	47	27	42	9	44	47	33	5	23	37	47	
18	23	33	17	46	17	48	36	30	36	19	13	15	3	11	40	29	35	12	11	21	27	29	17	2	41	2	31	23	50	14	31	13	49	29	32	47	21	28	2	
48	22	35	1	16	33	46	47	17	1	26	31	29	37	37	47	50	27	21	23	41	37	37	44	10	8	3	38	33	29	31	33	29	16	5	24	15	40	50	11	
30	27	38	12	9	41	12	7	13	17	6	43	7	9	18	17	40	37	41	16	39	2	38	46	32	49	8	2	2	44	6	27	18	50	45	34	35	8	22	3	
34	43	32	26	7	27	1	15	2	8	38	8	47	34	4	35	1	41	17	30	19	17	28	40	23	42	38	33	48	12	24	35	17	41	32	43	35	8	31	42	
2	25	29	2	38	25	40	24	41	11	41	29	2	14	50	5	41	46	31	32	34	43	34	16	37	18	47	2	23	50	31	21	3	3	39	30	24	45	17	46	
On machine	4
8	3	1	36	26	17	45	36	32	8	43	22	17	32	42	1	1	48	8	32	1	9	12	10	32	38	1	50	37	30	8	30	40	7	41	45	43	38	32	13	
2	42	5	45	33	25	45	26	10	13	36	45	29	9	28	26	46	29	39	34	17	20	32	1	26	24	42	14	20	26	33	25	29	19	16	4	34	24	46	36	
1	8	10	28	34	45	22	28	34	50	50	16	10	31	15	25	48	18	47	31	11	21	26	39	33	27	37	46	20	19	41	39	46	21	49	48	10	28	11	24	
38	3	21	20	43	41	36	35	45	43	35	39	1	11	34	50	38	8	1	43	43	47	46	38	10	4	48	33	31	9	36	48	11	19	15	6	37	2	20	38	
15	7	47	32	2	25	37	30	33	21	49	35	18	39	40	46	27	2	25	4	37	26	30	47	25	24	34	5	36	18	44	36	43	17	46	14	50	7	50	18	
18	49	45	1	27	23	22	7	12	23	3	48	2	18	15	10	16	20	24	14	43	44	45	44	25	22	17	31	40	42	20	23	32	28	12	19	50	1	16	38	
47	50	31	23	30	11	20	8	34	26	15	38	32	43	2	4	11	2	40	44	1	48	10	21	42	26	45	39	33	26	35	6	47	33	16	24	9	33	33	18	
33	46	17	29	39	11	50	39	29	45	46	9	31	31	29	15	31	19	29	15	38	6	1	38	39	26	37	32	44	35	15	2	27	24	11	18	34	14	13	28	
43	38	13	4	23	34	10	3	32	33	11	36	25	15	46	2	19	36	32	29	17	19	34	26	16	21	37	43	35	5	40	49	27	7	23	11	19	19	6	41	
27	15	24	28	20	18	20	50	32	23	44	40	16	7	33	41	14	19	40	10	26	42	39	24	45	14	49	15	45	17	31	20	31	14	9	38	33	45	34	25	
18	50	9	15	37	23	11	40	17	3	9	15	7	31	41	20	22	6	22	3	43	14	20	38	20	36	15	29	4	36	22	34	4	19	38	23	14	46	9	8	
40	11	19	17	27	38	16	47	30	19	46	34	35	48	3	17	9	1	50	40	8	42	9	25	14	46	11	19	29	23	24	29	9	35	7	18	16	8	10	11	
45	7	15	14	45	26	11	17	40	37	41	3	47	8	13	45	3	22	21	41	12	24	28	13	18	34	14	34	38	44	25	48	21	9	16	13	9	10	40	35	
42	21	12	18	11	45	19	15	12	41	15	6	41	35	32	34	7	6	25	42	37	4	4	35	48	7	9	44	33	32	36	50	5	5	23	7	2	34	44	23	
26	29	30	38	29	48	6	4	6	2	43	13	27	26	15	30	12	43	27	28	36	39	24	50	38	5	43	4	24	28	7	12	16	19	29	44	2	38	12	5	
34	26	20	47	16	8	15	18	31	20	11	37	50	23	48	35	29	43	49	7	25	14	37	25	2	15	16	7	19	20	47	10	50	50	23	37	14	27	3	30	
9	39	42	50	45	20	15	19	1	47	41	26	27	49	1	14	1	3	50	3	5	28	40	2	40	3	34	5	12	36	15	39	47	44	27	26	35	25	21	41	
26	42	24	43	25	44	44	26	45	40	15	41	2	48	19	10	27	13	3	20	49	8	19	31	25	25	27	35	4	34	15	3	41	43	46	26	3	15	32	35	
2	40	3	2	32	4	40	26	13	12	25	9	33	28	14	40	45	11	29	8	30	30	23	1	12	35	16	18	39	26	20	14	17	16	29	50	16	3	36	18	
50	21	35	14	3	29	31	6	1	20	29	38	29	1	17	26	45	6	44	38	31	33	40	24	25	1	34	24	41	11	25	17	22	46	5	34	43	20	36	33	
9	20	10	29	12	1	15	15	38	12	49	35	7	7	34	11	33	18	28	43	13	24	36	46	45	43	34	16	25	20	37	5	45	33	12	32	21	39	35	14	
7	48	26	19	43	9	26	30	24	23	1	37	33	29	35	28	3	43	28	18	33	30	19	30	39	16	23	6	35	11	50	49	33	44	42	46	49	19	22	27	
22	25	46	14	33	14	2	42	8	12	50	45	18	42	20	48	50	1	10	39	12	14	36	41	47	16	40	33	19	19	47	33	37	21	33	43	15	22	48	48	
41	15	4	6	30	46	39	7	38	34	42	15	9	18	16	40	29	33	36	41	41	29	4	35	30	29	37	23	11	46	2	50	48	42	35	47	34	5	13	36	
8	31	3	47	19	45	14	2	42	21	33	42	24	20	34	34	5	17	40	11	19	21	24	15	25	1	10	3	11	37	21	42	4	50	7	24	44	18	17	35	
10	1	31	5	22	36	35	40	20	42	18	30	35	27	38	34	28	3	5	24	41	40	48	42	13	14	39	15	23	15	1	20	29	41	33	25	22	19	30	11	
29	28	34	42	39	38	5	15	21	44	37	35	19	39	22	30	23	50	43	46	10	2	46	20	41	37	1	26	45	20	16	33	40	7	9	9	10	10	11	25	
42	10	26	41	24	24	24	30	23	37	50	11	25	10	42	39	2	42	20	43	44	4	14	16	17	6	41	4	22	38	17	23	1	36	7	8	31	23	48	29	
13	29	2	44	37	29	38	12	19	26	33	41	2	31	19	36	18	49	46	40	5	1	22	49	1	45	34	31	17	33	7	6	46	26	17	9	10	47	4	16	
32	17	6	42	21	37	32	28	40	38	37	31	29	50	3	23	49	49	16	31	24	23	25	4	38	35	29	16	46	25	35	27	44	24	14	19	16	18	46	41	
35	32	32	48	6	37	39	6	15	28	10	26	25	13	29	39	42	34	20	1	41	43	32	12	26	13	21	17	1	22	29	16	19	24	36	42	6	37	6	6	
20	12	5	44	42	11	42	29	36	1	11	26	29	50	5	33	14	50	16	46	23	47	2	21	22	46	16	25	19	8	15	41	14	7	38	42	31	9	8	16	
20	3	9	21	3	50	6	33	26	8	11	12	30	49	32	22	42	16	29	6	16	14	36	9	33	32	14	39	28	22	42	34	22	24	38	6	44	13	41	47	
44	8	9	28	33	50	6	48	41	38	4	34	30	2	30	17	41	30	18	48	35	16	22	19	6	37	33	45	12	50	40	23	36	14	21	23	25	28	3	34	
13	2	28	23	17	10	1	35	7	15	4	8	24	27	31	12	15	18	48	34	16	23	28	36	17	4	48	2	16	27	26	47	20	50	46	47	28	42	24	46	
25	1	35	23	25	28	41	36	42	43	5	44	50	13	32	6	16	46	49	14	31	14	20	13	38	30	26	27	27	40	30	7	10	6	32	7	24	29	17	24	
47	13	17	26	38	24	40	34	47	26	6	37	28	24	18	7	26	9	45	10	48	15	10	25	8	33	38	35	20	41	30	4	37	28	41	6	2	40	29	9	
21	14	6	27	14	47	46	10	40	22	2	23	37	32	47	30	48	9	40	12	7	30	7	49	20	10	35	11	48	22	49	23	50	8	33	37	9	25	1	2	
4	42	4	1	10	43	27	50	38	28	11	50	34	32	3	42	18	48	38	22	49	32	10	41	10	17	6	10	2	37	25	22	38	45	48	26	46	34	29	41	
4	20	36	12	30	34	25	11	17	37	6	21	41	48	44	24	9	22	3	4	48	13	30	4	16	11	7	26	5	15	23	19	22	19	5	1	23	28	26	50	
