Factories	3
Families	40
Machines	6
SetupType	2

Number of Jobs in each Family
3	5	3	9	8	4	3	8	2	1	9	4	9	8	4	9	7	2	6	3	7	4	7	3	4	1	1	2	4	6	5	4	9	9	10	8	7	9	3	4	

Jobs in each Family
0	1	2	
3	4	5	6	7	
8	9	10	
11	12	13	14	15	16	17	18	19	
20	21	22	23	24	25	26	27	
28	29	30	31	
32	33	34	
35	36	37	38	39	40	41	42	
43	44	
45	
46	47	48	49	50	51	52	53	54	
55	56	57	58	
59	60	61	62	63	64	65	66	67	
68	69	70	71	72	73	74	75	
76	77	78	79	
80	81	82	83	84	85	86	87	88	
89	90	91	92	93	94	95	
96	97	
98	99	100	101	102	103	
104	105	106	
107	108	109	110	111	112	113	
114	115	116	117	
118	119	120	121	122	123	124	
125	126	127	
128	129	130	131	
132	
133	
134	135	
136	137	138	139	
140	141	142	143	144	145	
146	147	148	149	150	
151	152	153	154	
155	156	157	158	159	160	161	162	163	
164	165	166	167	168	169	170	171	172	
173	174	175	176	177	178	179	180	181	182	
183	184	185	186	187	188	189	190	
191	192	193	194	195	196	197	
198	199	200	201	202	203	204	205	206	
207	208	209	
210	211	212	213	

Total number of jobs
214

Processing times of jobs
5	6	2	3	5	6	
6	3	6	2	6	2	
8	7	7	4	5	1	
10	9	8	1	6	6	
1	9	1	10	3	2	
6	4	3	2	5	2	
1	5	5	5	4	10	
6	6	5	6	4	4	
9	6	3	9	9	6	
7	8	6	10	8	3	
9	3	3	4	10	6	
4	2	2	6	10	2	
10	4	6	10	4	2	
9	7	5	2	4	10	
8	7	9	10	2	1	
7	2	10	5	8	2	
1	5	4	7	1	4	
5	9	5	3	2	4	
9	10	10	3	9	10	
6	8	7	3	1	8	
9	3	6	1	10	1	
3	9	9	5	5	7	
9	7	7	6	9	6	
8	2	9	2	10	1	
8	5	5	10	7	3	
7	3	8	10	4	2	
8	9	6	5	2	3	
3	5	4	8	8	5	
7	5	3	8	9	10	
5	1	7	3	7	2	
10	1	9	2	10	2	
1	1	7	6	3	5	
6	10	2	3	1	2	
7	5	9	9	5	8	
9	3	8	9	1	5	
4	6	2	10	4	5	
5	8	6	9	4	7	
9	9	8	10	10	5	
10	5	6	2	1	4	
3	3	5	6	3	8	
1	10	2	8	3	1	
7	4	9	1	10	2	
2	8	5	1	4	2	
6	4	6	6	4	6	
4	7	8	10	8	6	
5	5	2	6	10	5	
8	6	6	8	9	5	
9	6	6	8	3	10	
7	9	1	3	1	2	
1	10	9	7	6	3	
8	3	8	6	5	10	
6	6	5	8	4	5	
3	1	7	5	5	5	
10	4	2	5	7	6	
6	3	6	6	3	6	
1	8	8	9	5	5	
10	2	7	3	8	2	
9	9	6	8	6	3	
4	6	8	1	10	7	
7	9	8	2	1	10	
3	1	10	10	5	10	
2	7	8	7	1	4	
2	2	5	10	1	4	
2	9	8	4	7	1	
4	1	5	6	8	5	
10	5	7	9	8	5	
2	2	9	10	4	10	
7	7	9	6	6	7	
5	2	2	8	3	3	
3	1	6	8	1	10	
3	3	9	5	8	10	
9	9	6	9	4	10	
1	1	1	3	2	5	
10	5	5	7	1	3	
10	4	8	8	3	9	
9	9	1	7	6	1	
3	9	2	1	6	5	
7	4	2	1	7	3	
4	2	3	4	8	5	
1	6	4	2	4	8	
5	10	3	7	7	1	
7	3	5	4	9	3	
9	4	5	10	4	7	
10	9	4	2	5	8	
1	6	1	1	4	3	
3	7	1	4	1	9	
6	1	4	1	7	2	
4	7	3	6	5	6	
2	3	2	9	1	5	
7	9	6	7	5	5	
3	1	2	4	7	7	
8	3	1	2	8	4	
8	6	7	6	7	4	
1	7	1	3	10	7	
5	1	1	8	10	1	
7	8	8	10	7	1	
8	6	8	2	7	4	
3	4	3	10	8	1	
3	5	4	3	2	9	
2	2	3	10	1	8	
2	9	3	4	10	2	
2	10	1	8	6	8	
3	3	1	3	9	5	
3	8	7	4	6	1	
9	7	7	8	2	10	
1	8	9	10	7	6	
4	1	3	10	1	4	
1	5	6	9	10	8	
7	9	8	9	6	1	
5	3	1	3	7	7	
5	1	1	5	8	10	
4	8	9	7	6	5	
7	4	3	10	1	1	
8	4	3	7	9	8	
9	2	5	5	3	5	
2	10	2	9	7	8	
10	7	8	1	3	4	
9	3	7	6	10	1	
9	5	5	4	6	2	
7	9	10	2	8	8	
8	3	8	10	3	4	
1	8	2	2	6	7	
5	2	10	9	6	8	
8	7	10	8	1	6	
9	7	6	7	1	2	
3	10	1	5	1	3	
2	10	3	2	7	4	
9	10	4	1	2	4	
1	10	7	6	1	1	
9	6	1	2	5	3	
9	3	10	3	4	1	
8	9	1	4	7	3	
1	5	1	3	1	1	
4	2	5	6	6	6	
7	7	1	4	5	3	
3	9	6	7	4	4	
5	3	6	5	1	7	
10	9	7	8	10	8	
9	4	2	5	3	5	
7	6	3	8	6	4	
2	6	9	3	1	4	
10	9	1	9	7	3	
4	6	6	6	1	6	
6	1	10	5	3	7	
8	4	5	8	8	6	
9	9	7	1	2	4	
9	6	10	6	6	6	
2	7	7	9	3	8	
1	5	5	5	1	7	
3	8	9	8	4	8	
1	3	8	5	2	2	
8	8	5	3	10	6	
3	7	5	3	8	5	
1	10	6	2	10	2	
2	3	10	7	9	9	
1	5	7	9	7	4	
6	8	2	1	2	3	
2	9	5	5	10	6	
7	2	10	1	3	4	
5	2	4	3	4	5	
5	9	6	5	8	4	
4	2	8	2	7	10	
5	6	2	10	5	6	
7	1	7	4	6	9	
2	5	3	6	3	5	
10	10	3	5	8	2	
3	8	5	8	7	1	
5	1	3	8	8	10	
4	2	8	4	5	7	
2	10	2	1	10	7	
4	4	6	2	2	4	
5	1	6	9	5	5	
1	3	1	10	2	1	
10	2	9	2	8	1	
7	2	10	10	1	1	
7	9	6	5	1	1	
5	1	4	1	3	9	
8	4	8	3	1	8	
3	6	7	8	2	7	
5	8	5	7	1	8	
4	6	8	10	10	4	
1	8	5	6	7	4	
1	1	5	10	4	5	
1	8	6	6	3	10	
10	9	4	10	2	8	
6	3	5	9	5	9	
3	8	3	4	9	9	
3	4	1	8	4	10	
9	6	10	4	1	6	
10	4	9	5	10	9	
8	4	9	5	1	7	
3	4	5	8	7	9	
8	8	6	1	5	5	
6	1	2	7	10	8	
9	6	6	3	8	4	
5	7	8	4	8	8	
7	10	4	3	9	10	
5	3	1	9	8	5	
3	4	5	8	5	2	
2	6	5	10	5	10	
1	5	9	3	9	10	
3	6	10	8	1	6	
6	5	7	4	4	2	
9	2	4	9	6	8	
1	6	10	8	9	5	
7	10	1	6	2	5	
8	9	2	7	3	2	
5	10	5	8	3	5	
4	3	1	6	8	1	
5	9	7	9	9	3	
5	8	4	9	3	3	
2	2	6	8	10	8	
2	3	2	7	6	1	
2	8	5	6	8	8	

Stepup times between Families, where [f][f] represents initial setup time
On machine	1
10	13	17	49	18	14	35	42	48	48	35	50	29	37	16	31	20	41	36	22	24	17	23	15	27	45	46	7	4	19	26	3	28	46	42	31	11	4	40	11	
4	7	24	9	30	47	1	23	35	28	48	1	6	13	21	5	24	9	43	11	33	17	40	42	20	48	1	1	3	47	48	46	16	25	44	2	18	6	7	34	
27	32	11	21	43	2	27	6	45	49	12	49	45	43	22	43	3	3	38	21	45	24	5	44	25	16	46	14	20	44	29	46	19	8	25	27	17	12	44	32	
23	1	7	9	43	4	30	49	22	19	5	42	1	28	24	47	50	36	32	33	28	30	47	49	26	21	4	7	36	4	44	9	44	14	12	29	35	50	34	26	
29	32	46	32	36	13	16	5	12	7	36	33	29	12	39	31	19	46	26	27	10	11	48	36	1	29	41	50	2	46	20	6	14	8	41	12	44	11	11	13	
46	43	39	24	36	20	17	4	29	21	19	14	43	27	22	35	14	47	11	2	32	14	22	8	30	26	17	10	23	1	16	17	21	50	40	1	12	6	5	28	
7	46	44	26	50	14	2	8	9	18	20	33	7	8	8	6	47	39	33	18	12	39	9	15	3	18	37	33	4	39	30	4	14	48	45	29	47	23	3	48	
34	1	48	45	46	26	12	26	46	46	33	3	12	21	48	24	25	10	43	6	24	45	32	33	35	50	11	2	9	35	10	35	29	33	8	25	43	25	17	28	
18	27	8	49	39	29	3	33	33	39	36	10	47	32	34	39	11	34	3	2	36	43	18	47	43	14	42	48	50	9	33	13	20	21	32	25	25	2	50	18	
11	6	26	21	1	33	43	30	40	31	7	49	4	16	10	21	13	21	14	42	43	28	12	32	9	45	25	43	5	40	41	21	50	29	23	50	25	11	11	19	
13	28	31	3	8	38	12	27	4	40	12	21	21	7	28	41	27	11	11	43	5	8	31	8	19	20	37	46	31	22	10	2	9	11	11	10	5	17	38	22	
16	42	32	35	40	33	11	48	5	25	10	8	24	11	6	47	4	50	24	48	4	37	24	49	49	11	1	1	7	26	15	18	42	35	44	37	49	8	21	13	
19	42	6	20	5	20	17	21	19	36	8	23	19	35	39	13	28	33	20	46	48	14	1	43	17	12	40	19	2	41	2	19	36	23	38	33	45	13	49	25	
5	41	27	48	28	24	22	38	15	31	1	15	23	9	38	16	50	36	9	23	12	38	43	32	26	10	2	5	17	50	32	33	20	37	38	36	20	41	20	30	
35	36	30	49	18	18	16	7	38	41	19	12	46	34	17	24	20	22	33	25	16	3	34	43	1	12	9	50	9	49	17	8	38	21	4	46	38	6	9	20	
21	16	24	19	15	22	16	50	19	42	48	42	31	48	18	36	41	10	44	41	2	8	42	2	31	8	39	49	50	3	21	50	46	46	10	30	38	10	27	23	
21	26	7	22	19	1	45	16	7	39	25	13	11	6	41	33	13	27	47	12	43	50	8	43	15	44	27	17	2	49	4	21	41	15	10	17	18	45	31	39	
22	19	38	24	39	10	44	9	39	7	8	21	14	31	21	47	7	36	25	23	10	38	49	46	39	6	35	15	35	15	33	30	19	48	47	17	47	27	43	22	
20	33	34	33	32	27	14	47	40	42	36	26	16	30	48	15	30	41	42	25	2	36	47	19	1	16	20	24	18	48	32	1	9	40	2	8	28	45	3	50	
7	9	42	8	33	47	36	36	40	11	42	26	45	16	13	20	50	29	36	9	29	21	35	48	1	36	4	27	2	21	38	14	7	48	22	5	14	3	43	1	
30	31	43	32	42	37	41	34	19	34	7	43	44	26	29	45	30	13	17	6	45	20	3	49	31	11	6	2	20	23	4	40	39	29	21	11	47	10	35	34	
16	42	45	50	36	19	18	33	37	37	14	47	10	19	44	38	26	17	37	26	20	44	16	16	12	28	47	35	7	44	37	44	45	24	12	21	35	33	7	21	
4	34	33	23	18	2	41	33	46	23	44	4	23	14	7	32	36	28	13	43	24	38	15	26	45	46	34	36	15	30	35	37	22	46	48	28	2	4	8	20	
38	3	17	49	28	10	24	28	36	9	23	31	22	21	25	26	19	19	1	43	33	36	22	47	3	25	29	38	31	32	39	23	5	40	50	30	43	3	30	28	
29	11	29	45	5	19	4	46	37	49	7	29	44	2	4	33	34	33	14	4	36	26	13	3	38	45	16	15	13	43	16	44	25	3	36	20	28	50	34	21	
29	36	6	48	39	40	48	37	44	44	20	44	21	37	36	8	23	24	2	48	44	23	7	21	19	49	44	7	40	11	16	44	2	44	6	26	3	45	19	12	
19	27	32	12	27	23	34	20	34	14	34	1	32	34	29	12	20	21	3	14	30	43	35	23	16	12	44	24	26	16	5	5	34	47	34	1	38	43	31	26	
3	8	31	7	28	6	7	21	21	8	50	17	27	2	4	22	6	24	22	6	6	21	49	46	37	11	25	3	31	28	35	31	36	30	27	48	45	5	11	22	
11	23	11	14	1	33	20	6	16	26	9	40	30	35	33	3	39	7	19	35	38	10	17	31	30	16	10	41	47	36	31	41	17	42	6	17	30	47	31	31	
14	45	10	47	30	27	5	28	18	32	30	13	46	10	28	20	21	15	46	27	42	16	37	10	40	4	43	30	31	16	48	15	4	32	6	50	7	32	7	28	
31	14	36	25	36	14	42	47	38	50	19	33	31	28	15	26	6	22	38	27	30	36	30	21	36	1	46	29	6	24	1	14	23	39	1	44	30	37	42	48	
47	8	45	19	34	27	17	26	48	40	32	32	44	4	41	9	33	28	28	10	44	9	47	30	31	25	36	14	5	34	46	29	28	4	37	15	16	15	11	2	
5	15	20	23	44	25	4	45	39	16	19	31	14	40	35	44	30	15	13	14	27	25	6	29	42	30	9	43	45	40	45	44	8	28	46	14	45	16	27	46	
9	33	10	8	46	24	26	8	24	15	43	12	9	27	50	14	50	40	6	39	1	29	20	15	11	41	15	8	34	20	34	1	35	35	17	31	15	20	40	43	
2	7	19	26	33	47	30	12	48	1	41	29	33	17	32	15	46	42	19	42	25	45	30	18	36	30	17	28	49	44	34	43	30	4	9	13	4	3	24	24	
24	22	38	21	20	4	10	28	27	18	46	24	1	41	19	25	6	31	2	9	6	44	45	18	16	29	39	15	39	49	12	24	25	43	43	15	42	15	3	25	
50	12	2	30	6	23	6	20	7	19	14	10	9	8	9	33	3	18	27	10	9	25	23	15	19	13	12	27	5	23	1	50	48	17	39	25	23	46	43	3	
48	30	28	45	15	22	14	25	16	16	45	15	25	20	31	45	31	27	37	28	26	8	18	12	29	50	45	9	12	30	49	43	7	34	16	7	14	50	43	46	
46	46	12	32	25	16	47	42	32	25	39	7	9	1	45	43	26	23	37	36	2	24	6	49	7	25	35	33	40	35	45	22	16	12	43	31	34	9	30	7	
45	41	40	9	49	5	21	27	42	46	33	27	16	49	48	31	42	44	5	39	16	10	6	30	30	12	42	3	21	38	20	10	35	22	11	46	31	20	40	35	
On machine	2
8	38	14	28	50	45	39	1	49	41	47	37	41	10	21	34	42	3	6	27	9	36	41	41	42	8	22	16	16	11	23	7	11	14	33	49	41	9	13	8	
34	46	47	46	5	41	38	18	8	38	33	3	14	15	12	41	27	17	8	24	5	14	8	39	44	16	32	25	33	50	45	6	3	2	5	2	35	42	3	18	
41	34	3	27	28	33	40	42	46	47	37	42	4	2	17	6	10	31	11	40	9	6	16	1	8	44	39	31	1	27	28	7	31	50	28	7	45	9	43	24	
10	23	41	10	46	34	34	14	1	42	30	49	15	44	4	36	15	2	49	41	31	11	23	12	24	40	6	47	35	39	24	40	37	47	21	43	3	2	45	27	
48	41	3	46	12	7	18	37	31	18	32	47	9	9	32	47	6	2	28	26	11	13	17	11	2	2	21	36	22	27	2	22	9	1	37	25	27	17	34	22	
1	15	35	16	9	27	29	10	20	33	4	39	41	35	22	49	22	45	24	27	23	37	20	22	15	4	26	33	5	24	26	24	13	23	22	32	16	6	23	37	
50	36	25	20	16	20	5	28	20	1	9	37	17	25	13	9	4	31	10	6	35	39	16	16	8	18	4	5	34	2	36	34	21	45	18	39	38	9	12	49	
11	14	2	23	23	46	32	45	36	33	47	16	29	21	46	23	22	6	43	9	26	36	23	26	1	7	35	33	31	22	9	28	49	48	32	12	14	31	4	2	
31	32	9	34	4	19	2	36	15	2	47	39	49	1	23	24	43	43	36	14	6	43	7	37	31	9	24	2	25	22	9	32	18	5	50	23	38	29	23	40	
1	35	10	28	27	37	6	12	28	5	5	26	22	14	2	50	41	9	19	26	14	7	43	45	43	25	42	14	30	44	25	50	36	43	4	12	18	49	40	40	
11	8	30	2	21	40	19	10	41	48	8	6	26	21	46	19	16	28	35	6	24	29	11	37	3	45	38	45	10	32	10	45	3	23	46	41	25	5	3	15	
46	45	13	32	50	39	14	35	21	12	1	36	47	36	50	8	20	34	32	21	3	10	49	18	21	20	38	36	27	35	26	15	17	5	25	11	47	2	2	44	
9	17	5	27	42	2	38	39	16	34	41	34	40	4	23	6	10	32	22	9	11	3	48	47	18	3	28	43	4	8	36	15	13	30	13	6	3	33	27	44	
44	14	20	45	1	29	15	37	36	30	15	2	2	12	41	48	19	17	10	10	48	38	4	8	18	47	8	34	1	28	28	7	30	38	3	43	43	43	21	11	
4	38	31	35	47	4	43	14	21	30	5	29	28	31	27	31	19	12	5	29	28	43	22	27	24	29	10	30	8	50	3	18	14	34	16	20	5	21	27	39	
24	38	15	42	37	5	27	47	18	46	30	27	37	3	5	47	34	6	39	30	36	33	7	10	22	31	34	49	3	16	42	8	25	36	24	5	22	6	40	9	
5	47	49	14	36	5	36	7	6	1	24	20	36	19	27	35	37	16	45	42	30	19	10	3	40	25	12	49	7	9	34	18	15	26	39	1	42	43	27	21	
49	23	13	16	11	47	5	35	50	4	46	43	47	18	30	16	31	37	45	22	3	33	42	45	4	36	23	15	44	40	34	19	38	8	36	30	33	31	49	29	
33	5	9	34	24	1	4	36	27	31	35	7	15	27	48	19	35	11	49	22	39	45	1	4	31	5	24	3	18	4	19	50	40	27	45	48	50	17	14	43	
7	43	13	12	38	29	2	17	31	48	4	6	32	5	16	47	35	41	5	21	25	17	38	40	12	20	11	18	44	23	22	1	13	26	39	41	21	13	17	40	
35	50	30	37	18	24	37	7	34	20	39	45	32	40	42	39	15	26	47	19	29	23	28	11	19	21	23	41	25	11	5	3	18	20	15	24	32	20	16	41	
40	9	36	39	44	36	37	42	4	21	7	43	36	17	27	11	22	50	25	8	33	45	48	48	22	2	33	29	18	40	7	18	1	35	38	49	38	43	9	49	
26	23	45	35	36	31	45	26	22	48	19	27	1	41	4	15	32	2	50	46	43	43	49	5	21	21	19	46	35	50	46	44	2	10	33	47	8	3	27	32	
48	24	30	18	26	47	1	50	38	43	40	44	46	45	40	35	49	17	3	18	42	18	12	30	27	8	40	9	8	50	16	25	49	36	11	19	12	23	16	14	
21	50	2	9	28	45	15	35	23	35	47	39	10	5	45	1	2	34	14	12	25	15	4	24	16	19	4	43	24	25	38	45	5	2	4	30	8	50	7	15	
20	50	1	4	30	15	24	49	20	37	24	32	45	6	31	31	50	17	12	2	46	20	25	11	3	15	45	34	35	32	31	37	27	11	22	28	34	45	49	21	
49	26	2	45	43	5	3	36	4	23	21	12	21	37	34	21	16	39	24	20	12	38	50	1	50	34	13	30	41	41	50	19	28	19	13	49	35	9	42	16	
9	36	49	24	50	49	35	34	42	16	5	16	15	27	46	26	45	8	6	12	17	35	5	28	6	32	19	27	10	41	37	49	21	40	14	46	25	8	50	32	
45	16	2	42	29	37	46	35	32	36	37	32	46	31	44	24	2	8	18	18	47	3	22	1	31	6	16	36	11	26	31	45	20	39	26	38	47	35	43	20	
9	16	21	18	39	18	27	13	49	36	23	28	34	40	32	7	26	41	37	23	44	30	46	12	15	27	20	31	16	14	49	43	33	23	5	48	33	4	48	28	
46	47	40	35	50	13	21	6	13	7	41	21	8	19	47	5	21	36	48	12	45	28	39	36	17	46	39	25	16	40	13	49	24	36	14	35	27	23	20	42	
45	32	43	33	20	26	49	34	17	16	49	14	47	13	37	18	13	47	34	33	38	35	16	48	30	7	3	9	26	50	45	7	9	36	37	29	26	42	2	43	
42	44	31	23	43	30	33	26	48	4	2	46	6	46	28	44	26	12	16	31	31	38	28	16	38	17	35	1	12	37	35	31	9	43	20	42	26	34	34	3	
40	22	5	24	50	23	5	14	41	12	41	3	49	24	32	39	4	21	13	26	2	27	47	1	19	32	2	13	19	28	42	8	49	2	1	44	41	30	19	4	
49	14	2	2	9	39	19	12	32	36	47	2	11	21	32	25	47	3	17	46	14	40	46	40	39	19	48	8	40	7	22	12	48	2	33	39	35	44	2	27	
28	42	13	13	15	8	18	27	14	50	19	4	26	44	14	50	34	48	40	14	16	38	50	38	39	23	40	50	37	43	5	41	36	39	1	28	43	20	31	19	
8	8	26	39	14	12	17	23	31	37	31	21	28	39	37	38	37	33	8	49	36	36	41	6	21	47	16	22	1	17	49	14	28	4	6	3	41	20	35	16	
34	32	11	36	11	34	1	19	10	5	5	11	26	3	32	36	26	18	31	37	32	24	45	47	15	32	46	20	32	12	36	9	22	24	3	37	4	9	41	42	
15	14	30	42	6	28	20	50	33	30	50	37	9	39	27	40	44	13	26	49	48	26	18	12	12	32	23	38	5	28	5	37	36	6	49	20	19	17	28	39	
12	42	24	4	5	8	32	49	40	24	11	19	26	40	13	9	48	34	9	6	3	34	7	22	30	50	29	27	30	30	9	13	46	5	41	42	23	5	34	50	
On machine	3
44	28	2	48	44	50	16	3	48	39	13	15	44	32	9	17	47	11	30	12	12	7	21	34	3	34	35	22	2	47	20	43	43	25	7	36	3	10	38	15	
2	16	1	21	32	3	7	11	40	32	34	48	10	34	31	1	30	35	36	35	43	31	8	7	45	17	10	22	43	18	9	39	24	11	39	16	41	7	9	15	
22	33	34	7	13	40	9	50	25	30	47	29	16	47	18	47	15	29	34	34	34	18	4	3	37	19	43	31	25	50	11	41	12	32	42	33	14	16	4	19	
18	50	46	2	36	32	1	19	9	18	43	46	29	15	15	23	2	9	26	49	9	17	21	39	39	38	33	6	1	33	34	33	6	36	14	19	40	17	21	17	
11	33	24	43	11	44	50	16	9	13	2	42	40	33	45	29	35	24	49	41	13	5	17	22	46	28	13	24	19	44	29	50	22	18	25	41	32	15	33	21	
47	7	31	14	9	38	42	46	43	22	15	10	18	38	13	32	20	7	38	35	12	48	38	4	7	12	47	14	38	21	36	15	4	12	40	9	30	19	48	38	
11	31	3	17	42	7	5	14	16	50	49	17	26	29	28	27	16	49	50	31	32	9	47	19	6	13	23	38	40	35	37	11	29	38	3	23	13	41	37	24	
45	29	24	16	44	48	13	44	27	44	36	8	8	27	3	38	33	37	8	50	16	28	9	34	26	43	33	37	35	3	5	19	11	29	33	50	8	24	1	13	
23	18	11	39	47	16	22	35	25	39	49	33	29	1	2	22	41	13	33	29	23	9	4	25	39	27	22	22	11	23	38	43	12	23	42	25	24	28	41	15	
13	1	21	39	36	33	16	17	1	35	36	47	46	15	24	24	32	27	44	5	11	8	32	34	9	24	15	19	22	44	9	1	35	39	12	46	38	32	35	23	
25	31	12	46	13	45	43	31	13	18	3	44	38	50	7	2	2	27	15	13	28	21	42	3	36	24	11	13	44	3	42	35	39	46	8	20	10	39	47	2	
15	9	39	16	23	49	22	18	39	37	41	31	23	13	40	19	17	9	36	6	50	41	19	35	43	6	42	45	10	15	14	23	9	26	37	22	31	1	49	40	
22	1	39	18	10	3	16	31	38	38	8	41	11	24	28	39	10	32	11	37	30	35	12	39	26	35	49	49	10	13	8	28	45	11	26	44	15	32	31	40	
1	22	12	41	40	4	14	33	6	5	31	11	41	5	47	14	4	37	43	34	34	36	21	29	29	22	33	7	41	20	1	5	43	46	48	28	8	16	9	8	
18	1	28	38	40	27	38	10	2	21	17	20	20	33	40	9	29	31	35	49	12	20	1	32	33	22	30	13	8	35	23	23	43	41	33	10	32	32	21	16	
7	8	22	35	40	11	1	4	47	16	11	11	14	38	41	19	7	29	9	28	23	34	30	11	49	41	20	37	44	45	48	17	26	10	22	29	39	24	20	37	
38	50	7	37	48	17	29	30	11	34	15	37	30	12	23	49	14	12	34	47	44	17	33	43	44	42	13	20	5	18	15	17	16	30	12	43	31	4	25	16	
50	21	9	29	42	15	42	26	39	11	33	25	27	46	10	18	16	35	24	11	16	36	35	40	5	2	34	11	35	47	1	32	50	32	37	24	20	13	12	15	
32	19	26	22	6	8	25	44	25	27	17	11	5	15	42	22	46	6	49	33	36	33	13	39	12	40	28	17	40	27	21	23	26	16	33	47	24	40	44	35	
25	25	36	14	17	35	17	49	12	41	11	48	21	47	15	42	29	10	40	20	41	18	22	29	42	8	28	23	10	41	13	13	27	17	21	18	34	41	7	41	
11	38	24	31	50	35	45	44	32	21	49	31	34	26	38	31	28	15	13	29	37	22	40	36	1	40	16	7	28	4	4	23	26	38	28	17	6	7	22	28	
44	44	13	19	6	20	2	15	6	13	12	16	18	19	40	32	41	18	43	32	14	6	20	6	31	24	23	36	29	13	14	29	31	13	5	24	48	31	31	50	
2	44	6	49	21	50	1	13	30	46	10	37	30	26	30	24	28	42	27	26	3	15	4	4	12	6	13	36	27	33	29	46	34	13	49	3	23	27	35	47	
11	35	22	12	5	1	26	41	18	36	27	42	32	25	27	33	47	50	42	34	50	47	9	47	47	31	40	34	40	2	30	3	47	3	31	22	8	33	29	30	
33	41	3	14	28	45	46	8	10	42	47	49	33	1	37	48	39	41	45	38	18	13	44	4	47	5	25	48	16	17	15	29	11	38	38	18	46	39	8	49	
38	14	12	15	47	42	26	34	19	13	45	10	18	38	16	28	5	28	38	28	46	41	37	18	44	3	47	37	45	35	11	23	36	25	39	20	39	21	22	27	
15	29	22	38	49	49	47	19	7	1	4	50	6	44	1	42	35	7	43	25	29	18	16	37	25	26	26	38	42	4	38	48	37	48	36	6	38	32	43	44	
35	48	25	5	9	1	7	18	24	49	35	35	3	7	50	49	22	31	11	29	5	36	50	6	26	25	34	23	42	34	5	21	20	23	31	41	47	6	25	33	
46	5	3	13	19	11	41	23	47	17	21	24	41	38	19	50	5	25	24	47	37	14	33	38	7	43	38	38	15	10	5	40	39	46	42	33	33	18	48	39	
12	3	37	38	43	42	1	44	32	27	17	44	25	39	29	38	43	31	9	48	17	11	32	36	2	7	7	44	42	45	43	50	6	21	7	25	12	12	21	25	
25	19	23	11	34	41	25	33	21	9	4	26	48	36	18	30	22	32	10	16	33	38	18	9	7	16	26	43	35	2	37	31	43	1	31	19	25	12	33	37	
37	26	4	11	25	20	30	23	28	9	38	19	2	4	46	43	46	6	4	32	12	14	38	20	2	18	13	24	28	23	3	33	29	27	18	17	23	28	47	48	
5	25	33	26	18	8	13	27	18	44	33	39	44	10	44	23	7	11	9	36	37	39	29	45	44	48	38	40	11	36	47	29	31	5	47	16	7	16	24	44	
20	39	41	14	44	32	41	36	5	30	24	15	42	5	40	12	50	24	24	30	27	34	10	24	5	28	18	3	3	1	31	11	9	31	16	7	47	12	31	29	
17	6	9	11	20	23	28	28	40	18	15	8	18	37	29	43	35	6	17	19	45	47	35	15	49	37	50	6	14	50	18	5	38	11	36	9	41	45	4	39	
17	16	50	48	7	22	27	33	2	26	44	36	2	3	4	11	11	1	50	23	43	36	33	22	1	34	20	14	18	31	27	14	36	39	35	42	21	46	14	32	
30	41	16	26	25	44	22	13	7	16	16	17	41	40	10	8	3	20	45	34	15	3	19	5	48	32	41	3	13	41	31	40	14	39	50	14	13	38	17	47	
5	49	37	19	40	28	44	42	40	27	26	31	9	47	4	2	24	17	36	14	44	4	50	16	9	17	28	49	2	36	23	31	48	12	34	30	47	23	21	44	
5	44	13	34	31	25	37	46	45	32	24	29	15	40	9	19	40	35	14	11	18	29	19	34	21	30	39	22	38	32	32	31	43	34	3	29	2	25	21	37	
31	6	37	2	31	1	12	49	10	48	36	20	30	23	32	29	11	6	38	35	2	2	25	29	45	42	41	2	23	17	10	19	9	32	43	27	9	17	11	36	
On machine	4
29	3	26	32	48	48	26	8	5	38	46	12	32	27	42	12	40	36	37	10	27	14	7	49	48	13	24	29	39	47	42	33	28	10	26	38	37	49	24	15	
3	19	42	35	29	29	28	27	13	18	4	31	45	41	46	12	41	12	45	11	16	8	39	48	30	41	14	17	20	34	38	36	37	16	44	36	2	9	23	8	
41	31	50	10	27	17	9	2	37	23	50	22	11	15	2	23	50	31	47	33	42	15	6	50	44	13	13	18	15	44	18	41	25	14	34	49	50	22	12	47	
9	48	36	33	17	26	29	20	41	40	19	22	28	8	4	34	50	21	11	5	9	22	37	45	8	1	30	50	45	50	19	45	22	24	50	4	21	13	3	20	
34	6	2	20	22	50	2	27	6	10	32	38	46	14	35	15	22	3	43	50	5	38	46	46	48	8	50	27	46	24	34	44	30	15	18	2	41	43	40	6	
23	13	20	47	49	13	34	29	38	45	32	11	9	17	4	4	30	38	12	32	27	15	20	28	22	44	39	14	13	50	39	20	46	41	15	48	46	45	36	17	
5	25	14	45	30	16	3	13	24	1	44	23	4	46	3	50	27	20	1	34	37	46	15	2	2	50	25	10	20	43	27	33	24	26	10	31	13	3	4	29	
6	22	4	19	40	31	45	18	37	25	26	29	39	32	21	5	3	41	8	5	34	6	9	47	10	5	40	9	43	46	2	4	41	7	47	7	23	46	39	31	
33	7	46	36	50	38	26	22	36	24	37	23	2	40	47	16	44	28	21	47	49	25	19	34	40	42	29	34	16	49	8	6	38	42	48	45	41	40	26	43	
29	26	46	43	15	34	27	19	7	14	3	20	15	24	47	6	48	8	37	46	37	5	44	15	31	30	30	50	10	26	23	18	38	12	26	47	3	35	42	18	
29	15	35	24	48	49	26	29	42	43	7	7	31	45	2	32	15	5	40	13	10	24	46	27	50	46	10	35	25	33	44	49	1	8	15	4	31	27	26	27	
48	31	8	20	15	8	36	33	17	25	8	32	33	30	40	23	38	37	18	28	41	36	44	46	38	4	24	48	1	47	20	30	38	40	24	26	29	44	2	32	
42	26	50	43	32	47	19	13	37	4	16	17	20	23	20	34	11	13	41	8	7	46	43	19	8	25	40	16	4	17	50	44	12	42	42	20	15	8	10	23	
32	11	2	46	25	7	48	24	33	40	10	39	21	36	31	16	7	40	34	36	32	2	18	24	10	49	46	37	49	40	39	13	11	49	10	45	5	9	24	10	
23	17	42	21	34	26	1	41	29	16	23	48	41	50	38	10	42	19	7	40	23	31	16	35	36	23	3	30	3	44	21	42	10	7	47	33	48	1	37	1	
6	48	37	42	50	28	45	28	42	18	31	25	34	15	13	20	28	15	27	21	35	42	47	40	26	29	50	7	8	25	21	44	14	5	39	18	21	25	19	41	
29	7	27	45	37	37	22	25	47	34	28	8	4	25	25	7	14	20	23	47	14	40	1	16	46	1	21	20	24	13	9	49	14	11	3	37	10	22	15	9	
10	35	48	33	10	44	44	23	4	4	41	24	3	3	23	36	44	16	46	42	17	38	44	18	19	11	14	27	40	35	48	29	26	18	15	11	24	44	42	12	
21	25	11	16	10	43	18	24	19	22	5	13	49	47	20	37	50	5	48	5	17	7	21	4	28	9	21	21	22	17	23	25	11	33	34	19	20	4	12	37	
7	33	41	18	8	9	49	50	26	31	26	22	10	12	41	33	23	1	22	16	25	48	3	45	45	24	47	28	30	9	50	5	1	47	25	27	29	22	5	48	
23	44	16	28	11	34	6	35	7	7	28	2	8	34	36	28	18	38	4	31	10	39	25	38	36	35	17	14	30	16	50	31	20	5	21	41	49	40	1	1	
1	7	41	2	37	15	39	14	14	28	38	16	3	23	43	37	35	32	2	6	42	46	41	33	41	7	7	18	15	1	27	9	17	26	18	14	5	46	9	30	
28	43	1	24	9	33	30	8	49	1	2	15	32	12	2	25	48	34	9	37	5	7	13	3	23	31	27	50	40	39	30	26	6	24	5	17	4	37	42	37	
31	14	21	7	11	26	4	47	28	36	23	8	19	5	8	19	30	3	40	47	49	7	31	50	25	39	1	24	19	46	1	19	30	10	41	1	48	28	37	9	
10	5	49	16	40	22	8	40	37	14	39	23	12	17	8	6	33	4	36	31	29	1	10	50	16	15	16	37	48	37	22	8	26	43	47	13	48	10	8	7	
17	2	42	36	14	5	23	49	17	30	5	24	27	37	39	46	16	8	28	41	10	16	43	28	36	18	49	18	36	3	19	44	39	14	31	48	16	28	36	43	
6	38	3	10	4	18	41	24	49	6	27	24	42	3	37	37	23	40	47	29	5	46	35	49	21	43	6	20	19	9	41	14	21	27	6	35	2	1	16	23	
22	25	41	18	21	5	4	8	45	11	19	18	10	10	31	36	9	24	46	37	32	14	13	28	21	23	8	8	7	23	49	37	38	8	21	40	36	33	9	19	
13	35	40	4	32	28	13	6	26	41	31	19	37	23	26	23	8	33	36	17	45	14	20	8	34	25	25	14	30	31	36	13	2	21	36	37	42	13	7	14	
30	19	22	4	39	24	19	36	5	6	28	10	15	50	11	20	11	27	50	28	22	50	50	23	3	42	11	21	1	3	2	3	22	47	15	20	36	36	33	10	
30	40	7	14	41	18	3	23	37	21	7	45	3	24	29	20	21	49	23	13	46	50	18	14	13	41	35	44	34	35	36	6	21	38	46	1	5	17	8	3	
27	31	36	13	8	12	35	6	32	20	26	26	19	35	8	32	16	29	9	27	40	15	34	40	41	20	34	19	45	39	3	22	15	8	31	47	9	35	14	24	
37	13	24	5	21	29	8	22	40	16	25	37	45	8	27	30	13	14	20	15	22	9	16	18	12	45	15	19	19	43	42	17	42	31	3	18	43	4	39	19	
47	3	42	46	36	47	35	13	13	29	10	11	40	24	24	43	18	16	43	19	44	47	43	19	30	1	32	17	16	39	31	34	24	19	14	12	34	24	41	31	
9	35	21	7	42	28	49	11	27	40	37	22	48	2	29	12	23	17	27	28	29	25	38	25	17	20	13	47	11	39	26	10	46	44	35	14	12	12	19	9	
49	9	2	10	46	42	21	1	50	32	3	41	11	50	36	38	46	24	26	48	15	42	40	49	21	48	20	9	43	25	21	10	29	50	8	47	1	29	25	42	
50	9	47	3	49	45	43	25	34	31	5	32	19	8	46	47	46	2	22	40	32	31	26	42	43	32	39	4	13	36	13	47	15	24	17	14	39	3	22	35	
36	43	2	5	1	10	6	26	46	3	5	41	2	19	24	31	45	1	29	19	40	48	23	11	48	48	47	42	28	10	16	43	37	50	33	41	48	43	34	25	
13	44	15	18	16	8	50	12	49	48	12	34	29	30	23	1	39	30	13	27	29	35	37	7	40	34	32	49	5	21	38	35	9	31	48	41	45	10	38	3	
4	28	36	44	4	19	15	22	5	46	13	26	5	37	46	41	15	33	30	27	3	46	46	5	22	10	46	4	18	2	41	10	36	37	49	33	44	21	17	10	
On machine	5
20	3	20	2	31	4	17	25	6	19	41	41	21	21	49	17	25	12	19	39	19	18	9	22	13	37	50	16	3	48	45	9	15	32	44	35	36	20	26	44	
20	9	42	28	39	21	5	22	22	6	28	29	41	7	23	5	7	46	31	1	25	27	32	17	9	45	26	45	43	48	11	19	49	12	49	10	14	23	37	12	
36	28	27	25	49	26	50	5	15	32	38	10	45	43	42	30	49	49	24	20	11	9	12	45	28	15	21	30	42	39	34	9	1	23	24	34	2	15	34	5	
43	3	49	22	6	28	37	17	38	42	43	48	11	40	49	11	16	50	50	34	45	3	48	44	22	14	23	48	13	21	38	11	20	35	6	1	6	11	13	34	
17	7	39	24	37	17	13	18	10	15	46	22	50	21	37	31	46	1	46	31	21	20	40	30	32	6	15	28	19	11	32	39	5	15	47	31	20	17	36	33	
35	13	15	11	28	25	49	4	44	15	29	46	5	35	3	6	4	32	4	45	26	44	36	10	10	18	21	33	3	7	19	43	37	11	50	7	19	33	38	2	
43	47	8	12	34	15	49	35	39	35	26	4	49	23	19	26	29	13	46	34	33	37	33	3	5	40	37	2	7	34	2	33	30	47	2	2	35	38	24	36	
10	47	2	18	33	1	6	25	1	42	38	41	33	46	8	9	15	4	15	23	1	33	9	7	30	50	9	40	26	11	14	43	18	34	38	49	13	46	34	25	
39	24	32	14	48	20	26	5	39	41	5	36	14	43	22	3	43	42	45	2	30	49	11	32	48	17	37	13	50	37	13	35	30	24	42	31	49	10	36	27	
16	45	7	25	36	24	7	9	26	16	26	6	32	32	37	26	17	17	17	30	27	14	12	28	35	34	32	27	30	24	31	8	17	24	25	27	26	29	24	6	
9	49	14	16	3	1	12	39	45	29	28	37	36	28	3	40	39	9	48	18	8	17	27	21	29	16	41	31	8	40	3	24	18	3	39	21	22	23	23	37	
41	47	38	45	42	42	38	33	34	46	4	27	25	20	31	44	3	33	5	19	24	4	4	1	43	49	45	28	45	12	6	23	42	5	30	32	49	48	35	28	
19	5	25	16	17	11	39	21	43	1	32	15	26	22	21	34	24	35	44	30	33	11	27	50	5	36	48	30	40	31	47	15	35	27	40	25	35	47	9	16	
45	8	19	41	20	46	28	25	38	22	12	40	18	2	36	12	15	33	25	6	17	5	4	36	11	27	23	5	14	43	15	48	46	19	12	47	9	3	34	24	
50	17	8	42	29	4	17	19	45	16	21	16	23	13	23	21	35	15	17	6	40	12	47	40	40	27	22	7	11	17	43	36	21	37	20	6	50	22	34	37	
42	18	1	34	45	24	50	33	5	31	44	17	7	42	11	17	10	3	29	47	11	23	46	6	33	8	40	2	34	12	49	34	46	32	5	5	6	37	2	43	
37	28	26	12	20	35	29	2	17	45	23	11	26	32	46	26	7	4	38	25	50	5	26	28	32	46	45	41	9	12	37	5	7	15	3	1	3	4	3	48	
42	17	16	19	2	34	13	30	24	13	38	18	49	29	9	13	6	47	44	12	26	19	19	29	36	19	11	15	25	24	38	20	8	24	12	1	43	16	19	36	
21	43	24	17	12	5	9	49	11	42	25	19	2	43	7	41	12	23	36	20	41	45	16	21	45	49	37	16	5	23	27	14	27	4	16	4	25	48	18	16	
47	23	14	37	12	9	26	4	34	41	15	22	18	32	6	8	26	39	46	21	24	15	24	21	9	15	31	18	15	38	12	46	39	41	30	26	49	26	20	39	
7	13	28	41	27	12	7	43	43	14	9	44	7	45	8	36	12	41	37	33	48	30	47	12	18	7	11	14	50	24	10	32	46	28	26	4	47	1	18	22	
33	46	31	17	2	42	44	39	2	39	48	45	2	41	13	33	8	31	9	37	42	34	2	7	18	49	10	8	1	34	18	43	40	31	13	7	30	18	46	48	
34	29	46	36	38	49	49	23	22	13	44	27	24	45	36	40	36	2	24	35	13	36	5	9	29	25	7	2	37	41	44	33	41	43	45	19	33	47	24	40	
28	34	50	9	21	25	14	13	19	8	34	21	2	43	40	9	43	14	15	26	27	30	48	15	44	8	41	35	47	18	44	37	7	35	43	24	16	38	40	23	
7	30	34	38	44	24	50	5	28	48	50	39	9	8	2	23	6	11	12	24	2	24	10	14	43	21	39	2	47	41	48	25	33	48	18	11	23	20	13	39	
23	33	29	4	36	18	34	1	14	35	36	12	27	10	4	45	27	38	18	41	11	3	24	7	21	33	31	3	24	5	38	27	40	9	32	4	48	6	34	35	
43	40	37	47	37	42	46	20	28	30	28	25	27	23	16	31	36	33	47	26	16	45	47	4	18	21	4	11	11	19	13	41	29	49	26	8	46	36	32	16	
18	19	32	41	8	7	25	6	14	45	8	18	1	35	50	27	49	32	9	47	48	12	23	26	29	13	7	3	33	2	46	50	26	2	22	32	3	11	11	18	
17	40	19	31	7	32	34	1	18	11	7	20	41	19	21	16	9	42	24	18	7	9	16	40	26	39	44	26	23	49	7	15	31	20	38	24	37	5	21	5	
34	26	40	27	41	21	12	3	8	27	45	14	31	5	4	6	47	2	22	37	1	47	26	4	1	46	3	23	35	12	30	36	12	21	18	17	29	6	50	6	
8	36	10	18	12	34	25	6	7	44	16	47	43	27	26	43	43	43	18	26	50	33	31	29	9	17	47	42	22	45	19	40	44	31	5	14	12	1	3	49	
17	23	14	27	46	5	21	9	29	45	50	34	38	16	11	21	39	17	19	40	13	35	38	29	47	37	16	18	47	23	13	16	44	14	8	19	14	41	34	20	
45	16	19	14	3	43	16	17	5	48	22	21	35	48	6	45	33	8	26	21	48	10	50	25	11	34	19	47	12	9	22	6	26	48	9	26	11	24	34	45	
1	50	27	26	47	38	41	33	11	4	19	13	15	19	36	46	37	13	1	24	24	8	29	6	21	44	37	12	44	27	25	3	16	43	20	25	13	38	6	7	
49	37	29	6	39	1	27	1	7	8	22	1	26	35	8	10	31	34	17	18	5	50	23	5	24	39	23	30	38	7	49	1	20	42	18	30	1	50	46	31	
38	4	36	32	2	45	15	14	35	10	13	7	5	37	7	38	42	28	50	50	16	48	48	19	40	18	2	36	8	7	28	36	32	32	25	35	29	40	4	11	
19	45	39	2	45	26	4	7	29	30	37	39	3	44	33	48	28	41	25	45	7	7	13	46	16	32	25	39	35	32	27	3	39	18	23	8	17	13	28	22	
15	29	16	26	24	21	14	2	49	50	49	13	17	14	50	14	27	10	32	22	28	30	20	26	46	25	26	48	4	30	20	45	5	29	37	7	16	1	17	7	
38	26	18	18	1	34	9	43	22	45	46	16	38	37	17	3	48	20	9	20	47	12	38	8	27	36	29	32	35	35	2	47	40	13	26	6	27	38	4	45	
18	30	46	21	50	32	1	44	6	20	46	36	23	28	42	12	4	15	22	4	13	50	24	42	39	18	32	44	4	41	37	12	6	3	44	26	28	41	4	42	
On machine	6
27	2	30	15	7	5	4	13	30	27	10	29	25	3	41	47	8	7	6	2	49	34	36	46	33	15	19	22	4	37	5	49	38	25	33	28	25	49	30	33	
20	25	5	34	33	44	8	37	29	9	8	50	1	38	17	43	20	23	14	21	6	47	21	15	26	18	45	49	30	30	42	3	35	43	33	31	26	37	14	41	
12	13	8	32	25	17	8	43	31	33	37	35	49	17	10	45	49	31	38	6	14	43	43	18	38	41	2	36	47	4	43	7	16	21	12	44	26	17	4	22	
15	32	32	16	5	50	4	49	26	36	30	30	13	45	35	14	6	42	38	18	15	47	17	3	50	30	22	19	17	41	49	4	20	27	4	1	7	14	43	2	
31	18	43	37	32	22	3	25	33	47	13	13	25	32	3	16	35	29	8	40	33	22	35	5	10	42	27	30	25	1	5	38	11	40	46	47	38	21	48	12	
24	35	49	33	40	14	16	6	14	38	19	46	36	22	38	7	28	14	38	29	38	36	31	7	24	47	19	15	34	33	20	15	7	45	19	3	21	50	40	31	
7	3	41	29	25	46	14	47	5	36	9	27	33	35	43	28	13	3	31	21	3	46	17	34	19	29	7	40	30	33	40	8	34	19	20	17	42	29	3	48	
47	50	27	41	19	26	33	11	35	42	47	9	29	9	36	31	18	33	50	11	24	43	30	1	34	38	24	6	19	49	43	20	35	24	8	41	13	15	36	32	
32	8	47	44	22	29	22	45	5	34	35	2	32	49	22	15	39	40	31	49	11	31	7	25	37	39	4	15	40	5	24	36	38	19	29	30	3	28	39	47	
37	15	43	5	5	49	44	42	2	21	37	47	17	26	12	12	34	36	17	22	15	43	19	8	32	41	19	20	12	39	14	31	46	40	23	14	6	6	8	4	
22	32	38	26	41	46	44	17	42	20	9	42	44	33	3	17	10	36	15	10	48	38	41	7	3	3	41	41	34	5	38	50	1	41	44	30	24	49	6	46	
20	38	47	5	6	16	27	3	47	40	8	42	36	34	44	9	38	7	28	37	32	50	28	30	47	43	15	21	4	40	46	7	19	14	9	13	38	1	7	24	
6	37	40	47	5	22	31	36	4	2	29	6	15	16	2	27	13	7	26	32	40	32	46	27	29	38	8	21	35	34	11	28	42	6	3	45	10	34	8	46	
47	12	24	20	24	43	33	1	41	20	49	48	14	50	22	37	46	9	7	36	32	50	34	11	34	18	21	24	29	41	33	45	48	27	22	5	5	32	25	6	
12	42	10	11	17	17	20	41	11	36	48	4	4	31	24	42	17	8	32	21	31	30	26	12	34	28	1	40	45	46	34	5	49	13	45	13	48	45	3	9	
50	9	23	21	34	20	9	46	50	38	24	1	42	27	23	8	20	46	35	25	7	9	46	16	49	18	44	32	42	28	15	31	50	27	24	5	46	22	33	28	
20	32	3	10	13	26	13	21	31	49	17	10	40	24	31	37	33	38	25	50	32	7	33	16	22	3	43	41	19	3	42	33	31	9	35	30	18	11	44	19	
45	7	1	2	23	34	21	7	28	28	42	34	34	45	50	13	15	41	1	39	25	40	27	43	34	48	8	33	22	46	1	43	1	50	44	42	39	1	36	34	
21	24	28	25	27	6	8	40	38	43	20	23	12	40	27	42	50	23	21	9	48	5	35	3	43	15	34	42	11	44	23	46	19	25	49	31	11	43	47	31	
24	24	21	6	29	35	18	34	42	7	24	15	42	28	25	29	24	38	24	32	21	26	14	22	8	22	7	28	12	43	23	44	26	5	6	22	23	21	7	10	
47	11	16	32	5	9	20	21	4	17	32	31	6	25	7	14	9	1	46	13	25	32	26	20	43	39	28	40	24	5	14	11	26	14	10	44	49	10	34	30	
32	41	12	25	15	43	30	7	38	10	50	40	11	37	9	41	13	7	5	49	24	38	43	5	46	32	20	35	43	36	26	29	17	31	46	40	15	47	13	9	
35	28	13	27	14	39	42	37	27	49	20	42	40	1	46	4	35	19	24	43	11	18	25	46	39	49	34	19	17	30	48	30	25	8	47	49	4	38	42	29	
22	3	3	45	44	1	9	47	24	48	1	45	4	49	43	7	21	23	23	8	22	15	47	31	15	49	46	16	44	22	13	2	23	16	37	8	31	6	34	6	
35	42	26	2	27	37	19	12	23	22	10	7	7	33	16	14	47	27	19	24	2	48	36	36	15	49	18	1	39	30	35	23	18	2	9	46	43	47	45	12	
18	30	45	37	35	48	13	47	37	34	8	22	19	9	45	23	35	23	43	26	46	34	29	46	8	20	25	27	9	41	29	13	50	37	35	4	13	30	31	35	
46	36	36	47	29	36	36	29	16	50	20	43	36	19	14	20	4	37	46	17	19	10	9	37	2	49	10	50	7	50	4	37	6	42	12	39	24	28	8	36	
29	44	47	44	1	1	18	16	22	21	12	41	8	3	40	15	49	49	46	20	34	1	40	32	20	45	6	24	15	3	5	34	38	11	14	27	8	25	21	6	
6	17	45	9	18	34	8	24	40	16	19	15	41	41	23	33	5	46	6	46	11	35	22	13	42	13	29	28	46	26	1	32	23	48	31	17	2	10	32	36	
34	20	1	3	47	39	25	11	30	6	15	38	4	49	19	33	21	50	32	48	48	22	16	20	15	50	24	32	50	17	33	17	25	48	19	38	43	8	44	3	
24	17	18	36	48	10	41	10	7	9	49	28	34	24	12	19	13	36	25	10	25	20	9	10	36	25	7	14	14	40	48	16	36	17	35	26	22	12	10	8	
43	9	31	29	15	19	12	46	21	32	50	38	2	42	10	9	27	43	24	6	17	5	22	11	47	32	47	1	24	28	36	32	42	11	2	29	46	9	5	6	
39	23	50	27	42	3	34	24	17	21	21	50	50	16	28	18	37	8	4	21	47	25	24	37	46	7	28	28	18	39	49	38	17	40	40	6	32	20	13	7	
18	37	18	42	34	3	30	5	29	46	20	35	6	31	27	1	32	16	15	11	16	15	15	21	1	9	18	41	18	50	42	43	27	18	17	21	34	14	8	42	
6	29	27	45	6	39	3	50	22	16	11	20	30	8	23	50	42	1	46	18	47	15	32	21	19	47	16	29	33	19	40	36	7	49	35	35	28	32	19	37	
11	2	32	11	27	43	9	8	47	15	37	25	32	15	13	35	44	24	17	25	26	27	20	12	9	11	8	46	25	22	27	12	33	25	30	47	45	14	25	32	
20	27	18	4	36	43	10	13	5	40	32	6	48	44	26	50	49	48	6	40	44	3	30	31	47	49	49	43	47	40	8	46	46	26	15	19	34	23	33	35	
32	49	45	41	42	1	30	18	38	20	4	46	19	44	10	2	36	19	6	35	37	1	18	40	41	29	23	48	5	1	22	22	46	50	1	46	37	45	42	50	
43	32	28	14	7	8	16	20	25	21	11	41	42	24	42	45	27	12	30	44	22	9	1	28	7	2	10	30	43	49	35	17	23	2	35	12	27	6	47	16	
9	22	9	23	15	26	11	43	15	49	28	44	44	36	42	27	32	9	18	18	3	29	45	31	26	25	32	15	34	39	47	26	12	31	27	7	13	25	19	36	
