Factories	3
Families	20
Machines	4
SetupType	1

Number of Jobs in each Family
5	2	4	1	5	5	1	7	4	9	5	4	2	7	9	9	8	1	8	3	

Jobs in each Family
0	1	2	3	4	
5	6	
7	8	9	10	
11	
12	13	14	15	16	
17	18	19	20	21	
22	
23	24	25	26	27	28	29	
30	31	32	33	
34	35	36	37	38	39	40	41	42	
43	44	45	46	47	
48	49	50	51	
52	53	
54	55	56	57	58	59	60	
61	62	63	64	65	66	67	68	69	
70	71	72	73	74	75	76	77	78	
79	80	81	82	83	84	85	86	
87	
88	89	90	91	92	93	94	95	
96	97	98	

Total number of jobs
99

Processing times of jobs
3	6	7	6	
7	4	4	1	
2	3	10	7	
6	6	4	3	
10	2	1	2	
4	3	3	2	
2	6	7	1	
8	3	1	4	
10	10	9	8	
2	5	8	3	
9	3	10	4	
8	6	4	4	
10	9	2	7	
4	6	3	4	
2	9	6	5	
7	2	10	6	
9	8	6	2	
10	5	5	4	
7	10	5	5	
9	2	1	8	
10	3	6	6	
6	9	3	7	
2	6	8	1	
1	4	4	8	
5	8	6	5	
6	10	1	2	
3	6	2	10	
7	10	1	6	
2	2	7	1	
6	2	5	10	
8	4	8	5	
2	9	7	8	
5	4	3	5	
6	2	9	4	
5	10	3	7	
10	7	9	7	
1	5	7	2	
8	10	5	9	
8	3	3	3	
7	7	4	3	
5	5	10	5	
10	9	4	9	
5	6	6	8	
2	10	7	7	
7	3	4	4	
7	1	4	7	
2	1	1	1	
6	8	10	4	
9	4	9	5	
4	1	9	6	
9	4	7	7	
6	6	4	5	
7	3	1	8	
4	7	7	1	
4	8	3	5	
8	6	7	5	
1	1	6	8	
6	2	3	7	
4	5	5	3	
2	7	8	10	
7	5	6	2	
6	5	1	9	
6	3	5	9	
9	9	6	5	
9	8	9	9	
2	10	7	10	
2	3	4	5	
2	3	2	2	
6	7	6	3	
6	1	2	8	
3	8	1	8	
10	5	9	9	
8	1	6	2	
4	4	2	2	
1	9	8	8	
8	4	5	4	
4	3	10	4	
8	9	1	7	
1	9	8	7	
9	3	5	1	
8	10	8	2	
2	7	5	8	
4	9	4	8	
4	2	8	6	
2	1	1	5	
6	9	3	8	
1	1	1	8	
2	6	6	7	
1	7	5	9	
9	1	5	8	
7	1	10	3	
6	8	10	7	
4	3	6	9	
5	4	9	2	
9	1	6	2	
9	5	5	6	
5	10	2	2	
9	10	8	5	
3	4	3	4	

Stepup times between Families, where [f][f] represents initial setup time
On machine	1
20	12	9	6	4	17	20	10	11	13	2	13	10	13	18	6	11	18	5	5	
20	17	6	8	8	1	11	2	19	8	20	18	8	10	12	15	8	9	14	19	
18	12	2	14	2	7	19	8	10	15	19	1	6	18	9	7	14	12	7	9	
6	11	5	20	16	12	12	19	14	7	1	3	2	13	8	10	6	8	9	11	
17	3	14	19	9	3	11	18	15	1	9	17	3	12	13	2	1	5	16	5	
20	18	14	6	1	20	16	7	20	12	13	15	1	11	14	7	5	9	2	4	
13	15	14	9	20	1	4	14	13	3	17	13	20	17	13	5	2	20	7	16	
17	19	18	1	4	12	2	9	18	7	6	17	18	8	2	1	4	20	15	8	
18	20	10	8	13	13	5	19	4	7	17	9	5	4	5	16	20	4	18	18	
17	19	12	10	17	18	11	2	15	6	14	6	10	1	16	17	15	14	3	20	
5	15	1	3	17	5	13	4	15	15	19	13	4	15	12	18	2	6	16	14	
13	2	12	2	3	13	6	4	2	8	18	12	12	17	12	5	7	4	8	10	
3	19	13	14	17	4	17	1	13	12	3	4	6	10	18	12	12	10	9	17	
10	6	15	12	5	8	18	7	9	6	6	13	14	14	19	2	10	10	3	7	
6	3	13	5	2	8	3	10	8	2	9	17	7	14	2	11	16	2	18	2	
1	3	12	1	6	6	18	8	9	13	20	5	13	13	1	3	13	2	12	6	
17	18	9	11	5	2	10	2	9	9	4	9	5	10	14	3	2	1	6	4	
8	17	5	18	2	16	4	17	11	10	12	7	14	2	18	12	16	19	7	12	
8	6	9	4	16	13	3	9	14	3	10	19	17	9	13	19	9	1	17	15	
20	4	20	14	19	6	3	2	12	16	2	17	9	9	13	4	5	14	12	6	
On machine	2
6	6	18	12	3	18	18	7	18	12	17	6	16	2	20	18	8	13	1	15	
18	11	11	1	13	14	3	12	14	10	12	7	2	1	11	3	18	12	16	10	
17	4	16	1	8	11	3	7	1	13	3	11	20	18	1	17	14	17	8	16	
6	17	4	6	2	19	9	8	13	7	8	4	19	7	5	17	14	18	18	17	
18	20	6	13	7	7	17	4	9	5	7	16	5	11	12	6	14	17	11	16	
2	15	18	14	10	15	16	16	4	12	20	5	3	19	1	13	20	8	3	10	
15	15	13	17	19	7	19	19	10	15	10	10	12	19	17	11	4	17	2	12	
20	13	6	10	16	2	1	19	9	10	2	8	2	15	13	6	12	2	5	6	
19	17	17	7	20	4	14	11	19	1	3	9	16	1	11	5	18	12	6	19	
16	8	6	13	20	1	12	4	8	12	19	18	19	18	13	10	12	18	8	15	
17	3	6	1	18	3	8	4	19	15	15	10	16	4	16	5	11	5	2	18	
15	17	17	12	19	3	18	3	9	9	20	6	12	11	20	14	20	20	12	17	
4	5	9	4	4	20	4	5	1	10	18	8	10	1	10	6	12	17	11	2	
15	17	5	8	14	4	1	15	13	1	4	4	18	7	15	19	18	17	9	8	
13	9	9	18	19	4	7	10	4	2	16	8	10	13	12	17	10	3	16	5	
17	8	16	15	7	5	10	1	17	11	20	6	7	6	6	1	15	13	20	12	
5	6	14	4	11	19	5	6	20	4	9	19	12	9	7	12	1	15	2	17	
13	14	12	4	6	9	10	12	11	5	20	6	13	15	9	2	4	5	7	11	
8	19	17	1	10	10	10	11	19	4	14	20	6	17	14	12	16	18	8	3	
17	4	19	2	18	11	4	15	15	20	14	14	6	16	20	11	19	9	8	6	
On machine	3
8	6	10	17	12	18	13	17	16	9	9	15	15	2	18	11	19	16	16	10	
6	20	8	5	18	14	13	6	11	8	14	19	18	19	3	8	3	7	10	12	
10	17	1	11	15	3	17	6	4	12	17	11	19	12	2	7	12	6	17	13	
6	17	20	1	8	20	9	1	19	13	13	15	11	19	7	3	19	14	15	14	
1	15	18	19	13	2	15	16	4	12	19	5	4	12	5	1	18	12	7	5	
17	8	1	5	9	11	16	12	18	8	17	3	17	7	19	9	4	20	1	5	
6	12	4	12	5	3	1	2	12	9	18	19	7	7	11	10	9	17	7	16	
12	1	2	10	7	3	13	5	15	3	12	1	10	18	16	5	10	4	13	20	
2	13	1	7	10	8	6	11	11	4	17	10	13	9	15	13	12	10	8	11	
8	7	1	13	17	1	6	1	5	9	5	15	16	5	5	6	19	13	15	7	
16	2	17	7	16	16	4	6	13	9	19	16	10	3	4	7	1	15	18	14	
16	20	8	16	18	1	18	15	20	3	1	2	18	13	16	17	19	1	16	17	
10	4	19	11	1	9	20	1	8	18	10	7	5	10	3	2	1	13	7	6	
19	10	17	1	11	18	9	3	10	18	11	9	15	7	19	9	13	3	18	3	
8	7	3	20	18	6	1	17	3	5	17	4	2	13	7	15	9	13	13	18	
7	5	6	18	12	5	20	5	10	6	9	19	7	13	8	1	9	10	7	14	
5	20	3	16	19	18	18	16	10	17	16	8	11	11	17	16	6	7	2	11	
17	6	2	11	7	10	11	19	12	8	5	12	12	8	9	14	13	3	14	13	
12	8	5	15	14	8	11	12	3	18	8	15	20	7	20	19	18	8	16	6	
2	5	18	20	10	15	9	11	3	5	5	1	9	4	17	3	12	19	9	1	
On machine	4
5	20	14	6	16	12	16	5	19	16	8	20	11	17	6	4	13	14	5	2	
7	4	16	16	20	6	19	15	10	9	15	11	6	9	9	19	18	18	2	15	
10	14	10	7	19	8	11	10	11	16	17	15	16	16	18	19	9	10	16	19	
14	19	3	3	4	15	5	14	16	14	13	8	19	10	20	10	10	6	18	17	
14	19	6	14	2	20	16	13	12	8	7	7	14	15	4	20	6	16	1	16	
12	2	1	13	5	16	7	6	4	14	10	6	13	5	12	16	9	14	17	18	
5	19	1	16	8	9	16	18	11	6	18	12	20	2	4	9	11	7	6	6	
5	13	12	4	19	7	2	12	1	12	15	10	16	5	18	9	2	7	12	13	
1	15	12	6	10	16	8	8	14	20	18	14	5	7	15	7	18	17	4	19	
19	7	2	14	5	4	17	18	7	19	19	2	19	15	18	15	5	6	17	2	
19	19	2	6	16	4	17	16	17	15	16	4	13	3	16	5	16	9	18	3	
18	19	6	4	1	20	16	10	16	9	20	12	10	12	12	19	14	12	10	14	
12	12	12	7	12	19	2	12	5	7	2	1	13	13	16	12	7	1	19	19	
13	1	8	17	15	15	20	8	20	10	4	9	3	14	4	16	20	17	19	1	
17	4	17	11	7	2	10	9	1	9	11	3	19	10	6	13	19	11	19	13	
20	4	4	5	10	3	1	20	18	3	8	6	6	10	19	14	4	9	19	3	
7	9	15	4	10	16	14	1	4	2	13	15	4	4	8	19	5	12	10	6	
12	14	8	3	9	19	14	1	12	4	20	18	10	5	16	9	6	6	15	4	
19	2	9	5	6	7	12	14	5	13	8	10	8	18	1	6	3	1	9	20	
15	17	13	3	8	1	1	3	19	2	6	10	9	20	20	11	8	4	12	6	
