Factories	3
Families	30
Machines	2
SetupType	1

Number of Jobs in each Family
2	1	10	6	1	10	6	10	5	1	3	3	9	9	6	6	3	3	5	5	6	8	9	5	2	4	4	8	5	10	

Jobs in each Family
0	1	
2	
3	4	5	6	7	8	9	10	11	12	
13	14	15	16	17	18	
19	
20	21	22	23	24	25	26	27	28	29	
30	31	32	33	34	35	
36	37	38	39	40	41	42	43	44	45	
46	47	48	49	50	
51	
52	53	54	
55	56	57	
58	59	60	61	62	63	64	65	66	
67	68	69	70	71	72	73	74	75	
76	77	78	79	80	81	
82	83	84	85	86	87	
88	89	90	
91	92	93	
94	95	96	97	98	
99	100	101	102	103	
104	105	106	107	108	109	
110	111	112	113	114	115	116	117	
118	119	120	121	122	123	124	125	126	
127	128	129	130	131	
132	133	
134	135	136	137	
138	139	140	141	
142	143	144	145	146	147	148	149	
150	151	152	153	154	
155	156	157	158	159	160	161	162	163	164	

Total number of jobs
165

Processing times of jobs
3	5	
9	5	
1	2	
10	9	
8	7	
10	6	
5	3	
6	1	
2	7	
1	2	
8	9	
6	2	
8	3	
7	9	
6	9	
10	5	
4	1	
9	5	
8	4	
3	1	
7	8	
4	2	
3	9	
7	3	
7	4	
6	8	
2	10	
6	8	
2	7	
6	3	
9	1	
3	5	
8	8	
1	6	
2	6	
9	2	
1	3	
6	8	
1	7	
7	2	
7	9	
10	6	
5	8	
3	1	
4	1	
7	3	
1	5	
5	7	
2	10	
6	9	
4	10	
3	3	
2	9	
10	8	
4	3	
2	4	
7	8	
8	8	
5	3	
10	9	
9	10	
5	2	
6	9	
7	4	
10	5	
9	10	
8	1	
3	9	
5	4	
4	5	
3	2	
5	4	
9	5	
4	4	
2	6	
2	9	
5	2	
4	5	
6	3	
10	8	
8	4	
6	10	
2	3	
2	2	
1	4	
8	6	
7	1	
8	2	
9	5	
10	1	
4	10	
8	1	
7	1	
7	6	
9	5	
5	5	
2	4	
3	10	
10	7	
9	4	
10	2	
8	5	
3	10	
5	10	
1	1	
7	8	
9	7	
5	6	
7	6	
6	1	
1	5	
10	6	
8	8	
9	4	
2	1	
5	6	
7	10	
3	1	
9	1	
4	6	
7	5	
8	6	
5	9	
8	3	
3	3	
5	7	
1	1	
4	4	
10	6	
4	1	
5	9	
1	3	
4	9	
6	3	
4	6	
8	1	
4	5	
9	7	
4	6	
1	6	
1	9	
1	5	
5	7	
2	6	
9	2	
5	9	
5	8	
2	10	
9	3	
7	1	
7	9	
3	9	
6	5	
8	9	
9	5	
1	8	
3	1	
7	9	
8	9	
1	1	
1	3	
7	3	
2	10	
7	10	
6	6	

Stepup times between Families, where [f][f] represents initial setup time
On machine	1
3	1	6	20	8	4	10	4	16	14	2	17	7	14	5	20	19	6	15	13	16	13	19	15	9	6	12	15	7	11	
7	5	14	14	8	9	3	11	7	18	9	19	1	17	14	10	15	12	7	15	16	15	2	4	6	6	12	12	11	4	
19	5	1	12	10	5	15	14	11	9	17	5	12	4	10	6	1	5	1	15	16	6	19	1	10	15	14	11	10	18	
17	20	3	5	2	15	2	3	7	1	9	18	2	10	18	13	19	11	7	12	3	19	2	8	2	17	15	5	13	2	
18	1	10	4	6	18	11	9	19	11	9	4	20	15	20	13	14	18	18	15	5	5	14	3	12	4	15	2	19	6	
5	3	16	15	18	6	13	1	4	8	13	9	15	20	17	19	1	1	13	4	9	5	11	3	16	6	7	18	17	3	
19	14	4	5	13	14	17	2	11	16	10	10	11	9	2	8	15	14	16	15	14	19	7	2	20	6	19	9	14	3	
4	5	5	2	17	13	5	10	11	2	1	1	15	4	1	16	18	10	3	9	20	20	2	17	4	14	20	11	1	20	
10	14	15	20	9	10	8	11	7	6	13	20	10	12	9	14	9	17	4	8	13	14	19	10	5	4	8	17	8	1	
8	10	10	19	20	12	14	20	8	15	4	2	1	9	7	7	15	15	4	12	10	19	4	4	20	17	10	15	7	7	
8	16	14	13	3	2	14	4	13	2	15	17	7	18	17	5	16	20	12	1	5	6	2	19	16	4	19	19	10	15	
9	19	11	17	5	7	17	8	5	10	14	15	4	12	5	11	7	20	16	10	2	14	9	14	18	16	15	4	8	10	
8	6	6	2	2	10	12	13	3	12	5	4	8	4	3	6	14	15	5	18	20	2	4	3	19	4	20	14	18	7	
19	16	13	11	2	8	13	14	19	3	18	7	15	3	15	3	5	17	9	13	14	14	11	11	10	4	9	9	15	4	
12	14	4	11	20	7	9	1	3	18	2	1	17	11	9	18	20	11	16	14	7	14	9	13	10	17	16	4	15	4	
18	19	11	7	16	12	14	20	15	13	20	4	1	19	5	7	20	19	15	1	13	1	19	4	16	12	12	12	6	9	
2	13	15	11	19	4	5	14	6	17	17	7	17	11	20	16	9	8	9	4	11	15	20	9	2	2	6	12	18	13	
20	1	6	8	13	4	1	9	16	15	13	6	13	4	18	16	3	9	10	8	18	7	5	12	2	8	3	9	15	4	
15	15	14	1	6	2	12	10	17	9	10	13	3	20	13	20	14	1	2	10	4	2	20	10	13	20	17	12	19	8	
15	11	4	11	20	17	19	2	12	16	10	20	17	13	19	6	11	11	6	13	13	11	10	14	8	10	6	16	15	2	
5	7	2	20	13	12	10	9	4	5	1	3	17	6	11	3	10	8	9	5	5	5	17	8	20	17	1	10	4	19	
6	2	6	2	16	20	17	6	1	20	10	2	11	7	1	20	10	3	3	3	1	14	20	11	4	4	4	2	14	16	
4	5	12	15	6	10	17	3	5	1	11	20	1	9	19	12	7	20	20	8	11	6	17	13	7	2	19	16	11	5	
5	6	2	7	7	3	4	2	10	13	20	2	14	19	20	10	7	14	18	9	8	20	6	1	12	7	5	2	19	4	
8	14	1	13	1	16	17	20	17	19	13	13	19	20	12	2	19	18	8	4	3	4	9	13	15	12	10	16	11	16	
18	8	4	10	10	13	6	16	1	11	20	19	11	13	1	3	11	5	12	12	7	16	14	15	13	12	6	16	19	16	
8	7	14	20	14	20	12	6	8	15	3	20	18	16	1	11	3	12	17	15	16	20	2	8	2	9	19	1	20	13	
3	14	12	7	10	7	12	17	19	19	20	18	15	19	6	6	1	16	13	2	16	6	6	11	19	9	3	11	11	3	
13	13	6	8	9	8	1	7	14	12	7	2	1	20	1	7	1	19	13	16	2	17	3	16	3	12	8	7	7	8	
17	8	4	6	4	12	5	11	17	2	14	17	20	13	4	18	1	18	15	17	8	2	2	5	14	10	14	11	11	9	
On machine	2
19	4	9	14	18	7	17	3	8	20	17	13	13	8	14	13	5	15	11	6	19	16	9	20	19	19	12	4	9	13	
18	9	18	3	7	14	14	8	1	9	15	1	13	4	14	2	9	10	3	11	19	16	9	18	2	16	2	14	15	17	
8	17	15	17	14	2	3	8	1	14	9	10	18	20	5	14	14	10	13	15	15	6	1	7	3	9	14	3	18	7	
6	19	12	7	9	10	7	4	6	15	19	20	3	9	12	8	9	1	16	9	19	10	16	17	18	5	18	20	9	9	
13	17	1	12	1	16	16	8	14	10	18	13	3	18	16	7	9	2	9	11	18	9	9	5	3	19	20	4	9	8	
3	9	19	16	5	17	14	10	4	6	3	6	16	8	1	17	5	4	15	16	5	13	8	4	9	9	19	12	8	6	
10	20	12	17	13	20	12	14	4	16	5	6	9	10	13	5	10	4	16	16	15	8	13	7	11	6	5	6	17	9	
11	13	5	8	4	3	19	10	7	19	2	3	19	6	9	10	19	4	14	15	7	3	4	6	6	20	15	9	3	15	
1	17	20	17	11	16	7	20	4	17	2	3	1	17	10	15	6	20	12	13	8	15	1	16	8	1	2	14	15	19	
14	14	10	12	14	12	20	13	13	20	5	1	6	4	5	9	14	1	13	6	3	20	13	3	5	13	7	13	19	15	
4	19	9	17	4	19	3	1	3	18	6	7	9	3	1	12	9	19	20	8	13	15	11	20	13	19	17	16	6	10	
11	4	13	14	18	13	17	17	6	19	4	3	7	9	5	10	9	16	5	16	2	3	19	20	14	18	7	20	8	2	
5	9	12	1	7	15	20	2	14	6	6	7	13	5	14	5	12	18	16	8	15	3	9	19	11	16	15	6	15	9	
18	7	15	13	12	17	17	14	15	20	2	15	5	13	20	11	12	12	19	20	8	19	20	20	18	5	8	3	14	20	
18	10	3	14	13	14	1	14	12	11	3	6	19	6	10	16	1	14	2	10	10	3	16	19	19	16	7	2	19	10	
15	16	4	11	3	13	2	12	10	10	12	15	12	18	1	6	17	18	9	16	2	19	12	19	15	18	9	10	14	13	
19	3	2	5	20	13	18	10	15	16	10	10	16	9	2	18	13	20	14	17	3	15	18	15	17	5	19	9	1	6	
2	1	9	1	11	16	3	19	12	10	11	18	11	2	1	6	17	3	19	2	1	14	20	10	1	1	2	12	19	4	
1	13	10	5	4	9	2	13	8	6	9	13	15	12	12	10	2	17	17	5	10	15	19	13	4	6	3	14	19	4	
11	2	5	6	16	10	17	13	3	4	20	20	6	14	15	20	17	18	16	18	11	11	18	3	2	2	6	6	15	6	
20	9	11	1	18	1	3	8	3	8	7	13	11	15	17	3	18	1	18	5	18	17	1	15	9	19	3	1	7	6	
3	17	11	8	15	11	4	11	3	3	7	10	16	7	4	15	3	6	13	20	3	16	1	19	9	15	4	10	10	5	
10	3	18	19	11	12	11	13	6	6	16	7	9	16	3	4	4	18	17	4	7	19	8	3	17	15	1	4	2	9	
20	15	12	15	20	11	10	6	11	3	17	5	2	15	20	1	17	10	6	14	5	13	17	4	2	2	9	5	11	14	
17	6	19	15	1	1	13	19	13	12	8	17	16	13	17	9	1	9	12	14	14	15	17	17	6	15	7	5	17	6	
9	5	5	15	5	13	8	10	1	9	11	16	16	2	8	4	17	15	3	17	10	11	18	7	4	19	19	7	12	7	
2	1	13	8	11	19	13	17	9	4	9	6	4	10	16	20	9	1	14	18	11	16	10	3	12	20	5	13	12	8	
14	1	12	6	18	8	7	7	10	18	5	10	7	1	6	13	1	9	18	8	20	13	16	2	3	16	4	14	6	9	
12	18	3	3	7	9	19	5	12	2	10	10	20	12	20	12	3	9	13	10	11	10	8	14	11	16	15	19	3	3	
10	16	3	2	1	9	1	3	6	15	11	20	4	7	1	3	12	13	3	18	18	15	10	18	12	19	4	13	1	12	
