Factories	3
Families	40
Machines	2
SetupType	2

Number of Jobs in each Family
8	6	1	8	3	1	5	10	4	10	3	9	2	1	10	3	5	9	7	10	5	5	9	6	3	10	4	10	3	7	6	1	9	2	6	1	10	5	2	10	

Jobs in each Family
0	1	2	3	4	5	6	7	
8	9	10	11	12	13	
14	
15	16	17	18	19	20	21	22	
23	24	25	
26	
27	28	29	30	31	
32	33	34	35	36	37	38	39	40	41	
42	43	44	45	
46	47	48	49	50	51	52	53	54	55	
56	57	58	
59	60	61	62	63	64	65	66	67	
68	69	
70	
71	72	73	74	75	76	77	78	79	80	
81	82	83	
84	85	86	87	88	
89	90	91	92	93	94	95	96	97	
98	99	100	101	102	103	104	
105	106	107	108	109	110	111	112	113	114	
115	116	117	118	119	
120	121	122	123	124	
125	126	127	128	129	130	131	132	133	
134	135	136	137	138	139	
140	141	142	
143	144	145	146	147	148	149	150	151	152	
153	154	155	156	
157	158	159	160	161	162	163	164	165	166	
167	168	169	
170	171	172	173	174	175	176	
177	178	179	180	181	182	
183	
184	185	186	187	188	189	190	191	192	
193	194	
195	196	197	198	199	200	
201	
202	203	204	205	206	207	208	209	210	211	
212	213	214	215	216	
217	218	
219	220	221	222	223	224	225	226	227	228	

Total number of jobs
229

Processing times of jobs
10	2	
2	3	
3	4	
9	10	
7	7	
10	2	
1	5	
3	4	
1	7	
1	9	
3	7	
8	5	
4	6	
2	9	
5	2	
3	8	
3	10	
3	1	
7	9	
6	1	
7	2	
2	6	
2	2	
9	8	
3	2	
1	1	
1	3	
1	7	
3	2	
7	7	
5	8	
3	3	
4	10	
7	6	
1	1	
7	10	
10	6	
3	4	
1	9	
2	8	
9	8	
8	9	
5	6	
9	9	
5	4	
1	4	
6	4	
6	3	
2	8	
2	3	
6	9	
8	5	
5	6	
7	6	
6	8	
1	3	
8	5	
9	9	
9	3	
10	5	
9	3	
10	5	
3	9	
10	7	
1	2	
9	5	
7	1	
7	7	
8	9	
5	1	
9	4	
10	9	
7	3	
2	4	
8	3	
4	5	
6	2	
7	1	
10	9	
3	2	
7	1	
6	1	
9	6	
8	6	
6	3	
1	4	
8	2	
5	10	
9	9	
7	10	
10	3	
1	1	
1	4	
5	5	
2	1	
5	1	
7	10	
3	10	
3	9	
9	7	
9	8	
10	3	
1	10	
9	5	
5	6	
6	3	
1	7	
5	5	
4	5	
8	9	
9	5	
10	2	
1	3	
6	3	
9	8	
4	4	
7	5	
4	10	
5	1	
1	2	
6	1	
1	8	
9	1	
2	5	
6	2	
3	3	
6	4	
9	3	
8	9	
10	10	
6	8	
2	5	
7	7	
8	1	
5	7	
1	5	
9	6	
9	3	
4	4	
5	1	
5	2	
8	2	
8	5	
8	6	
2	1	
5	5	
6	2	
4	9	
6	5	
8	3	
9	9	
8	7	
9	7	
4	9	
5	1	
2	9	
2	3	
9	8	
2	7	
2	1	
3	1	
8	7	
5	8	
10	8	
10	6	
10	4	
6	4	
4	2	
9	4	
3	8	
10	10	
10	9	
5	3	
10	3	
9	8	
2	10	
5	10	
4	10	
3	10	
3	3	
1	4	
2	4	
4	6	
5	9	
1	4	
9	6	
2	6	
4	9	
1	7	
4	10	
3	6	
6	1	
8	2	
1	2	
10	9	
1	6	
8	1	
9	6	
5	10	
5	8	
6	7	
8	8	
4	2	
4	6	
3	6	
1	3	
7	7	
4	8	
1	6	
6	10	
9	2	
6	7	
1	10	
7	5	
9	7	
2	9	
3	1	
8	2	
3	6	
2	1	
10	10	
6	5	
9	9	
10	3	
1	5	
4	4	
8	10	
6	7	
3	2	

Stepup times between Families, where [f][f] represents initial setup time
On machine	1
35	45	4	14	44	47	33	7	37	38	10	21	25	2	33	48	31	42	21	8	10	47	25	35	44	45	5	1	4	12	3	29	34	20	43	19	1	28	3	43	
17	1	32	48	8	11	18	43	29	28	2	48	47	1	19	31	31	3	20	26	18	50	24	48	36	16	24	18	34	46	24	40	20	3	24	15	13	35	16	2	
36	28	9	37	19	20	4	36	29	6	26	28	17	27	33	10	13	24	44	20	27	26	7	1	30	20	27	1	25	48	15	31	48	46	20	7	45	18	49	34	
9	9	42	11	34	2	41	17	9	25	20	26	35	4	32	8	30	33	11	17	40	46	21	14	1	20	9	49	29	13	13	37	45	18	49	6	17	22	3	36	
6	20	46	14	45	26	2	36	30	10	45	29	8	7	31	14	19	11	5	46	8	36	49	18	41	45	46	39	14	19	47	10	34	8	8	43	41	31	50	40	
46	2	47	23	43	16	22	6	39	48	30	30	48	33	15	12	35	17	49	31	37	29	6	7	39	32	42	32	39	29	9	1	38	19	5	22	23	46	3	5	
29	30	27	10	15	6	6	16	13	20	16	13	16	6	38	46	30	33	16	45	23	43	24	29	50	19	46	17	26	1	31	9	26	8	30	37	44	22	14	3	
9	6	32	29	27	11	12	4	19	22	35	9	41	6	12	48	42	15	43	5	30	43	50	9	14	23	19	11	45	42	34	25	9	14	35	17	50	3	48	1	
30	50	10	43	6	1	34	39	40	39	4	46	46	2	26	25	26	32	5	23	17	38	38	48	29	20	6	46	40	16	30	21	21	15	13	29	32	30	20	49	
33	29	47	48	46	25	23	6	12	12	49	45	23	46	35	31	34	37	50	24	25	34	24	27	16	43	19	43	47	33	27	15	45	38	13	43	5	20	2	41	
3	30	47	26	5	24	28	9	20	47	28	41	43	45	29	8	19	4	48	42	29	20	1	39	33	9	36	27	48	5	39	38	11	36	19	43	26	34	25	14	
2	2	11	49	50	4	31	33	4	13	8	39	2	20	31	1	16	5	21	22	11	23	50	8	17	36	12	18	45	5	42	25	43	23	41	9	2	9	21	47	
40	31	47	15	44	48	11	25	30	5	15	32	16	5	21	13	13	2	30	18	19	4	20	43	1	36	35	13	1	4	16	6	45	10	5	7	29	39	26	11	
13	14	21	49	50	49	33	26	30	11	48	38	5	37	23	2	40	50	33	12	17	40	40	48	38	22	31	15	45	17	19	41	16	17	34	17	14	39	2	28	
40	44	1	32	27	42	6	15	33	33	2	35	20	20	11	36	4	5	27	19	34	37	42	22	20	23	41	22	44	48	9	47	20	2	12	21	6	14	46	35	
6	33	30	43	9	36	48	45	41	2	6	44	31	47	16	41	11	9	49	42	23	16	36	40	45	20	32	50	46	47	14	30	14	39	30	2	16	12	32	11	
31	46	19	21	8	27	23	47	34	39	44	21	49	5	24	40	4	23	14	41	33	43	35	29	17	41	39	12	41	30	31	17	22	50	26	16	32	28	20	46	
5	29	47	12	20	31	40	9	16	20	7	14	35	35	28	36	16	49	50	15	48	36	25	3	10	1	29	4	24	4	1	13	2	19	7	14	2	41	23	6	
5	22	31	34	38	49	16	42	33	10	16	31	1	32	47	28	40	22	16	2	49	13	19	26	37	28	47	17	21	42	2	30	40	12	45	8	24	7	16	20	
20	39	29	10	42	12	39	37	24	24	3	8	40	31	3	50	38	19	10	13	7	40	14	13	39	10	4	7	43	24	32	48	31	43	38	12	3	12	2	26	
36	30	11	33	29	5	36	18	31	20	17	32	4	45	4	12	36	38	47	43	23	46	45	11	14	24	16	7	41	48	23	16	20	11	21	12	45	20	27	18	
8	15	13	19	39	3	26	45	49	19	27	44	14	8	40	5	38	10	28	13	50	32	19	8	18	49	3	11	4	10	8	9	42	22	31	46	50	49	35	13	
26	17	31	16	45	34	14	9	49	29	27	25	19	33	25	47	34	50	16	22	13	49	34	47	41	14	28	29	33	17	2	39	49	12	42	22	24	30	50	6	
30	47	26	48	8	22	21	39	10	4	28	18	4	47	21	35	42	15	40	47	22	31	30	11	30	39	32	6	31	23	39	31	44	49	26	33	20	23	42	18	
32	24	49	14	2	49	38	34	2	5	2	25	27	50	20	28	33	2	12	24	24	11	34	8	35	8	6	8	45	14	48	47	20	5	11	39	15	38	31	34	
5	15	13	11	50	35	23	32	34	42	16	8	11	27	7	25	49	13	47	49	20	26	7	19	29	33	2	32	2	15	1	22	5	30	10	38	29	4	6	48	
48	37	42	39	1	43	21	17	44	29	27	23	29	7	24	16	41	28	5	9	1	3	25	43	19	4	22	45	30	39	18	5	45	49	37	5	13	31	14	9	
16	32	41	11	9	13	16	21	25	48	38	48	3	9	3	39	48	29	17	34	23	47	38	15	5	45	44	40	5	2	17	42	38	12	12	4	10	31	4	25	
30	16	15	26	26	30	8	31	40	49	38	37	25	2	50	19	48	47	27	40	14	2	48	32	32	35	37	38	15	41	35	48	4	49	6	8	11	45	38	16	
28	9	15	45	18	50	11	34	50	25	10	14	10	31	49	24	40	44	19	43	22	19	29	21	11	44	16	8	24	39	16	20	8	12	27	45	16	19	4	20	
31	40	22	45	27	6	38	43	48	32	35	31	29	48	28	5	32	22	32	17	17	32	38	29	10	45	2	2	33	12	2	20	45	39	34	16	49	19	8	21	
12	29	4	20	16	50	3	18	11	22	11	22	24	34	23	44	12	29	11	9	33	48	50	35	13	21	24	15	10	44	21	40	32	35	20	26	27	42	12	47	
7	21	34	37	29	36	48	42	8	26	3	36	8	3	38	27	37	1	41	32	8	26	1	7	28	19	44	10	43	38	36	15	34	44	7	3	27	4	30	44	
8	32	11	1	37	35	7	5	17	6	48	30	9	13	12	41	18	5	4	11	19	30	32	14	15	42	24	25	35	36	30	32	2	43	14	31	46	10	27	3	
19	43	42	18	8	24	23	23	18	1	12	28	35	49	15	24	8	49	6	17	15	1	28	3	1	49	30	13	10	7	25	24	11	21	48	36	19	49	29	27	
10	21	5	37	14	15	22	44	19	23	49	23	44	25	31	12	25	21	16	15	4	15	1	21	5	25	30	47	2	42	47	9	25	12	48	13	12	16	49	27	
6	34	2	32	18	15	35	11	31	18	20	50	14	22	10	34	33	37	40	46	17	50	20	1	25	43	23	23	3	39	47	10	40	29	6	25	29	17	30	27	
6	17	17	41	34	6	33	28	39	45	11	37	24	37	32	25	24	2	8	29	7	49	24	37	5	5	12	47	37	31	25	2	4	50	3	20	14	27	27	47	
38	25	11	23	15	35	21	7	48	33	22	5	12	25	35	16	22	46	27	21	30	42	41	39	27	37	32	4	26	35	3	46	36	18	33	13	46	15	36	13	
43	46	37	20	38	32	18	35	10	6	29	47	19	38	17	49	43	13	46	30	39	29	49	6	44	23	44	47	6	18	49	49	50	20	36	3	2	27	20	5	
On machine	2
1	9	7	37	22	11	40	26	18	22	36	20	18	18	22	23	21	41	35	10	2	20	19	43	8	24	39	28	22	31	50	2	47	30	5	16	46	6	16	20	
3	38	6	19	17	24	40	36	7	21	39	15	36	1	35	8	11	15	12	18	29	19	18	30	44	16	45	33	44	21	9	32	12	12	42	4	15	27	15	46	
26	24	45	34	29	27	22	9	30	44	7	34	8	40	11	35	8	2	48	36	34	22	8	21	7	42	17	11	46	38	24	47	15	41	16	37	49	18	31	1	
21	10	18	4	5	42	41	28	49	21	35	50	20	32	43	40	20	49	29	38	22	29	10	16	27	1	40	21	46	43	3	36	2	42	30	47	16	27	41	15	
33	32	29	10	16	8	17	4	45	23	33	28	23	32	35	34	2	19	26	29	6	31	37	8	29	21	2	46	37	1	39	42	17	42	27	46	22	10	23	7	
42	6	8	20	11	8	1	33	39	33	11	46	8	10	5	12	34	18	49	11	46	37	14	5	47	28	19	37	39	34	12	39	5	13	25	45	13	17	39	5	
40	29	20	3	18	12	20	15	37	23	47	15	18	50	25	25	31	43	33	32	10	48	43	15	8	24	25	15	3	37	17	35	23	34	2	44	15	36	3	32	
21	28	7	5	15	4	35	21	43	2	24	33	17	38	16	30	9	10	28	18	8	17	26	20	18	26	48	39	45	24	47	4	32	44	36	27	40	49	33	2	
23	44	36	33	39	42	18	41	33	11	7	38	19	30	32	37	7	35	5	3	5	14	21	19	3	23	43	22	39	7	44	42	27	44	34	34	2	40	47	48	
32	15	13	37	24	12	45	7	20	14	13	15	17	1	16	7	47	15	33	4	47	35	41	25	9	14	47	5	32	40	41	47	14	5	17	21	47	7	26	44	
21	17	15	45	29	1	17	45	26	25	32	21	5	29	16	32	8	32	20	39	23	44	11	46	45	43	49	10	8	45	34	40	37	49	31	12	46	12	14	40	
18	27	23	31	47	49	34	2	40	17	30	10	15	36	44	11	47	15	31	30	27	6	43	20	44	24	23	9	41	21	20	38	49	50	30	17	28	16	22	21	
26	6	39	33	30	39	13	26	4	26	25	41	39	9	25	31	1	36	38	10	22	3	5	17	47	10	18	43	48	14	43	4	49	24	34	4	27	42	21	47	
16	32	13	44	11	43	41	35	37	20	5	15	44	1	19	2	17	39	45	17	25	16	36	42	41	45	43	32	40	27	40	10	32	45	8	22	45	32	25	23	
4	30	1	37	27	44	9	9	35	42	22	10	28	33	30	5	18	1	4	32	24	22	36	15	18	46	8	32	40	4	34	26	46	22	21	17	40	31	38	16	
38	43	2	35	33	12	30	24	26	24	40	36	16	12	47	19	2	35	36	26	10	40	1	40	16	3	41	24	19	33	6	29	50	18	49	18	10	33	46	10	
13	48	38	35	14	3	34	27	32	13	24	5	19	24	13	8	33	38	47	5	16	21	21	1	40	30	26	30	35	32	11	49	8	17	1	48	6	1	37	6	
36	8	46	43	45	44	37	13	3	44	21	34	13	4	48	11	12	15	45	2	38	1	20	24	3	37	32	21	5	34	46	30	40	10	11	30	34	23	40	17	
45	36	12	15	41	44	43	49	1	39	5	46	14	29	4	29	42	18	33	49	10	29	33	5	22	32	24	30	29	37	19	14	41	23	29	29	16	7	35	2	
23	45	30	33	4	27	2	37	35	14	34	1	19	23	34	34	40	24	29	22	24	33	26	5	25	12	5	3	50	27	28	1	45	23	33	12	20	12	29	29	
22	6	6	41	27	34	36	24	18	6	8	44	26	47	36	21	47	30	15	24	42	9	34	38	49	18	1	45	17	18	22	37	9	49	9	14	30	20	27	1	
29	31	20	46	28	11	14	23	37	26	5	6	48	10	21	48	16	16	31	38	5	32	44	14	4	2	10	6	38	21	4	48	45	10	17	41	34	50	19	12	
27	36	13	29	50	8	29	49	26	15	8	42	4	12	30	47	9	25	36	38	29	34	4	10	22	38	50	34	34	6	32	22	44	30	36	47	4	35	9	16	
43	40	41	18	20	20	6	30	46	34	34	15	9	26	39	29	28	12	20	43	14	7	24	29	50	48	10	42	20	23	2	36	7	13	49	9	5	17	39	39	
18	28	11	13	38	13	29	8	33	1	12	17	46	20	6	38	22	17	10	44	36	43	21	43	50	29	40	14	15	39	4	8	41	28	49	31	4	37	14	40	
19	44	21	43	31	29	33	48	3	18	21	42	44	19	38	14	26	38	25	49	49	22	48	1	50	25	1	49	31	4	46	37	24	46	16	43	20	22	33	5	
35	20	34	21	15	11	30	6	31	6	47	2	7	38	12	28	46	45	11	6	8	42	48	50	45	20	8	29	13	8	35	30	8	4	32	26	3	14	36	1	
20	36	1	46	24	48	5	25	25	50	33	5	35	32	20	28	14	12	11	44	43	49	19	24	28	49	36	15	26	11	13	27	15	22	24	28	49	15	34	22	
3	24	42	40	16	43	31	13	43	6	32	41	8	6	15	17	35	28	27	41	38	6	30	27	4	20	9	22	10	37	25	31	41	21	23	22	19	29	11	25	
46	24	38	37	38	33	12	32	14	20	25	48	39	3	11	34	9	13	9	1	39	34	13	22	35	29	13	36	12	48	47	31	35	35	16	5	45	16	7	36	
2	26	25	46	29	45	21	11	50	16	16	12	46	11	23	41	46	6	49	44	9	7	35	24	20	20	45	17	9	12	38	11	37	30	28	41	40	28	32	15	
9	50	11	15	45	26	20	20	18	14	49	25	10	24	23	27	27	39	10	7	39	31	48	13	34	4	9	10	4	34	41	50	6	3	3	1	11	9	12	12	
26	37	9	46	12	45	36	21	16	26	24	18	45	36	5	31	11	7	3	47	50	13	36	12	23	35	3	16	2	7	29	36	44	26	2	23	45	9	24	2	
9	17	2	7	50	29	38	26	16	35	15	8	22	4	42	12	27	42	36	41	44	38	43	50	12	2	36	35	35	22	26	26	49	17	5	22	49	26	45	43	
13	50	10	40	35	30	46	1	30	22	43	31	27	6	12	13	36	22	30	35	12	43	40	10	38	18	47	10	12	36	33	17	50	5	28	4	14	21	40	27	
13	11	47	4	23	36	27	42	39	48	41	39	34	34	19	19	15	32	17	10	45	17	49	48	24	22	44	6	17	39	38	3	5	47	23	37	4	6	12	1	
21	12	36	7	27	11	10	39	35	40	14	6	18	31	48	46	27	38	46	29	38	36	1	32	17	22	20	7	6	12	32	29	19	29	38	30	49	43	28	43	
31	27	21	13	19	25	11	32	20	35	45	34	32	31	23	28	8	46	16	28	33	21	14	12	4	22	45	9	40	34	36	26	6	33	21	20	33	39	6	7	
48	7	41	45	22	32	43	6	6	35	38	2	35	2	39	15	24	30	26	36	22	28	15	30	10	28	45	29	9	23	10	29	15	21	42	45	16	15	40	35	
34	7	45	1	48	31	28	29	29	45	9	6	50	18	40	7	24	28	6	23	35	20	39	7	17	13	44	30	47	9	33	49	49	14	16	44	5	48	28	6	
