Factories	3
Families	30
Machines	2
SetupType	2

Number of Jobs in each Family
3	5	5	4	6	5	2	3	1	2	10	10	5	4	6	4	9	8	4	6	7	8	1	7	4	5	10	1	8	1	

Jobs in each Family
0	1	2	
3	4	5	6	7	
8	9	10	11	12	
13	14	15	16	
17	18	19	20	21	22	
23	24	25	26	27	
28	29	
30	31	32	
33	
34	35	
36	37	38	39	40	41	42	43	44	45	
46	47	48	49	50	51	52	53	54	55	
56	57	58	59	60	
61	62	63	64	
65	66	67	68	69	70	
71	72	73	74	
75	76	77	78	79	80	81	82	83	
84	85	86	87	88	89	90	91	
92	93	94	95	
96	97	98	99	100	101	
102	103	104	105	106	107	108	
109	110	111	112	113	114	115	116	
117	
118	119	120	121	122	123	124	
125	126	127	128	
129	130	131	132	133	
134	135	136	137	138	139	140	141	142	143	
144	
145	146	147	148	149	150	151	152	
153	

Total number of jobs
154

Processing times of jobs
5	5	
5	9	
7	8	
1	7	
10	10	
3	10	
5	4	
1	5	
10	4	
6	9	
10	9	
8	4	
1	8	
2	1	
8	8	
10	4	
1	6	
5	8	
8	4	
1	2	
2	10	
3	9	
1	8	
3	7	
4	3	
5	9	
6	8	
1	2	
8	2	
7	8	
6	6	
7	3	
3	6	
7	6	
6	8	
1	1	
3	5	
1	10	
6	1	
6	8	
2	5	
4	7	
7	9	
6	10	
3	2	
2	7	
6	2	
8	7	
7	4	
8	6	
7	9	
5	5	
9	2	
2	9	
5	3	
4	3	
10	7	
10	1	
4	4	
10	10	
8	8	
7	7	
10	4	
8	5	
5	2	
3	3	
3	3	
6	3	
3	1	
4	5	
8	4	
10	9	
6	3	
9	4	
5	9	
10	5	
7	7	
6	7	
1	10	
10	1	
9	2	
10	7	
3	7	
10	8	
3	7	
3	7	
4	3	
6	1	
4	3	
4	1	
1	10	
5	4	
8	7	
8	9	
7	5	
1	8	
8	4	
5	9	
9	9	
4	6	
1	10	
5	10	
5	10	
3	9	
8	1	
8	2	
8	10	
8	8	
7	6	
1	8	
4	1	
2	7	
10	9	
9	1	
4	9	
6	9	
3	4	
9	8	
4	9	
4	1	
5	10	
2	3	
10	8	
7	5	
2	9	
4	3	
9	2	
7	6	
2	1	
8	6	
7	2	
1	4	
6	2	
3	3	
5	7	
2	1	
9	3	
9	3	
1	8	
3	5	
3	8	
4	2	
6	1	
5	2	
9	10	
5	9	
10	2	
10	10	
10	8	
4	7	
6	10	
2	5	
6	6	
10	7	

Stepup times between Families, where [f][f] represents initial setup time
On machine	1
21	36	32	47	26	49	38	39	15	43	19	39	47	39	49	46	17	13	33	40	34	43	8	24	2	4	46	15	38	35	
42	14	38	11	4	30	12	21	3	43	30	10	44	48	16	42	21	50	45	8	4	38	40	17	18	2	12	16	43	27	
37	50	25	45	24	21	22	6	5	18	39	41	46	22	33	10	39	50	36	14	5	45	20	4	43	8	31	50	42	27	
38	1	10	26	46	28	31	20	23	38	5	14	13	27	19	39	1	33	15	38	13	24	33	44	41	48	17	17	38	35	
49	50	26	43	14	14	12	37	44	47	8	1	28	2	37	44	20	38	25	21	30	33	27	28	44	46	50	42	38	32	
4	20	1	44	10	38	25	34	36	27	45	12	26	31	42	12	33	9	35	35	33	7	47	33	46	1	22	12	24	4	
26	6	36	45	20	28	1	47	46	44	19	45	47	11	45	29	23	43	8	3	35	46	16	14	14	36	9	46	15	24	
44	46	7	19	15	31	23	3	32	43	33	4	8	15	35	43	9	36	21	17	47	30	19	26	37	31	9	16	47	12	
35	50	31	24	48	13	43	4	13	42	26	28	8	12	38	10	20	28	5	22	45	36	5	14	5	15	13	23	44	27	
33	8	30	26	18	8	37	7	47	11	19	20	50	14	37	31	33	27	13	3	7	22	43	29	33	49	11	24	23	34	
47	29	46	6	26	10	24	43	42	3	46	1	28	33	44	28	42	50	42	44	10	12	30	11	20	22	17	29	16	16	
50	18	26	20	39	4	3	27	26	40	14	5	1	40	18	45	3	19	39	41	6	16	36	31	15	29	22	14	21	24	
18	44	21	44	9	13	21	13	2	8	28	32	5	5	25	21	3	42	30	38	11	32	22	26	34	43	25	8	40	9	
50	49	28	40	17	21	50	29	11	40	47	5	21	17	44	14	27	32	12	45	36	8	40	48	11	34	14	34	49	45	
46	27	12	15	28	28	46	24	10	40	16	33	47	16	21	21	32	15	22	38	7	45	8	49	23	41	18	30	47	22	
31	45	29	25	8	25	11	20	35	17	23	38	4	7	25	18	38	49	47	24	14	50	32	36	19	27	9	29	30	49	
23	50	24	11	27	33	49	13	35	43	40	50	47	2	28	15	19	1	16	32	36	31	14	6	27	34	36	19	24	17	
22	4	14	27	20	3	11	47	48	39	26	28	7	45	16	30	37	27	17	13	29	13	25	24	24	7	36	37	16	28	
14	29	29	50	38	20	36	13	49	50	14	26	11	30	37	4	2	40	50	22	22	33	4	14	29	32	41	46	31	32	
25	4	37	26	25	23	36	24	48	45	12	48	9	25	10	3	39	7	3	1	46	25	19	14	12	35	18	2	47	47	
2	45	48	25	39	24	41	4	20	48	37	43	30	13	38	15	28	4	31	14	37	9	10	20	28	13	46	38	21	50	
50	29	40	34	49	30	25	41	50	16	45	29	6	19	21	22	11	2	23	47	18	7	39	4	19	40	30	34	8	25	
11	30	46	2	11	28	46	21	21	28	31	31	26	26	39	7	1	21	16	4	46	28	16	22	3	35	39	42	25	41	
37	2	11	48	30	11	39	44	16	22	14	13	5	44	11	36	35	21	16	11	44	3	17	32	48	16	29	2	43	46	
27	32	34	11	42	29	10	35	22	2	26	11	10	36	49	31	16	9	40	7	29	44	14	19	20	47	24	44	29	24	
14	34	50	23	4	10	8	21	26	10	30	22	2	37	14	28	32	49	17	13	21	19	19	42	47	42	39	29	17	37	
13	43	37	15	40	2	10	17	48	38	37	9	29	17	7	15	26	7	44	11	30	38	22	19	30	32	28	36	40	24	
18	23	11	17	11	12	43	25	23	29	28	17	31	1	17	45	47	49	35	25	4	11	31	23	24	5	5	42	9	25	
22	9	12	22	15	27	5	40	1	36	4	37	16	14	31	18	10	40	21	30	39	21	32	37	14	49	34	46	4	19	
38	13	48	3	42	37	15	23	44	41	25	17	23	12	46	50	38	36	21	36	47	17	37	20	43	22	20	14	31	13	
On machine	2
17	1	18	31	48	24	6	11	21	21	32	41	5	15	37	32	50	9	42	45	28	20	2	6	29	38	27	46	41	2	
6	12	18	6	9	42	17	48	43	16	6	46	26	4	34	17	15	7	26	1	40	5	8	35	39	32	14	3	28	13	
1	1	18	22	29	29	46	47	15	15	17	39	24	5	6	26	33	12	44	26	20	13	2	32	42	9	34	9	18	21	
14	7	6	34	21	40	20	12	20	32	2	4	17	39	31	28	15	15	24	10	23	4	30	47	11	30	50	38	36	16	
41	10	30	25	8	31	6	14	32	3	14	5	38	32	37	26	45	29	31	3	47	6	9	32	48	46	17	13	46	22	
33	22	41	46	42	6	31	4	25	17	29	19	3	41	47	34	44	17	36	10	25	4	3	48	45	16	19	4	13	11	
1	32	42	11	14	41	40	2	9	36	2	1	16	32	15	39	17	31	49	9	22	25	42	44	43	6	19	40	19	17	
34	32	36	10	17	28	32	10	24	45	12	31	34	33	10	48	3	30	23	50	36	28	37	33	2	23	21	35	6	32	
8	18	21	8	43	12	35	44	41	2	33	41	39	46	12	34	41	42	15	18	33	18	44	43	46	25	28	23	20	25	
24	46	40	45	7	19	7	37	35	27	28	6	12	10	40	40	31	26	27	30	37	5	36	48	5	3	31	19	38	34	
38	20	16	18	39	19	45	22	32	50	24	37	33	12	48	34	47	44	26	24	49	25	8	7	35	27	8	14	40	13	
23	45	23	4	30	10	45	2	2	20	18	23	21	49	12	30	38	5	24	22	45	37	50	17	31	10	12	41	15	50	
33	43	13	37	5	42	38	42	10	22	12	26	19	24	49	14	1	39	46	43	17	26	19	35	28	8	29	38	21	48	
29	42	8	18	31	18	14	37	20	38	39	44	38	48	49	32	7	13	20	8	32	30	22	14	9	3	44	9	35	21	
9	23	11	1	7	29	6	13	12	49	31	7	50	38	31	24	8	7	3	35	37	21	47	12	17	9	12	15	22	50	
3	49	23	34	12	14	6	40	23	17	25	20	31	10	27	26	34	33	11	49	14	34	36	36	31	23	45	6	19	14	
24	26	29	28	13	9	23	16	15	35	27	10	48	46	38	30	20	32	28	4	2	8	11	6	17	45	45	17	31	38	
11	29	6	9	50	5	8	5	44	35	42	14	2	13	19	44	13	1	27	3	22	21	28	23	5	44	47	28	14	3	
17	5	9	8	8	1	10	9	2	10	48	41	8	50	39	10	15	34	22	45	48	50	45	21	36	17	15	35	20	30	
29	4	10	28	24	24	36	45	42	25	39	33	47	23	37	35	20	30	41	4	22	3	45	29	5	43	16	21	14	27	
36	40	13	39	32	17	25	43	44	3	7	37	13	4	46	6	33	49	37	30	3	31	10	6	14	8	45	29	30	12	
5	47	39	12	42	50	5	46	40	28	38	3	36	5	50	39	41	48	30	5	49	8	39	26	24	47	18	11	17	44	
50	9	28	16	7	38	31	31	16	14	34	22	1	46	20	38	22	39	16	36	18	20	15	15	2	7	11	12	47	49	
32	49	20	49	10	16	16	12	22	17	49	37	16	26	19	6	21	33	37	26	13	33	45	20	42	22	9	38	39	37	
14	19	26	36	27	5	25	26	26	15	30	35	41	3	17	2	44	19	44	5	18	26	35	13	47	25	1	49	30	12	
19	34	44	5	20	38	9	20	19	33	46	15	45	30	42	17	8	12	22	30	49	42	35	32	4	46	37	14	2	42	
32	17	35	37	7	43	49	34	21	40	43	39	29	32	28	2	21	41	36	40	5	3	9	30	7	44	50	13	49	17	
25	28	29	17	12	2	47	7	19	48	17	33	24	7	37	41	50	35	4	1	38	50	21	3	46	15	7	12	14	8	
29	2	14	44	3	8	33	7	17	4	7	48	30	16	30	7	37	17	7	19	11	48	42	38	18	50	29	21	15	7	
24	1	6	7	48	37	50	7	35	6	36	50	17	1	12	30	1	10	17	26	47	26	18	18	49	7	7	16	33	2	
