Factories	3
Families	30
Machines	6
SetupType	2

Number of Jobs in each Family
6	5	1	4	2	9	9	2	6	4	1	4	8	6	10	2	7	8	9	6	9	4	7	7	5	9	7	2	6	9	

Jobs in each Family
0	1	2	3	4	5	
6	7	8	9	10	
11	
12	13	14	15	
16	17	
18	19	20	21	22	23	24	25	26	
27	28	29	30	31	32	33	34	35	
36	37	
38	39	40	41	42	43	
44	45	46	47	
48	
49	50	51	52	
53	54	55	56	57	58	59	60	
61	62	63	64	65	66	
67	68	69	70	71	72	73	74	75	76	
77	78	
79	80	81	82	83	84	85	
86	87	88	89	90	91	92	93	
94	95	96	97	98	99	100	101	102	
103	104	105	106	107	108	
109	110	111	112	113	114	115	116	117	
118	119	120	121	
122	123	124	125	126	127	128	
129	130	131	132	133	134	135	
136	137	138	139	140	
141	142	143	144	145	146	147	148	149	
150	151	152	153	154	155	156	
157	158	
159	160	161	162	163	164	
165	166	167	168	169	170	171	172	173	

Total number of jobs
174

Processing times of jobs
4	4	2	9	7	5	
3	1	3	4	4	10	
7	8	5	8	8	5	
3	8	8	7	7	2	
9	10	10	6	8	4	
8	6	3	3	3	9	
3	3	9	4	5	4	
7	6	4	9	7	8	
9	5	6	2	9	2	
10	5	10	8	3	7	
4	3	10	6	8	4	
6	9	1	3	7	7	
9	3	4	6	2	3	
6	5	2	10	6	9	
5	8	7	8	10	5	
10	6	4	1	8	5	
5	9	10	2	1	5	
3	6	1	1	4	4	
6	4	4	3	7	1	
4	8	10	2	5	5	
9	4	6	6	9	10	
7	4	2	9	10	10	
3	7	4	7	3	10	
8	8	9	3	4	3	
4	10	6	3	9	5	
3	8	9	10	8	3	
9	1	5	3	5	3	
1	7	4	9	10	3	
5	4	10	8	7	6	
2	6	9	1	9	10	
8	8	2	4	4	5	
7	10	2	7	1	4	
6	5	9	4	8	8	
10	2	7	2	7	10	
6	2	6	2	3	3	
9	9	10	6	10	10	
8	9	10	6	3	4	
2	10	9	7	4	4	
6	7	3	5	9	8	
5	8	7	1	6	9	
8	9	4	2	1	10	
10	1	7	2	10	7	
7	4	10	7	3	4	
1	1	7	2	10	5	
4	4	9	10	9	7	
7	3	2	3	6	3	
3	10	2	1	4	1	
4	9	2	8	4	1	
6	6	8	6	3	5	
2	8	6	3	1	1	
4	1	6	7	6	7	
7	10	10	8	1	6	
3	4	6	7	3	6	
4	10	2	5	10	2	
8	8	10	1	1	8	
7	4	7	5	6	9	
10	5	2	3	10	4	
7	8	8	3	5	10	
6	8	1	5	1	7	
2	9	7	8	7	1	
5	5	3	4	10	5	
2	3	2	10	2	4	
10	7	7	9	1	5	
1	7	1	8	5	5	
1	9	5	6	3	9	
3	7	6	4	6	5	
3	4	6	10	2	7	
4	3	9	10	4	5	
8	8	8	7	6	5	
7	8	4	8	6	2	
8	1	1	1	6	2	
10	7	4	10	10	9	
4	1	4	2	1	3	
2	6	3	7	7	2	
3	1	10	1	2	10	
2	3	9	7	4	9	
7	3	9	1	1	3	
5	10	9	3	5	1	
5	10	10	2	6	4	
1	6	6	4	5	9	
9	5	6	9	8	6	
3	8	9	1	7	8	
6	4	3	3	10	3	
8	7	9	3	4	1	
4	1	8	8	9	6	
9	10	3	7	8	5	
7	4	9	1	3	4	
5	9	2	7	9	5	
9	1	6	1	5	1	
9	6	9	9	8	5	
1	9	6	5	1	5	
7	6	10	3	3	6	
9	3	3	8	5	9	
6	3	1	6	10	2	
5	2	9	8	3	2	
8	6	4	6	7	10	
9	9	8	9	3	5	
2	8	10	7	3	10	
8	6	5	10	6	3	
10	6	3	4	7	2	
10	5	8	1	1	6	
4	2	1	5	2	1	
4	2	3	10	3	10	
5	2	4	8	9	9	
6	10	5	1	3	4	
6	2	4	2	9	2	
3	2	9	10	5	3	
10	10	9	8	6	8	
10	2	4	6	5	8	
8	6	3	9	1	4	
6	3	5	6	3	3	
2	1	2	8	9	8	
9	3	3	8	5	9	
4	1	3	5	10	9	
7	8	1	9	1	1	
10	10	4	9	7	9	
7	7	6	2	2	6	
7	3	5	4	10	4	
4	9	1	6	9	10	
6	9	10	1	6	3	
6	10	3	7	4	2	
2	10	4	6	10	1	
10	7	6	2	3	3	
6	1	8	10	5	3	
10	3	4	6	10	1	
10	1	9	6	7	10	
5	9	5	8	6	8	
1	1	9	9	9	5	
8	5	5	3	7	8	
5	5	5	10	1	7	
10	2	3	2	4	6	
5	10	1	4	6	4	
8	4	6	1	3	10	
6	8	10	8	6	3	
3	10	6	9	6	2	
6	6	8	7	4	6	
4	8	4	7	4	5	
2	10	2	1	1	10	
9	1	7	10	3	10	
1	8	6	9	8	3	
8	4	6	5	4	10	
6	5	2	10	4	10	
5	4	7	10	5	8	
7	4	9	2	3	9	
9	7	8	6	4	1	
2	1	7	6	10	4	
5	7	7	9	10	1	
3	4	9	8	8	3	
8	9	3	8	7	8	
10	5	10	8	4	10	
4	4	4	4	7	10	
3	8	5	1	1	4	
4	1	8	3	6	4	
8	10	8	10	8	2	
9	3	9	8	6	4	
2	3	9	1	7	5	
10	9	8	8	8	9	
1	2	2	7	5	8	
9	8	9	7	4	9	
7	7	1	7	1	3	
3	7	4	5	5	2	
5	7	6	9	1	2	
6	8	7	9	10	9	
5	5	8	6	4	6	
2	2	7	8	1	1	
6	2	9	1	7	4	
7	3	9	9	2	4	
3	7	10	10	8	1	
1	9	1	7	9	8	
3	10	5	8	1	1	
5	5	4	10	6	6	
3	7	1	2	8	3	
8	10	9	6	10	1	
7	10	5	6	6	5	

Stepup times between Families, where [f][f] represents initial setup time
On machine	1
18	19	15	11	38	43	16	21	21	18	36	12	47	29	21	25	1	24	44	31	15	32	46	41	24	1	47	29	16	20	
29	31	19	47	4	43	49	9	33	6	28	28	16	1	24	37	9	23	41	28	1	32	38	25	9	23	49	14	49	43	
28	13	2	26	48	30	3	14	29	30	6	37	30	39	23	33	5	40	24	50	19	24	22	41	19	37	31	4	39	9	
26	19	35	26	42	1	47	47	21	37	24	35	4	9	15	10	12	48	44	48	1	40	16	50	1	44	36	32	45	9	
26	43	37	1	39	38	7	36	16	27	5	11	8	6	40	46	19	41	48	13	13	7	25	37	8	14	25	44	27	10	
7	11	18	21	33	45	28	45	16	21	44	8	30	36	38	43	49	1	30	34	16	9	30	49	43	10	22	43	19	50	
20	24	14	8	11	6	22	24	40	15	43	44	47	22	10	18	22	39	24	21	30	42	15	9	49	41	25	44	37	32	
36	2	36	16	20	45	14	12	19	31	23	16	35	15	10	14	48	15	13	31	48	46	21	41	42	31	39	38	14	17	
9	17	49	2	29	28	41	11	48	9	45	26	16	24	15	12	48	8	38	4	35	17	12	13	18	41	26	42	30	34	
10	50	28	18	23	47	20	5	8	6	25	47	31	28	47	28	29	39	12	2	33	17	41	9	30	3	35	39	17	33	
24	37	7	12	18	39	33	8	29	49	18	8	48	35	14	34	33	27	46	40	11	10	11	34	49	44	25	26	38	19	
4	22	1	30	50	47	1	25	6	24	9	11	19	42	5	50	19	5	23	37	28	45	13	37	21	48	45	8	24	2	
37	16	35	25	41	31	32	46	48	22	48	22	10	48	3	41	18	6	17	25	27	10	26	41	45	20	4	26	11	27	
16	30	30	24	50	3	24	8	47	44	11	10	18	28	15	35	19	4	7	19	50	12	9	34	32	27	50	37	8	34	
47	40	44	21	41	49	10	9	44	36	33	5	25	10	3	30	22	16	7	20	4	24	49	43	48	18	29	46	22	50	
20	14	36	33	41	48	32	6	36	10	13	43	3	35	26	43	28	25	14	41	44	7	47	47	4	23	1	23	40	20	
4	5	4	35	39	2	34	24	27	43	2	32	40	25	39	5	13	3	42	38	19	44	18	15	32	44	15	17	46	49	
10	18	2	39	47	49	6	18	4	13	34	14	28	49	49	13	36	30	2	14	36	26	34	31	25	1	12	13	49	21	
40	28	14	48	24	40	43	28	12	37	40	21	28	24	39	27	13	12	42	1	7	46	7	1	3	26	49	20	13	17	
5	40	23	18	28	37	26	16	43	46	19	19	26	15	11	46	35	11	9	44	49	39	9	13	26	9	38	21	14	2	
3	27	17	42	17	22	5	34	13	44	22	36	21	9	11	6	23	13	1	40	39	3	36	26	20	19	25	6	11	32	
5	24	40	47	11	40	12	22	19	3	3	37	11	9	26	40	10	38	16	20	22	1	9	15	12	4	17	8	35	40	
34	27	43	25	20	19	40	39	26	46	41	33	33	49	19	35	24	30	24	44	26	20	49	37	22	31	1	30	28	4	
4	7	11	25	11	37	37	37	42	43	13	11	43	10	6	32	26	1	24	19	30	5	5	50	11	26	45	19	25	19	
30	23	46	48	18	49	47	39	1	32	16	47	10	37	6	49	20	25	1	18	46	47	9	45	3	17	43	2	48	33	
27	33	13	47	4	28	42	28	12	50	35	39	2	45	29	29	37	9	43	40	40	42	27	25	4	34	19	50	22	27	
30	48	9	45	19	13	27	12	3	22	43	40	46	45	14	4	25	16	15	24	5	23	12	42	8	21	45	21	1	29	
14	29	23	42	28	4	21	26	21	38	21	49	31	36	42	7	20	23	27	45	9	11	6	8	43	14	37	49	21	14	
13	4	42	27	27	46	49	6	4	32	13	11	48	44	29	12	8	36	30	10	15	46	15	45	23	44	34	35	34	48	
29	1	17	13	39	4	20	12	45	26	44	7	43	9	50	13	45	21	18	45	31	4	5	37	16	48	3	6	42	20	
On machine	2
33	42	20	30	9	27	8	34	48	42	47	47	40	36	38	9	47	16	42	6	22	17	48	36	42	10	39	34	22	20	
31	19	32	40	39	46	15	25	12	40	25	45	40	17	12	37	50	12	1	30	26	43	40	21	31	50	17	21	47	50	
9	32	40	41	47	25	3	37	13	19	38	19	25	29	21	26	45	48	20	18	28	2	28	19	23	31	1	17	10	34	
33	16	20	22	49	22	26	12	37	20	43	41	29	35	27	41	42	29	39	45	49	36	27	22	2	46	35	5	6	22	
12	45	8	32	31	43	43	29	14	21	24	38	15	11	20	7	21	49	10	39	25	5	44	2	22	40	7	1	27	6	
36	23	47	39	45	44	48	49	36	3	39	7	6	50	34	50	2	3	14	21	26	31	20	27	18	33	44	50	46	37	
30	34	2	12	7	21	39	41	11	32	9	34	29	31	8	4	4	2	41	4	31	14	13	28	50	29	45	6	20	10	
44	36	38	23	21	22	30	17	25	41	40	35	21	3	12	21	20	30	48	27	42	47	26	20	2	42	32	49	34	43	
24	3	2	41	50	12	7	50	4	17	47	23	8	23	23	23	26	27	22	38	19	8	20	50	3	35	32	17	40	27	
40	29	16	46	8	39	41	41	5	35	49	22	36	46	47	48	36	48	49	34	31	42	20	28	28	44	49	22	32	44	
5	22	38	5	21	9	45	14	40	5	27	12	3	46	21	45	44	46	10	31	37	48	22	42	34	11	11	2	33	37	
22	36	17	33	13	47	24	48	32	43	38	22	37	29	32	11	45	48	34	40	12	31	29	42	15	46	45	11	21	10	
5	14	45	39	18	10	6	22	17	40	32	33	27	4	6	10	21	6	17	1	47	40	22	6	43	46	13	6	36	10	
35	16	34	30	33	10	16	23	32	42	3	15	48	48	30	26	14	24	20	41	32	4	33	44	43	41	36	40	16	20	
39	34	49	45	50	47	47	14	17	12	48	32	36	39	5	3	5	10	33	4	42	44	43	23	22	34	35	34	11	43	
31	47	15	35	8	50	19	44	3	31	25	18	17	9	16	31	40	3	36	34	39	24	22	50	12	34	46	29	29	24	
32	41	2	26	30	19	42	30	21	7	36	2	46	5	41	39	11	49	40	50	31	9	33	39	2	43	38	42	14	34	
34	14	21	10	14	22	45	40	38	44	36	4	47	11	49	39	1	29	39	47	8	6	24	5	7	46	14	28	50	46	
20	27	16	2	7	8	14	11	21	8	43	46	40	28	6	39	20	37	12	50	14	8	30	48	1	22	12	41	33	49	
9	39	10	20	12	31	5	50	35	15	14	3	10	20	13	21	6	25	25	6	35	14	1	46	37	25	46	1	20	11	
39	32	42	43	24	9	18	4	47	35	18	35	3	41	48	9	46	46	15	9	14	22	19	17	12	28	32	38	41	34	
28	39	3	10	12	26	4	31	21	19	30	33	13	48	28	24	27	2	31	37	26	34	21	45	37	11	44	10	26	9	
21	50	43	3	21	1	22	17	40	24	15	18	30	18	43	10	46	25	20	33	9	14	41	13	10	41	4	12	26	48	
38	10	12	33	24	43	46	9	19	3	20	28	1	42	9	50	2	6	27	19	41	13	21	32	31	48	43	10	41	48	
16	5	9	7	31	15	8	26	4	41	4	5	16	38	4	6	11	38	49	33	10	35	17	17	19	49	29	38	34	38	
11	25	26	11	6	42	7	19	39	15	13	25	5	16	48	35	23	39	26	1	26	45	32	3	42	11	9	31	22	8	
27	19	34	23	10	49	19	35	32	5	32	33	13	25	37	30	21	5	49	44	30	40	34	47	12	27	3	10	30	39	
5	16	1	45	19	24	12	41	29	22	18	48	29	48	5	40	9	29	49	32	44	23	13	42	36	34	17	26	47	35	
45	27	50	27	12	32	49	16	37	9	6	43	8	32	13	9	41	25	2	46	19	41	31	4	29	18	46	16	15	42	
24	42	28	17	48	17	22	44	49	33	22	14	31	24	8	39	38	21	22	2	37	40	30	8	2	28	1	11	5	28	
On machine	3
37	19	45	10	10	16	2	45	1	18	4	21	7	2	22	30	25	24	33	6	31	15	11	45	45	47	44	14	13	36	
11	17	16	38	40	46	5	1	1	10	25	27	16	39	43	5	39	24	17	11	5	27	48	43	29	28	47	24	19	40	
21	28	19	27	32	31	2	6	13	6	45	40	14	49	16	20	50	8	14	13	37	44	27	28	6	18	1	14	48	42	
6	15	41	7	43	12	14	3	13	4	30	29	24	10	40	46	8	47	44	21	26	47	41	18	36	44	34	26	42	25	
27	22	16	26	7	47	34	5	40	28	26	49	20	26	34	38	6	31	37	8	41	32	37	22	29	18	26	42	45	7	
14	25	43	8	13	1	35	25	5	47	22	14	22	46	43	3	29	21	46	44	5	43	44	4	35	49	21	13	26	16	
30	50	33	11	42	46	18	17	23	39	5	13	3	42	2	46	27	19	2	50	46	37	35	15	45	3	20	43	35	25	
29	36	37	37	2	2	15	16	11	29	20	5	9	18	7	44	27	5	15	21	9	27	22	36	14	33	11	12	25	39	
38	48	12	3	39	46	22	1	20	3	45	33	36	42	1	24	41	21	15	17	47	45	21	1	38	36	45	19	36	39	
30	7	42	44	34	29	10	47	13	1	13	47	30	23	35	40	2	35	13	15	41	14	48	23	6	47	28	18	45	22	
33	38	37	40	46	27	20	18	42	44	35	42	34	4	19	6	9	42	26	38	12	16	4	6	43	30	40	1	20	18	
2	19	44	6	4	31	33	35	9	22	41	28	27	24	4	3	35	45	36	44	12	28	40	37	27	19	18	8	18	31	
44	38	43	32	47	39	48	28	27	4	24	20	9	44	29	30	25	41	29	21	8	10	4	29	19	42	20	3	13	21	
47	45	29	22	5	10	31	23	7	14	44	42	34	19	2	3	26	15	18	2	22	3	49	29	37	8	33	15	43	36	
29	14	3	50	17	43	49	16	3	7	30	9	22	29	15	3	22	41	25	31	2	40	14	27	33	35	4	48	36	14	
20	44	35	24	42	42	1	50	23	22	5	36	39	21	9	11	28	4	21	44	41	9	9	28	40	5	30	24	21	21	
27	8	3	13	49	24	23	35	8	11	39	13	40	50	11	9	26	8	16	14	16	19	47	24	23	26	12	26	15	37	
13	32	4	46	3	39	40	20	46	50	42	28	9	34	30	15	49	37	15	38	38	49	7	8	38	30	40	32	33	43	
20	8	44	11	16	6	20	16	38	6	20	6	13	9	23	43	43	11	14	35	48	42	35	9	25	25	35	24	44	28	
13	18	34	3	3	3	27	22	25	11	41	50	44	47	22	27	44	42	15	26	39	43	13	15	14	22	19	1	14	33	
46	33	33	26	42	45	20	25	32	15	2	9	29	48	7	31	8	14	28	46	14	47	15	12	14	3	46	4	18	6	
28	45	41	2	38	20	26	37	30	13	11	25	5	50	50	26	38	27	43	50	16	44	22	17	9	5	21	22	5	41	
15	27	1	9	25	13	22	30	36	11	44	24	24	44	13	41	48	2	42	13	44	6	12	25	39	32	25	46	2	25	
40	25	42	26	32	18	7	10	26	49	37	27	45	17	30	19	47	45	49	22	14	15	27	3	8	1	29	24	26	24	
41	2	9	26	6	29	47	44	45	25	28	30	9	21	10	4	37	48	49	10	48	34	22	1	28	17	4	50	6	42	
33	32	38	13	26	30	50	1	24	5	31	9	15	39	49	11	39	15	4	3	3	21	1	37	7	4	45	26	38	28	
31	28	39	14	41	20	26	14	16	28	49	12	5	36	49	18	35	3	1	42	37	21	2	30	49	16	22	33	42	28	
11	30	16	20	31	7	15	36	26	1	43	45	5	38	5	10	13	40	28	41	30	49	9	43	28	16	1	44	20	22	
49	23	40	36	5	13	32	9	24	32	24	24	21	30	8	36	21	12	32	20	4	37	28	50	38	34	2	36	9	47	
2	23	12	15	42	16	6	5	27	47	12	30	14	29	22	7	1	48	38	5	23	37	39	7	24	3	48	21	41	38	
On machine	4
29	4	5	28	44	48	1	21	45	30	6	42	7	4	31	6	14	7	3	3	26	39	41	12	24	35	37	42	21	11	
28	23	14	47	42	42	21	46	26	29	13	7	50	26	3	16	49	8	20	50	18	34	20	2	34	29	15	44	8	15	
27	5	28	12	49	44	49	49	35	7	36	31	47	43	11	28	43	11	17	48	38	2	48	21	21	1	7	16	17	9	
40	46	17	10	8	7	36	35	17	7	44	49	38	10	37	17	21	3	50	10	21	35	37	5	46	23	43	30	2	50	
2	8	5	3	4	23	27	40	42	9	34	43	40	23	31	12	20	22	13	17	16	18	11	19	18	18	27	10	20	17	
24	46	25	5	1	22	6	6	19	20	31	29	5	38	45	20	21	28	34	43	50	50	46	20	22	2	43	38	43	31	
48	46	49	50	2	35	1	24	18	9	25	16	35	8	48	38	47	50	3	27	45	15	46	43	12	49	49	6	28	29	
36	10	7	2	10	7	3	36	33	50	20	38	42	11	36	31	50	17	19	25	49	38	37	27	45	27	34	14	8	3	
35	45	45	4	26	42	14	32	44	14	16	13	40	46	41	30	44	35	10	28	28	26	4	21	30	38	44	3	48	34	
43	9	12	8	42	10	33	42	43	25	9	47	13	41	22	30	35	11	5	10	14	15	28	25	2	12	18	10	49	26	
24	10	3	18	17	25	44	8	4	30	18	27	29	48	23	40	26	16	11	4	47	50	7	38	18	24	2	42	3	9	
7	48	44	34	12	16	12	27	8	17	13	4	19	43	17	50	39	41	11	22	12	18	13	3	5	49	18	35	37	20	
30	19	36	17	43	14	33	5	6	26	13	22	36	17	17	37	3	7	27	9	17	18	5	44	25	48	21	11	6	49	
14	18	27	27	34	10	19	27	21	28	5	42	32	2	47	23	22	3	50	9	40	12	17	7	17	14	44	25	19	3	
34	1	14	17	7	26	33	12	35	9	37	10	1	13	43	11	50	14	33	12	18	32	29	23	18	33	46	9	41	6	
40	25	12	23	43	12	29	26	9	23	6	26	2	50	32	44	47	3	1	33	45	14	49	19	13	1	22	24	29	16	
6	48	15	45	39	3	28	25	4	41	13	18	42	17	8	42	4	33	38	39	36	45	23	19	3	5	36	21	1	45	
17	3	25	14	16	39	23	49	6	23	3	39	50	2	41	40	4	14	19	6	50	10	26	34	38	17	36	42	18	33	
39	29	27	19	3	6	5	28	27	38	2	33	4	5	19	41	9	41	16	31	15	50	40	36	19	4	40	25	41	18	
35	19	22	50	40	19	23	4	1	30	26	1	36	27	28	49	24	12	8	49	43	8	8	32	23	30	36	28	14	5	
4	7	3	22	17	48	21	7	21	17	32	37	12	20	48	26	46	45	10	40	13	33	23	19	19	12	36	17	24	16	
40	32	14	23	31	43	21	1	17	46	48	17	49	6	25	1	36	7	14	6	30	39	12	13	19	19	26	46	46	33	
16	16	3	37	42	11	14	13	18	21	42	27	2	34	7	37	21	30	40	10	49	15	27	6	44	29	18	19	33	34	
3	11	25	10	45	4	38	8	10	42	37	10	35	22	31	48	9	45	40	2	41	5	5	26	2	45	17	27	14	47	
32	22	1	10	15	49	1	22	5	32	14	1	42	38	31	11	15	42	8	17	3	13	41	7	32	43	29	29	16	18	
8	8	23	30	27	50	31	24	12	44	28	27	28	4	27	27	49	5	34	5	1	23	44	11	17	5	30	27	23	17	
29	4	42	31	16	48	5	16	48	27	8	18	4	50	30	47	2	23	36	25	32	11	43	26	48	17	5	38	31	38	
24	1	39	35	17	44	7	16	50	15	14	38	11	19	48	1	40	34	11	20	27	20	21	34	29	19	19	17	33	19	
50	8	43	34	14	2	5	38	7	14	3	5	18	3	2	50	42	26	28	32	29	17	17	34	10	24	27	35	6	20	
15	24	17	23	4	30	37	15	21	42	38	22	45	36	2	9	33	27	15	32	47	1	30	17	8	5	5	12	28	22	
On machine	5
7	39	25	41	25	36	14	14	24	35	18	20	43	27	29	1	38	26	31	11	29	25	19	15	21	10	5	35	33	18	
16	24	4	39	10	3	7	6	28	23	22	46	41	45	14	46	17	9	18	30	47	22	10	28	7	9	7	2	8	18	
17	48	33	28	28	2	41	3	35	27	1	23	27	48	45	31	4	7	30	27	11	48	42	11	20	39	32	44	24	8	
40	10	9	29	40	15	5	50	31	29	21	47	4	23	37	14	5	45	3	2	24	33	21	11	11	3	49	24	22	28	
46	26	17	49	1	36	28	46	16	9	18	32	5	50	23	44	26	18	20	24	16	30	2	37	49	19	31	22	5	16	
31	30	5	38	22	43	10	23	43	7	3	4	43	41	13	37	7	18	42	21	18	22	41	39	22	7	34	10	13	19	
46	23	15	45	21	35	20	2	21	4	35	34	11	16	7	44	32	34	45	42	23	7	44	34	33	35	47	5	6	41	
47	22	27	3	10	33	27	23	11	45	22	36	33	21	30	12	35	9	36	17	30	35	13	22	21	18	10	37	16	7	
33	38	8	22	18	49	23	15	4	46	6	37	26	11	39	38	16	28	8	17	26	33	17	17	1	25	46	45	19	43	
45	19	45	15	34	20	6	10	34	2	20	35	35	35	1	7	24	23	27	37	18	23	24	45	47	15	11	36	22	46	
44	29	33	1	42	38	1	12	46	21	32	38	20	40	41	27	11	20	7	18	19	17	24	14	31	27	23	36	47	35	
26	29	15	46	8	17	19	24	42	7	18	18	13	45	16	48	38	10	2	17	25	31	11	12	16	19	31	31	34	30	
47	49	45	33	44	44	41	3	19	16	32	6	28	25	49	38	22	1	15	26	38	3	27	48	39	21	21	48	9	35	
13	29	29	14	19	39	29	30	22	39	40	4	3	9	21	4	13	26	46	39	17	33	29	36	30	48	23	30	9	19	
29	48	16	40	13	14	31	23	28	14	50	23	7	34	39	39	46	17	26	16	16	43	13	45	3	42	49	40	30	13	
35	49	4	39	22	32	31	24	38	42	3	6	32	42	12	22	9	1	19	15	28	40	40	13	32	5	39	1	18	9	
28	42	36	29	32	23	18	36	35	1	3	27	13	37	15	13	45	35	45	27	35	34	35	26	43	32	24	37	23	28	
44	37	30	12	1	14	44	5	49	8	8	43	16	40	32	27	4	47	48	45	26	26	4	14	20	50	13	10	46	23	
17	44	46	30	21	40	43	18	14	29	32	40	10	46	37	5	34	46	44	34	43	44	37	20	40	31	15	25	8	1	
14	44	25	6	47	13	27	44	36	3	6	3	10	10	6	16	20	5	7	49	3	42	50	25	19	26	17	14	21	15	
12	4	4	37	37	21	10	15	47	26	39	9	26	41	16	12	27	21	39	1	39	1	8	50	24	3	5	3	27	45	
1	12	32	15	23	38	7	2	42	31	23	44	6	32	2	45	24	18	50	19	31	4	36	31	43	17	33	12	34	41	
12	42	8	33	19	4	32	10	3	48	4	13	18	25	15	38	22	36	13	44	32	8	18	13	14	36	32	27	46	38	
37	25	46	12	17	42	24	7	4	44	30	44	34	31	40	18	15	30	10	35	5	32	3	34	33	8	12	41	22	11	
48	40	1	49	49	28	11	14	14	15	44	8	21	27	39	45	31	5	33	11	37	19	47	24	2	31	47	13	44	35	
4	12	19	10	6	38	28	20	31	36	21	41	42	50	26	41	23	9	13	38	31	26	7	36	23	19	2	3	41	1	
45	7	5	30	9	46	3	41	1	18	9	38	12	13	16	45	28	12	25	9	46	43	17	33	24	2	45	46	45	23	
34	33	46	6	14	34	48	12	17	25	22	23	50	47	31	33	8	14	7	5	29	25	48	43	4	17	38	50	43	28	
18	36	37	19	43	48	25	47	18	27	33	44	41	7	48	34	42	4	13	38	29	20	7	27	43	38	12	40	35	23	
12	49	7	6	35	14	18	3	37	25	28	50	42	36	26	10	27	46	25	16	21	44	20	29	3	35	32	22	18	49	
On machine	6
15	28	16	7	32	49	38	33	31	41	11	17	8	37	23	48	9	26	26	45	4	29	28	18	28	3	26	30	1	2	
8	7	24	9	9	25	29	32	27	18	46	3	12	15	32	36	19	23	40	34	50	35	41	22	20	44	30	6	50	37	
2	46	10	16	30	16	25	24	33	49	42	10	38	4	13	44	26	43	22	46	30	1	5	35	28	11	40	33	32	48	
29	7	49	31	19	19	12	19	13	33	24	6	14	23	15	22	27	19	50	45	21	1	45	15	23	36	38	32	22	6	
29	46	20	38	44	2	12	18	46	2	20	10	1	33	49	38	2	29	43	2	8	30	43	31	10	14	11	31	11	8	
9	47	12	5	25	6	15	24	1	14	47	43	29	45	14	11	25	24	41	43	40	16	24	20	3	39	21	26	35	2	
20	30	33	35	1	11	33	48	28	15	8	50	8	34	35	50	26	11	8	35	3	40	19	46	2	46	30	9	39	10	
44	13	36	45	33	27	38	26	9	13	29	43	14	14	19	6	34	4	31	37	45	48	42	45	8	38	12	3	5	19	
5	35	21	4	43	31	22	7	25	12	41	44	44	20	3	7	42	10	2	24	25	13	18	4	31	7	4	16	9	45	
33	42	25	1	49	9	31	42	37	4	50	49	7	13	2	21	2	40	32	50	36	49	17	1	1	21	36	42	2	16	
7	38	47	11	40	30	5	26	31	50	7	43	48	6	46	2	27	41	12	37	26	16	24	18	32	32	28	29	44	38	
15	50	43	43	32	4	40	16	38	46	44	11	17	26	18	40	48	41	13	33	8	31	18	33	27	39	46	24	36	22	
5	50	14	12	16	50	2	12	29	34	23	8	4	36	44	50	30	7	34	50	16	33	21	18	41	33	50	46	16	47	
4	33	20	40	46	4	7	9	24	4	26	34	8	23	26	23	4	8	15	35	25	31	8	46	7	7	15	48	16	49	
48	7	3	44	19	34	16	8	13	50	43	9	1	16	14	35	38	22	20	2	5	5	40	30	45	50	47	31	10	13	
46	40	46	18	46	49	50	33	16	34	14	26	6	33	6	19	20	49	38	3	38	32	28	37	48	19	49	7	9	22	
10	2	11	36	48	7	31	33	43	23	15	35	7	26	6	16	7	31	31	45	36	23	36	39	16	47	16	34	5	48	
24	39	31	39	12	2	22	25	34	13	10	25	4	12	33	12	24	36	20	47	38	4	44	25	19	46	47	30	29	22	
33	27	8	33	21	19	5	42	6	41	22	15	46	17	50	24	20	26	33	35	44	15	44	43	4	21	46	36	14	26	
48	42	15	50	20	36	47	26	1	28	14	11	37	27	42	41	41	27	45	2	27	35	43	1	42	48	10	11	7	33	
25	32	11	43	3	7	29	42	19	43	5	40	16	29	38	18	10	28	45	38	30	39	11	17	44	24	11	12	1	33	
20	45	23	34	7	43	11	25	38	23	18	42	26	21	41	22	34	13	41	16	28	35	17	13	28	8	13	24	42	43	
33	4	44	40	1	32	5	16	5	39	14	7	39	31	35	39	21	8	36	37	5	6	22	25	28	44	13	13	41	26	
17	10	45	22	13	10	45	15	10	15	31	31	45	24	24	3	7	44	3	3	11	39	12	10	44	41	34	29	7	46	
38	12	37	4	10	11	46	31	13	11	3	41	1	39	26	46	1	40	7	29	32	46	5	31	14	50	38	31	5	47	
43	37	14	28	33	3	46	22	26	21	41	48	41	3	12	21	25	5	26	9	9	31	20	13	49	5	17	9	21	18	
26	18	28	25	25	27	22	24	23	39	6	8	33	7	35	39	6	4	38	31	41	30	28	34	9	32	19	30	37	5	
18	4	34	10	7	9	14	33	47	14	42	15	13	50	40	26	22	15	8	1	46	14	17	27	50	33	26	50	46	17	
13	6	8	20	11	32	3	20	49	34	9	49	2	25	34	32	31	39	11	27	45	30	44	18	11	9	5	31	28	18	
36	27	27	20	14	9	41	8	28	12	37	11	31	30	21	50	12	21	6	41	20	11	7	43	44	9	25	24	46	46	
