Factories	3
Families	20
Machines	4
SetupType	3

Number of Jobs in each Family
9	9	7	1	9	10	3	8	10	8	6	1	10	5	8	9	3	6	4	2	

Jobs in each Family
0	1	2	3	4	5	6	7	8	
9	10	11	12	13	14	15	16	17	
18	19	20	21	22	23	24	
25	
26	27	28	29	30	31	32	33	34	
35	36	37	38	39	40	41	42	43	44	
45	46	47	
48	49	50	51	52	53	54	55	
56	57	58	59	60	61	62	63	64	65	
66	67	68	69	70	71	72	73	
74	75	76	77	78	79	
80	
81	82	83	84	85	86	87	88	89	90	
91	92	93	94	95	
96	97	98	99	100	101	102	103	
104	105	106	107	108	109	110	111	112	
113	114	115	
116	117	118	119	120	121	
122	123	124	125	
126	127	

Total number of jobs
128

Processing times of jobs
6	6	6	6	
1	7	10	8	
8	7	6	10	
5	8	6	8	
5	6	5	5	
4	9	6	6	
4	6	2	4	
4	10	8	5	
1	2	6	3	
4	5	1	10	
7	5	7	1	
5	5	6	9	
10	9	8	3	
8	3	2	8	
6	1	2	5	
9	10	9	5	
5	8	6	9	
10	8	9	7	
9	4	9	9	
8	10	10	3	
6	10	8	8	
7	3	9	4	
7	3	7	3	
5	9	8	5	
4	8	1	5	
3	8	7	1	
9	5	3	2	
6	1	5	4	
9	10	2	4	
8	7	3	4	
3	6	3	7	
6	9	5	2	
10	8	10	7	
1	7	4	5	
5	4	8	5	
10	4	3	7	
7	7	5	5	
3	7	9	7	
3	2	9	7	
4	9	4	4	
10	3	8	7	
6	10	7	8	
7	7	3	6	
2	1	4	9	
6	7	2	1	
4	2	3	10	
3	1	3	3	
1	3	6	4	
3	1	9	10	
4	8	3	8	
9	7	6	2	
2	6	9	2	
7	6	10	2	
7	7	4	1	
3	1	7	6	
7	9	4	7	
7	6	6	7	
7	2	6	3	
3	7	5	6	
3	3	6	9	
8	8	6	4	
6	2	7	7	
7	6	10	9	
6	10	4	1	
3	5	2	1	
3	8	8	4	
5	10	3	10	
2	8	6	7	
7	2	7	1	
2	1	9	5	
5	4	7	5	
10	10	9	6	
7	5	6	2	
10	6	3	2	
9	3	10	4	
5	5	6	4	
1	5	1	3	
8	6	5	9	
6	6	2	6	
10	10	5	5	
9	4	3	10	
1	10	6	6	
3	7	3	9	
9	2	3	6	
4	5	9	1	
2	9	1	5	
10	3	5	2	
6	4	9	5	
5	10	8	9	
2	6	4	4	
10	9	1	7	
8	8	10	4	
8	8	2	4	
1	10	6	1	
10	7	7	3	
3	4	9	5	
9	1	2	6	
2	10	8	10	
8	2	5	2	
6	6	9	9	
5	3	5	7	
3	9	4	8	
3	2	2	7	
8	5	8	4	
1	3	5	9	
2	6	7	8	
1	7	4	6	
3	8	5	10	
2	10	9	10	
10	6	7	10	
1	7	5	2	
5	9	9	10	
4	8	10	10	
8	3	3	6	
1	8	10	10	
1	2	6	1	
5	7	5	9	
10	7	4	3	
4	8	3	6	
6	2	1	9	
6	2	3	5	
10	6	6	2	
6	7	4	7	
4	5	3	6	
4	1	4	7	
1	2	6	8	
10	5	9	9	
8	7	3	2	

Stepup times between Families, where [f][f] represents initial setup time
On machine	1
50	25	80	73	15	23	71	16	52	38	50	73	92	3	88	79	98	64	37	27	
95	30	30	73	41	13	16	75	16	100	35	90	91	79	56	22	46	90	6	34	
81	22	29	10	25	54	100	16	49	52	57	90	93	64	63	51	57	94	67	20	
80	35	30	39	71	100	14	16	43	86	90	16	100	45	47	92	42	95	80	7	
41	80	30	26	7	52	73	91	36	72	1	24	7	69	28	10	80	9	84	53	
73	59	76	65	100	89	99	53	25	36	56	56	88	63	75	69	22	24	24	91	
77	12	18	17	13	14	23	54	24	77	38	8	40	57	75	42	19	31	90	12	
59	55	83	93	88	67	85	67	27	13	73	10	92	98	21	66	46	81	60	83	
93	98	89	98	80	99	88	70	80	30	63	58	89	69	69	44	88	78	27	42	
4	59	32	37	77	33	95	20	86	23	50	38	58	86	93	54	93	43	71	1	
87	100	3	96	62	98	51	97	47	2	10	32	39	34	4	19	44	7	27	5	
13	29	51	54	2	70	9	84	79	79	7	79	24	7	70	7	57	29	21	2	
47	97	45	85	79	82	82	100	21	30	14	28	39	53	87	27	31	6	73	8	
70	36	68	49	95	72	95	55	84	88	94	69	11	76	25	91	39	50	85	52	
84	31	23	2	40	56	67	49	60	98	95	59	99	14	51	78	17	67	19	6	
22	37	11	69	83	38	10	56	1	55	22	8	25	94	67	89	93	1	63	5	
25	69	88	76	92	12	76	31	56	84	89	14	10	73	67	71	87	33	71	59	
44	17	57	31	85	55	61	60	72	90	30	78	38	1	79	83	14	4	86	30	
93	3	26	38	26	32	19	1	63	35	85	97	80	92	13	42	18	33	66	67	
18	57	52	9	67	88	30	13	94	28	18	33	61	87	25	87	41	86	43	18	
On machine	2
99	33	35	5	53	40	70	59	33	73	46	71	72	7	7	1	56	51	13	73	
22	65	63	88	38	25	23	76	95	6	10	71	68	71	82	35	39	20	2	28	
15	3	8	11	72	52	20	54	38	26	41	87	28	27	38	2	53	53	95	33	
60	37	12	74	56	17	57	11	14	69	98	57	2	71	97	7	88	36	50	60	
19	4	34	56	66	65	83	46	87	63	26	34	72	96	66	34	32	50	1	10	
50	87	17	80	48	45	36	20	91	74	7	76	96	31	83	91	98	33	61	91	
63	67	40	64	68	28	80	87	49	44	25	79	91	46	29	95	84	13	18	93	
48	51	95	17	46	33	25	80	43	53	61	58	24	28	68	18	82	92	17	30	
73	21	86	15	5	54	38	25	29	50	47	42	29	24	7	27	91	31	31	92	
56	86	94	9	96	99	83	41	15	7	2	54	85	58	12	24	1	23	33	59	
81	81	30	67	1	83	95	47	41	25	86	6	59	96	64	24	18	48	32	47	
68	100	14	79	54	18	70	60	45	100	61	76	91	90	83	9	28	20	66	76	
50	75	77	46	39	15	97	81	82	35	100	6	3	36	54	54	59	51	5	83	
75	70	96	20	19	9	99	87	74	5	53	10	92	52	37	80	80	10	11	22	
56	68	82	90	21	11	86	22	27	59	32	35	25	21	99	28	13	26	42	2	
39	100	43	74	86	58	66	57	66	91	78	14	96	79	79	21	83	97	25	19	
40	100	44	70	29	77	92	98	1	12	15	61	83	79	53	83	36	71	11	68	
81	64	99	22	70	83	35	65	52	98	16	14	25	80	36	84	53	97	83	25	
27	28	67	20	34	48	50	53	25	28	89	82	42	74	62	68	98	17	97	66	
87	89	54	97	58	96	17	87	95	79	40	30	51	54	81	43	88	15	63	92	
On machine	3
91	16	27	14	59	5	14	38	80	37	89	10	18	15	100	27	63	63	31	65	
86	89	89	31	81	22	54	43	38	30	80	1	49	81	90	24	49	72	92	48	
100	19	77	99	68	24	65	85	84	83	97	17	22	64	45	3	42	52	18	75	
6	76	72	79	31	13	85	48	88	1	55	5	55	90	62	76	97	36	54	17	
9	10	44	20	31	44	82	22	72	47	80	71	85	36	76	19	53	98	61	3	
25	78	24	13	27	4	27	98	93	3	62	30	10	85	39	29	73	36	29	21	
28	37	92	80	64	35	47	8	44	66	38	84	34	100	74	4	45	91	86	32	
12	85	10	56	11	72	91	8	44	90	41	95	15	64	75	21	65	97	66	26	
82	41	79	59	57	31	2	71	90	8	35	58	78	5	6	28	12	15	15	37	
100	84	62	36	51	93	93	30	10	54	40	17	96	29	52	49	37	38	35	1	
20	63	75	64	75	32	49	1	70	49	68	37	65	39	62	29	6	75	17	88	
50	69	62	54	30	92	3	13	81	91	18	78	49	51	46	55	23	62	32	96	
15	96	13	43	31	11	99	21	99	16	24	50	72	43	20	68	77	76	13	91	
27	64	23	47	32	54	63	10	42	35	2	23	1	94	23	68	86	56	89	52	
61	74	34	88	94	17	57	23	11	47	77	35	82	66	13	10	80	38	82	85	
49	22	32	28	26	4	74	67	19	37	9	27	10	58	38	47	99	64	5	72	
58	26	56	74	82	77	5	38	15	24	65	53	58	1	85	79	72	5	85	8	
48	51	55	9	77	100	4	86	3	95	93	34	89	52	25	47	63	81	78	92	
44	20	18	25	87	50	46	74	1	99	17	71	26	35	82	58	42	84	37	9	
54	93	1	21	91	87	30	43	29	62	65	94	87	86	81	29	82	18	95	39	
On machine	4
31	36	37	49	38	55	70	62	1	46	89	64	64	73	100	6	38	73	59	89	
12	43	58	63	84	1	43	2	89	25	31	97	53	90	50	9	3	55	89	2	
66	41	11	44	81	56	23	92	49	11	6	93	12	17	36	80	51	67	59	27	
54	26	47	61	79	87	39	99	32	45	64	89	97	82	100	88	49	66	22	7	
24	21	4	11	29	12	7	84	60	34	98	28	55	47	58	78	69	4	93	79	
79	39	82	96	38	98	59	77	12	31	8	43	82	7	32	40	59	60	100	11	
59	11	100	46	35	82	73	16	30	8	8	18	55	18	17	53	81	2	33	37	
47	47	17	53	57	60	3	55	34	28	71	25	49	22	44	96	69	96	19	80	
24	17	87	68	71	38	1	59	67	33	38	10	28	45	42	52	65	26	76	45	
83	90	27	87	44	46	51	74	99	57	53	60	55	1	7	83	77	87	91	67	
50	78	33	80	28	31	31	49	68	71	49	8	32	52	5	80	77	16	84	85	
100	36	18	50	45	53	19	73	12	25	67	95	3	80	83	5	56	43	59	47	
15	76	26	54	43	91	65	56	61	85	80	79	8	43	19	66	67	49	16	17	
56	79	100	90	83	68	27	27	82	22	91	78	34	49	52	7	74	23	22	24	
22	23	47	87	63	84	48	87	5	89	61	80	17	19	83	24	24	22	13	66	
44	15	14	2	37	45	47	65	51	64	48	87	42	55	68	14	1	44	20	89	
31	88	31	64	36	43	71	2	80	46	95	48	13	72	41	8	85	10	70	74	
65	33	76	13	43	92	35	14	95	3	12	72	30	52	69	87	51	92	5	51	
18	91	67	83	88	75	8	11	52	38	58	89	35	55	26	95	39	68	13	82	
7	17	55	1	100	3	100	81	35	5	52	31	53	35	97	23	75	81	42	23	
