Factories	3
Families	30
Machines	2
SetupType	3

Number of Jobs in each Family
9	4	7	10	1	5	5	8	4	1	9	1	8	1	10	2	10	6	10	7	1	10	1	4	3	10	10	2	6	8	

Jobs in each Family
0	1	2	3	4	5	6	7	8	
9	10	11	12	
13	14	15	16	17	18	19	
20	21	22	23	24	25	26	27	28	29	
30	
31	32	33	34	35	
36	37	38	39	40	
41	42	43	44	45	46	47	48	
49	50	51	52	
53	
54	55	56	57	58	59	60	61	62	
63	
64	65	66	67	68	69	70	71	
72	
73	74	75	76	77	78	79	80	81	82	
83	84	
85	86	87	88	89	90	91	92	93	94	
95	96	97	98	99	100	
101	102	103	104	105	106	107	108	109	110	
111	112	113	114	115	116	117	
118	
119	120	121	122	123	124	125	126	127	128	
129	
130	131	132	133	
134	135	136	
137	138	139	140	141	142	143	144	145	146	
147	148	149	150	151	152	153	154	155	156	
157	158	
159	160	161	162	163	164	
165	166	167	168	169	170	171	172	

Total number of jobs
173

Processing times of jobs
4	2	
1	1	
2	2	
7	7	
1	7	
1	8	
6	5	
6	2	
2	6	
6	10	
3	4	
3	8	
9	7	
4	8	
4	8	
10	6	
1	7	
3	2	
2	3	
3	2	
2	6	
5	2	
7	3	
10	3	
10	1	
3	2	
1	10	
10	6	
2	9	
3	8	
6	5	
1	3	
6	5	
10	9	
2	10	
9	9	
3	10	
5	3	
2	2	
2	9	
9	6	
1	6	
8	7	
10	8	
9	2	
9	1	
5	4	
10	9	
8	9	
6	6	
10	4	
5	3	
4	2	
1	6	
10	6	
6	10	
9	6	
9	8	
4	10	
4	10	
5	1	
4	9	
6	1	
7	2	
7	6	
1	3	
5	8	
4	3	
2	4	
10	5	
8	5	
8	10	
3	9	
1	2	
8	2	
9	1	
3	9	
6	10	
6	4	
9	9	
2	3	
3	8	
1	8	
2	2	
7	7	
7	4	
3	10	
4	2	
3	10	
3	8	
1	9	
1	6	
4	7	
1	9	
4	3	
8	8	
10	10	
10	9	
8	2	
2	3	
2	8	
7	2	
2	6	
6	2	
6	5	
9	7	
9	10	
3	5	
7	5	
3	6	
10	3	
3	1	
4	9	
6	8	
9	6	
5	8	
2	3	
9	8	
8	10	
1	9	
6	9	
7	8	
2	2	
4	2	
3	7	
6	1	
9	8	
4	1	
5	9	
5	1	
9	8	
8	9	
10	5	
5	6	
10	4	
3	3	
10	7	
9	1	
5	1	
7	9	
10	4	
8	7	
8	10	
8	4	
5	7	
9	9	
9	10	
2	9	
1	7	
7	8	
3	6	
5	2	
9	1	
3	8	
2	2	
1	1	
5	1	
3	7	
2	8	
9	6	
5	8	
10	1	
8	10	
7	3	
4	3	
5	3	
8	10	
2	7	
8	5	
2	2	
2	6	
8	9	
5	4	

Stepup times between Families, where [f][f] represents initial setup time
On machine	1
24	25	44	37	81	36	81	92	93	91	80	82	12	54	56	16	48	13	39	66	31	8	10	14	22	37	54	43	43	41	
45	56	17	91	21	47	98	26	52	94	26	65	1	40	7	16	51	75	80	64	23	72	49	74	14	87	27	73	51	98	
24	17	10	28	2	40	70	87	84	27	12	45	65	36	16	65	31	23	32	94	99	26	23	88	56	69	23	7	73	49	
38	68	19	35	73	40	93	88	99	48	82	29	28	35	28	76	69	78	82	13	83	53	85	18	42	84	87	71	25	69	
60	23	43	73	64	7	19	97	72	55	43	50	87	34	41	98	33	25	95	62	3	76	58	13	18	25	45	98	97	13	
15	17	88	85	45	57	47	100	40	46	13	29	62	77	13	3	67	53	94	27	59	93	91	90	18	77	42	7	20	93	
88	15	26	35	89	64	16	97	68	99	3	15	98	69	38	6	83	48	93	21	61	61	41	11	52	81	70	30	34	56	
42	94	11	13	1	24	95	60	21	60	11	80	12	77	2	69	8	76	9	100	15	76	81	44	51	81	47	34	20	30	
4	68	47	52	98	35	57	91	35	72	80	79	44	99	85	79	1	95	75	20	47	45	38	98	34	64	88	98	48	16	
88	19	61	10	96	15	65	24	17	92	71	74	36	44	48	3	7	85	2	47	21	33	37	21	38	45	63	77	42	18	
47	53	31	45	78	51	5	59	44	45	78	24	64	72	26	9	21	26	41	32	79	99	94	71	3	53	98	59	14	75	
26	94	49	83	17	70	61	100	45	57	15	50	47	66	11	11	73	58	8	50	89	38	39	22	63	86	13	17	79	87	
62	53	11	69	8	71	49	100	84	94	85	4	7	75	2	7	66	39	62	97	74	48	27	34	18	95	88	23	92	13	
80	58	52	44	57	51	94	97	8	23	81	16	8	60	98	80	60	45	59	71	33	100	61	80	40	25	89	31	84	25	
38	88	6	42	22	16	86	77	25	29	49	97	26	81	31	50	81	40	83	58	77	97	49	67	31	53	52	97	86	14	
28	93	4	84	5	93	45	77	72	42	3	22	33	100	86	72	22	21	1	52	39	5	43	71	99	88	59	37	94	45	
10	64	15	89	59	87	96	71	61	99	15	38	47	18	95	83	28	46	40	86	12	68	35	19	79	54	26	57	68	78	
39	13	97	36	70	7	49	10	43	51	42	62	72	18	53	43	44	43	86	27	1	15	60	56	20	11	8	10	3	21	
68	49	66	54	80	60	36	67	76	13	15	49	25	13	58	97	36	78	64	23	27	11	19	10	63	40	50	41	46	3	
53	61	46	42	28	63	21	62	54	15	87	15	20	29	76	69	47	51	62	23	46	75	47	25	19	34	63	63	20	9	
81	4	97	16	42	97	20	84	22	43	47	97	41	18	9	100	33	18	32	16	42	65	19	32	78	75	96	76	79	87	
2	96	29	19	38	86	8	13	11	6	9	71	37	48	20	44	39	13	62	52	67	93	72	78	90	36	48	27	27	55	
14	94	73	61	6	22	13	35	48	40	76	92	80	17	29	69	19	2	10	32	61	62	96	41	96	88	4	41	85	90	
83	51	54	21	53	41	96	26	74	56	46	80	97	86	94	27	57	87	46	88	57	1	65	14	87	49	7	8	80	15	
86	8	26	73	34	56	65	83	80	11	36	32	38	90	63	77	78	75	13	22	93	17	28	73	34	74	31	100	11	70	
47	1	5	61	40	88	2	6	78	79	36	64	68	80	73	45	40	64	26	78	41	26	68	91	44	48	99	11	44	38	
69	94	4	87	71	96	3	28	26	1	32	1	45	7	65	38	49	75	32	59	61	88	79	44	95	96	65	32	22	33	
31	71	85	19	60	73	9	2	44	53	18	23	37	98	84	62	12	81	47	94	50	50	7	25	26	83	46	77	90	83	
98	47	92	32	16	2	31	40	5	35	57	16	11	37	88	97	63	58	52	70	64	72	47	74	20	12	96	76	9	58	
64	32	51	35	46	16	32	23	72	75	17	19	90	32	15	67	75	2	92	91	82	67	78	31	51	74	20	78	2	54	
On machine	2
88	23	34	92	9	43	70	15	87	82	48	82	63	86	79	77	59	52	3	98	45	64	61	59	19	12	93	43	63	19	
75	5	36	71	57	17	28	24	35	82	83	27	94	38	1	64	87	92	19	54	47	80	96	79	71	62	93	74	49	80	
33	71	7	85	19	56	65	9	33	34	66	28	6	98	91	70	46	24	34	8	24	51	28	20	52	42	45	20	98	3	
1	65	51	34	48	71	23	84	93	12	10	65	78	29	87	18	23	10	49	3	29	54	12	44	33	2	16	98	17	74	
37	29	70	58	31	84	35	74	46	84	53	17	16	76	48	54	10	32	81	42	96	77	76	84	77	21	31	23	62	59	
3	24	70	41	87	96	58	96	31	30	38	100	98	60	4	68	40	69	6	72	33	23	34	58	62	16	89	54	57	59	
57	9	82	96	69	79	53	58	81	15	90	36	61	99	88	17	24	74	41	33	89	86	20	24	79	57	72	97	38	2	
96	24	69	99	19	16	21	39	83	36	78	93	88	87	97	3	22	17	98	32	63	31	22	78	22	26	43	28	45	32	
95	46	64	84	34	19	74	67	64	96	91	3	99	14	94	35	73	14	9	27	40	46	80	49	49	71	62	88	74	89	
10	24	12	82	92	82	52	27	26	98	86	55	5	6	86	66	100	96	1	25	97	27	68	98	81	94	66	10	1	50	
48	65	22	69	24	66	13	2	88	20	83	79	85	33	90	73	53	8	89	83	4	84	73	78	29	66	53	75	81	55	
10	24	46	84	58	60	17	34	2	45	72	94	74	17	82	3	86	9	75	37	34	99	96	86	33	82	70	99	38	54	
19	26	66	43	38	73	54	79	90	46	12	18	1	52	19	73	41	92	40	28	28	49	30	13	32	53	14	90	5	85	
32	61	22	55	53	74	37	2	1	45	59	45	62	10	71	32	97	41	78	11	9	61	52	12	2	84	52	87	96	59	
45	80	28	88	11	65	94	69	84	37	84	63	89	64	21	51	11	76	41	72	58	27	84	45	22	66	26	4	13	13	
26	95	2	44	38	81	95	34	57	25	49	19	42	7	58	87	56	87	79	93	79	18	59	89	38	34	44	82	37	89	
85	11	65	13	84	4	33	91	92	88	47	13	6	92	8	40	63	18	16	74	37	31	58	52	47	73	79	87	90	6	
95	88	21	77	44	78	67	94	74	55	40	76	44	85	25	32	33	90	84	49	53	42	76	42	18	49	28	67	90	13	
62	52	54	72	25	26	72	56	91	48	48	42	89	65	4	38	44	22	34	78	46	55	26	73	83	77	92	37	100	51	
63	62	29	69	15	77	82	100	93	38	32	7	96	17	45	77	85	79	98	16	10	87	91	69	36	54	84	61	100	81	
70	88	31	100	95	44	48	68	58	85	30	81	27	42	85	72	55	54	58	92	86	32	90	61	12	39	58	54	34	54	
21	36	61	64	98	67	92	35	41	4	71	26	75	27	46	3	8	57	50	89	65	78	10	63	58	73	50	69	41	52	
53	20	92	50	51	49	43	50	21	100	6	37	83	19	1	27	62	100	9	22	48	30	22	76	69	5	89	58	28	15	
73	72	93	23	36	3	59	32	87	45	12	69	78	16	44	15	16	77	76	86	63	42	12	77	22	6	95	53	80	76	
81	21	85	83	74	67	42	36	25	24	25	28	31	8	21	16	17	48	35	54	22	49	98	90	86	18	93	100	16	77	
22	52	35	82	45	31	12	23	13	16	69	23	58	56	40	85	84	41	77	76	51	41	34	45	100	97	2	56	74	3	
64	11	28	5	89	47	34	43	59	68	50	8	59	11	94	24	1	74	11	60	90	72	96	70	79	2	14	55	100	88	
46	34	31	32	2	47	31	84	36	20	95	46	77	99	83	25	16	12	77	81	65	64	63	100	73	18	88	83	7	20	
76	59	60	94	14	16	71	87	93	85	10	44	36	41	37	45	73	21	49	72	91	88	39	9	88	75	94	36	91	89	
37	77	71	34	77	57	3	74	87	27	27	21	21	42	94	69	35	58	13	7	20	5	5	73	44	11	41	99	48	24	
