Factories	3
Families	40
Machines	2
SetupType	1

Number of Jobs in each Family
7	5	6	10	5	7	5	1	7	10	7	8	7	10	3	3	9	1	7	10	2	2	4	1	8	4	3	7	1	4	7	5	4	4	3	10	1	2	10	6	

Jobs in each Family
0	1	2	3	4	5	6	
7	8	9	10	11	
12	13	14	15	16	17	
18	19	20	21	22	23	24	25	26	27	
28	29	30	31	32	
33	34	35	36	37	38	39	
40	41	42	43	44	
45	
46	47	48	49	50	51	52	
53	54	55	56	57	58	59	60	61	62	
63	64	65	66	67	68	69	
70	71	72	73	74	75	76	77	
78	79	80	81	82	83	84	
85	86	87	88	89	90	91	92	93	94	
95	96	97	
98	99	100	
101	102	103	104	105	106	107	108	109	
110	
111	112	113	114	115	116	117	
118	119	120	121	122	123	124	125	126	127	
128	129	
130	131	
132	133	134	135	
136	
137	138	139	140	141	142	143	144	
145	146	147	148	
149	150	151	
152	153	154	155	156	157	158	
159	
160	161	162	163	
164	165	166	167	168	169	170	
171	172	173	174	175	
176	177	178	179	
180	181	182	183	
184	185	186	
187	188	189	190	191	192	193	194	195	196	
197	
198	199	
200	201	202	203	204	205	206	207	208	209	
210	211	212	213	214	215	

Total number of jobs
216

Processing times of jobs
4	6	
8	3	
3	8	
10	8	
8	9	
2	10	
5	4	
4	10	
1	7	
3	1	
6	1	
4	10	
3	3	
5	10	
8	3	
4	8	
4	9	
8	1	
1	9	
8	10	
4	3	
4	2	
4	8	
4	3	
4	9	
10	6	
9	2	
8	10	
1	2	
8	3	
4	3	
3	5	
8	4	
4	8	
1	8	
1	3	
6	6	
3	9	
8	5	
4	2	
5	6	
5	10	
1	7	
8	2	
2	9	
4	3	
6	1	
8	1	
7	5	
1	9	
2	1	
5	3	
2	2	
1	5	
2	5	
1	6	
3	10	
1	2	
7	1	
2	7	
1	2	
4	2	
6	1	
3	8	
10	7	
9	8	
2	9	
9	1	
5	10	
7	2	
7	2	
3	5	
9	2	
3	6	
8	6	
7	7	
4	6	
6	7	
10	2	
3	9	
4	10	
8	1	
8	3	
3	7	
5	1	
7	7	
3	2	
4	1	
4	1	
10	8	
9	9	
5	4	
9	2	
5	10	
4	5	
7	5	
8	9	
6	2	
5	2	
6	5	
3	9	
5	10	
7	8	
6	6	
8	7	
2	1	
5	1	
6	7	
2	9	
9	5	
6	8	
1	6	
8	10	
1	8	
6	8	
5	4	
7	6	
5	10	
2	9	
5	7	
7	8	
10	6	
8	6	
6	3	
10	7	
1	7	
5	10	
1	8	
9	10	
6	6	
8	5	
8	5	
4	9	
3	9	
9	2	
3	9	
3	3	
7	5	
5	5	
1	3	
7	8	
1	4	
6	4	
1	4	
7	8	
5	10	
2	8	
1	10	
3	3	
1	5	
9	7	
2	4	
8	10	
7	8	
7	5	
3	5	
7	1	
10	8	
8	2	
1	10	
4	2	
8	2	
1	4	
1	3	
7	7	
3	9	
5	2	
8	4	
1	7	
9	9	
5	10	
7	9	
2	1	
6	6	
5	5	
2	8	
3	9	
3	4	
5	2	
4	6	
3	4	
3	5	
6	2	
5	9	
6	8	
5	8	
10	4	
7	7	
7	3	
4	6	
2	10	
4	7	
7	8	
2	5	
3	2	
7	1	
7	10	
7	3	
9	4	
2	6	
6	8	
1	10	
1	1	
8	7	
9	7	
8	1	
10	1	
1	9	
6	6	
7	3	
7	1	
6	10	
6	5	
6	2	
3	8	
7	5	

Stepup times between Families, where [f][f] represents initial setup time
On machine	1
13	18	1	6	7	5	13	3	1	3	7	12	20	16	9	4	8	5	10	6	5	16	20	1	18	16	4	5	14	7	12	12	1	18	11	10	15	18	14	1	
12	3	13	12	7	10	20	13	16	3	19	13	12	19	11	3	11	10	7	16	9	4	5	10	19	4	14	6	4	2	9	8	20	5	2	1	1	8	6	18	
16	19	20	11	5	20	19	1	16	11	3	17	11	17	14	2	10	4	16	18	18	19	16	11	9	19	16	16	17	3	15	1	3	4	14	2	2	12	17	20	
12	4	10	20	15	19	1	2	8	17	2	9	12	7	5	8	12	1	17	4	7	2	7	3	6	18	7	4	3	18	3	16	20	4	10	9	14	13	16	8	
17	15	13	4	3	2	7	13	17	1	11	15	20	17	6	7	20	6	4	14	5	3	10	12	3	11	5	15	20	3	14	1	10	14	15	7	18	10	2	7	
15	5	20	7	8	16	4	7	6	19	18	16	8	9	10	14	3	1	18	15	4	1	19	1	7	15	6	18	14	1	13	18	15	12	15	9	10	20	10	5	
11	5	11	18	7	6	20	8	20	15	13	13	14	8	7	20	19	9	4	5	3	14	10	10	4	7	20	1	11	4	10	2	16	17	13	12	11	6	2	11	
11	9	10	1	3	20	6	6	15	16	7	20	20	2	8	6	7	5	11	19	3	20	10	6	5	6	3	17	7	7	10	15	12	5	5	7	19	11	16	14	
14	8	18	14	9	16	7	16	3	10	12	18	9	13	4	9	13	8	5	6	8	19	18	12	2	5	18	2	5	15	9	13	1	2	16	16	15	16	15	14	
5	11	3	15	1	18	2	7	4	12	14	11	9	2	12	6	6	20	13	15	2	15	5	15	7	13	3	2	18	10	5	13	5	18	4	11	20	7	19	19	
15	1	4	20	11	2	19	4	3	14	10	10	13	15	20	4	13	6	6	12	5	3	19	13	10	17	7	7	18	1	6	19	14	7	6	1	6	9	6	15	
2	8	5	3	15	16	10	12	19	8	1	9	9	2	14	1	9	12	12	14	10	7	5	13	9	10	8	1	9	18	19	15	15	9	6	10	20	9	4	18	
4	19	12	15	5	3	7	3	5	14	8	15	17	9	11	1	2	7	6	6	16	18	17	4	17	2	18	18	19	19	16	3	5	7	11	12	18	19	12	5	
15	15	17	1	6	3	4	9	12	13	20	18	1	16	4	10	8	1	11	5	4	12	12	4	9	5	19	13	20	13	14	12	2	7	1	1	2	10	16	16	
13	13	11	10	13	12	16	20	2	8	7	17	20	18	10	18	13	4	2	14	14	13	10	20	11	3	14	3	12	17	19	1	14	5	9	17	15	18	9	15	
16	3	8	11	3	12	16	8	20	17	13	6	9	20	15	16	14	10	2	15	10	5	17	17	2	19	11	13	9	15	3	3	13	20	16	6	12	19	4	9	
15	18	12	7	16	5	12	18	10	20	11	13	9	13	18	8	1	15	18	20	3	6	7	16	18	5	1	20	16	6	20	4	14	5	4	19	4	4	19	12	
11	14	11	8	19	17	19	6	1	12	20	15	6	20	3	2	10	2	17	3	3	17	15	2	4	2	3	7	20	18	11	19	19	6	13	14	8	5	6	10	
4	5	15	14	14	15	4	13	15	1	3	20	8	5	17	15	9	7	7	15	1	2	8	3	7	11	8	17	19	10	4	18	10	5	1	9	6	13	7	16	
9	20	11	3	15	17	18	19	10	2	10	11	6	16	10	4	10	2	2	10	17	3	2	12	8	17	12	8	7	2	14	16	17	14	20	20	9	1	10	1	
7	11	18	18	16	12	9	9	6	9	6	16	9	20	6	13	1	19	18	6	20	8	6	1	3	8	4	3	14	1	9	7	15	20	18	5	11	15	1	20	
7	11	20	13	12	2	10	9	18	15	5	8	10	13	4	7	18	13	2	19	13	6	19	15	7	3	6	16	18	12	18	3	6	9	20	15	6	8	1	19	
15	3	12	14	20	1	15	9	7	9	7	2	15	19	20	10	15	7	1	7	13	12	20	11	19	2	10	15	2	14	18	5	19	5	3	8	3	6	2	17	
6	12	17	18	3	13	20	8	6	13	5	10	18	1	3	20	13	6	15	13	1	9	11	5	19	16	18	18	19	10	3	9	9	19	1	11	14	2	19	1	
12	4	13	17	3	1	7	13	16	13	13	13	10	11	11	8	14	13	9	11	7	16	9	18	15	13	3	3	20	4	2	4	14	16	13	7	4	16	17	20	
6	20	17	11	18	7	2	18	5	7	8	5	19	17	12	8	10	2	4	13	16	7	11	6	8	17	18	9	6	1	11	11	5	10	3	14	16	6	8	3	
12	18	7	10	1	12	8	14	11	19	18	16	18	2	12	3	9	12	18	11	20	16	7	7	1	7	8	19	13	14	5	6	6	14	14	11	18	13	17	6	
17	7	2	1	4	17	11	19	6	12	18	1	19	13	19	12	11	12	2	14	20	18	1	8	19	4	6	7	13	20	11	10	20	10	5	12	7	20	18	18	
3	18	14	19	15	16	17	13	14	20	15	19	18	15	4	9	17	7	1	12	16	2	6	11	18	1	2	13	14	19	3	4	14	16	3	12	15	14	20	16	
19	19	2	18	15	19	10	13	17	19	16	20	11	6	14	5	9	11	16	7	15	19	16	12	2	20	11	1	12	19	15	11	6	2	2	10	6	4	15	4	
2	17	20	12	15	17	16	12	1	16	9	16	2	8	4	15	1	10	11	6	17	1	20	3	2	12	5	4	12	10	20	2	9	8	11	8	20	17	14	3	
3	1	16	14	8	12	19	13	8	8	4	7	7	10	6	12	20	5	14	20	16	4	3	10	9	8	15	20	5	16	13	20	6	1	9	6	13	5	17	18	
18	12	1	4	10	1	1	6	15	1	13	18	11	14	17	1	8	10	18	8	3	2	2	1	20	16	7	15	4	2	18	17	8	2	9	9	5	7	17	13	
16	5	6	6	4	20	19	3	2	5	10	11	13	9	15	19	2	14	8	7	9	12	10	8	17	16	14	1	12	15	18	20	15	20	1	4	16	7	19	4	
8	9	18	2	4	15	14	5	10	12	3	9	10	1	5	5	10	4	3	13	12	9	12	20	11	15	14	3	19	1	19	4	18	11	6	1	3	16	9	13	
16	17	12	12	8	16	15	5	10	1	16	5	1	1	11	1	4	9	17	12	16	5	2	2	7	13	14	12	19	14	14	1	8	18	12	13	2	2	4	20	
6	8	5	1	14	4	7	11	19	18	10	3	3	8	3	19	8	18	18	15	8	15	12	18	17	18	1	12	6	9	1	9	6	16	10	12	8	5	9	13	
8	14	17	8	2	8	12	15	4	7	2	13	1	6	19	1	3	13	20	8	12	16	8	10	13	5	19	12	18	20	19	17	2	14	3	6	10	20	12	18	
12	6	18	12	6	16	11	3	3	7	5	15	5	11	18	13	11	11	12	11	17	2	7	1	10	13	2	11	6	17	15	4	8	10	18	10	17	8	20	11	
5	17	17	7	5	19	20	11	2	19	1	6	17	14	3	10	4	11	3	13	15	2	13	8	15	4	18	4	11	18	2	19	12	14	14	9	3	19	16	20	
On machine	2
4	20	14	9	1	16	17	12	18	13	15	17	12	3	18	16	13	6	6	5	7	6	5	17	5	6	14	1	8	7	20	12	9	15	11	3	10	5	3	3	
15	2	20	15	11	16	14	18	19	6	11	19	19	1	5	3	15	10	3	11	11	8	7	14	18	18	13	14	3	16	15	10	5	6	8	18	17	6	10	19	
1	12	3	20	7	18	14	18	15	1	15	14	9	9	4	8	6	19	14	4	8	13	20	18	9	18	14	20	9	8	8	15	2	18	3	13	4	14	4	1	
8	11	9	4	17	14	9	12	2	10	20	18	7	5	1	19	6	13	13	7	3	11	1	5	7	6	16	2	14	7	8	6	15	1	1	7	16	3	13	19	
2	1	17	16	2	3	12	17	5	3	3	20	9	1	17	10	8	16	12	3	4	4	8	19	8	9	6	20	6	17	4	17	1	2	3	18	13	11	12	4	
13	13	11	7	12	4	13	3	12	14	5	12	11	6	14	13	18	14	10	15	14	15	10	17	12	9	16	11	13	13	13	8	7	1	1	8	7	8	7	18	
3	18	18	4	18	15	12	20	17	5	4	11	13	18	11	13	2	8	2	20	18	14	19	4	14	18	9	10	8	11	9	19	18	20	3	16	10	17	12	20	
3	16	4	18	6	5	15	15	12	9	20	5	19	13	14	5	7	5	3	19	3	3	14	8	13	14	7	12	10	11	16	5	13	6	14	6	2	20	2	4	
13	15	14	2	20	7	7	19	14	20	15	1	17	20	9	15	19	14	8	12	19	10	14	10	10	4	7	8	4	15	16	16	14	11	4	15	15	3	12	6	
10	10	13	9	18	20	16	10	1	3	5	4	9	16	13	12	4	12	17	12	9	7	14	18	19	16	14	4	10	1	14	18	16	7	14	11	5	13	18	11	
10	2	10	11	19	9	9	19	3	16	9	10	8	19	2	8	3	10	4	4	17	5	1	2	15	8	8	2	7	2	3	11	7	13	15	15	9	15	5	11	
16	4	3	5	6	3	9	4	7	9	14	16	5	12	10	3	12	4	4	12	11	4	11	9	20	19	4	2	16	4	3	4	19	18	8	18	15	20	8	15	
14	18	8	16	9	1	11	9	6	12	19	15	10	6	6	19	20	5	2	9	20	3	14	9	11	20	14	9	14	5	5	13	13	16	18	16	10	16	14	12	
14	18	3	20	8	8	4	7	3	1	15	19	17	17	11	3	13	18	15	6	12	18	2	10	7	8	1	20	12	10	13	4	12	4	6	15	8	18	17	2	
10	6	4	18	18	12	12	18	4	2	5	17	12	16	18	13	5	16	3	19	18	10	2	8	19	14	10	15	2	13	17	20	13	16	18	4	3	18	18	10	
13	2	6	18	7	18	12	16	3	10	13	14	5	8	8	13	19	2	17	2	7	20	4	9	11	8	19	10	1	19	1	3	7	18	1	20	20	4	2	13	
8	10	20	13	12	16	15	8	17	18	18	2	11	15	3	16	13	9	9	16	8	6	13	4	3	12	14	8	20	19	19	1	20	2	6	8	16	11	7	19	
17	5	5	16	17	11	8	19	18	15	6	10	3	7	3	7	17	18	16	6	19	2	11	4	1	8	17	7	17	4	7	2	11	16	10	4	2	7	20	16	
15	19	4	12	18	14	1	18	12	7	1	10	4	9	6	1	4	12	4	14	2	4	17	3	9	18	8	2	18	8	4	16	16	12	1	5	3	20	1	14	
20	20	20	4	16	4	12	6	8	12	2	16	3	6	13	12	6	15	17	1	20	12	3	11	12	10	7	10	8	20	17	11	11	12	1	11	10	4	13	5	
10	6	5	18	17	18	5	6	8	3	17	14	16	9	8	4	12	2	5	19	17	2	15	16	18	7	8	8	15	16	9	15	5	17	8	20	4	20	6	9	
15	7	14	10	11	18	1	1	15	10	15	12	11	10	2	19	20	17	9	19	14	1	4	8	3	14	3	14	19	5	8	5	5	18	1	19	13	4	9	8	
10	9	13	13	14	9	10	2	19	3	5	4	12	5	19	3	12	12	2	3	15	8	15	10	7	1	10	1	1	10	7	6	20	16	3	1	1	3	6	6	
11	4	6	7	5	10	4	18	14	11	1	9	11	2	8	19	12	10	9	10	4	12	5	7	6	9	5	14	16	14	4	11	9	4	17	11	12	12	12	11	
2	7	12	6	8	1	9	9	9	3	11	16	9	7	2	11	7	3	15	2	4	16	7	12	5	8	11	10	17	5	4	19	18	17	7	15	18	15	4	12	
13	8	14	4	1	1	18	17	12	2	17	10	5	12	3	19	10	7	2	6	9	3	10	6	14	20	10	12	16	20	19	12	6	7	16	2	7	17	17	2	
13	7	20	17	3	3	16	10	5	9	20	8	12	10	16	4	10	9	6	8	10	6	20	17	16	10	11	6	20	12	3	3	9	17	10	13	17	7	6	18	
17	11	3	3	9	16	5	8	5	18	13	1	2	3	17	2	12	13	9	20	4	8	13	2	5	17	8	20	15	2	2	19	7	20	13	13	13	3	4	4	
15	5	16	13	17	10	12	17	10	14	5	3	2	8	5	3	20	13	7	3	6	12	18	5	2	16	1	20	8	3	11	18	9	14	20	9	10	4	8	16	
1	11	2	1	7	4	4	20	11	7	1	6	10	20	15	15	7	12	10	9	13	18	9	11	3	11	3	5	11	8	17	4	2	19	10	8	6	5	15	15	
9	19	12	5	2	6	18	18	10	3	6	16	8	18	6	2	4	2	3	17	20	2	7	8	20	11	16	9	20	2	8	9	19	15	10	16	6	14	13	11	
2	17	16	1	2	10	6	17	5	11	7	8	2	15	10	18	4	14	12	7	8	15	16	10	1	5	9	14	20	17	2	19	12	19	20	4	7	19	13	2	
9	20	18	15	1	17	2	16	1	8	18	8	19	1	8	18	18	8	4	16	6	10	7	17	7	19	6	4	6	19	15	3	17	3	10	18	20	10	7	15	
20	18	18	18	9	11	19	1	15	17	19	18	8	13	6	16	12	15	14	3	8	9	16	18	4	11	6	9	19	18	1	19	1	18	4	10	5	1	16	10	
15	11	14	8	15	19	18	19	18	19	20	11	16	10	20	3	19	13	14	16	16	12	12	8	15	6	16	12	19	20	1	2	11	18	17	2	2	6	18	15	
6	2	9	8	7	4	16	8	14	12	18	19	4	20	5	10	3	6	2	20	9	15	13	14	6	11	8	15	7	1	12	12	11	8	15	16	13	10	14	8	
4	4	10	13	10	18	14	16	4	1	19	18	4	2	8	15	9	12	3	1	19	13	7	10	14	17	7	18	9	8	19	14	18	9	18	7	16	11	8	7	
15	7	9	5	19	5	10	20	11	15	2	2	16	16	11	13	3	10	14	13	3	19	20	11	3	16	18	9	2	18	8	3	7	8	18	10	4	13	3	8	
13	4	1	11	18	17	16	4	13	2	6	14	1	18	19	11	8	4	11	7	17	11	12	20	13	1	4	5	11	17	19	18	7	18	20	3	17	13	14	9	
17	17	17	17	4	1	18	10	4	5	3	1	17	7	18	14	1	17	17	14	17	6	14	7	8	9	16	20	11	14	17	10	14	16	1	2	3	5	8	11	
