Factories	3
Families	20
Machines	6
SetupType	3

Number of Jobs in each Family
3	1	7	10	2	8	2	6	9	4	5	3	7	3	10	7	2	2	9	6	

Jobs in each Family
0	1	2	
3	
4	5	6	7	8	9	10	
11	12	13	14	15	16	17	18	19	20	
21	22	
23	24	25	26	27	28	29	30	
31	32	
33	34	35	36	37	38	
39	40	41	42	43	44	45	46	47	
48	49	50	51	
52	53	54	55	56	
57	58	59	
60	61	62	63	64	65	66	
67	68	69	
70	71	72	73	74	75	76	77	78	79	
80	81	82	83	84	85	86	
87	88	
89	90	
91	92	93	94	95	96	97	98	99	
100	101	102	103	104	105	

Total number of jobs
106

Processing times of jobs
7	8	10	7	4	10	
1	1	1	3	4	10	
2	8	6	2	2	4	
10	8	8	8	3	6	
8	2	10	10	1	4	
9	2	8	6	9	10	
2	3	2	1	6	5	
2	3	3	2	4	7	
2	10	9	6	3	2	
7	8	1	4	6	1	
2	3	9	10	8	5	
9	7	6	5	8	9	
3	10	2	2	4	10	
8	5	9	1	9	8	
2	8	5	3	5	8	
2	4	4	8	3	2	
10	6	10	1	9	2	
6	7	9	4	10	7	
10	10	6	7	8	3	
8	9	2	2	6	6	
5	7	1	1	8	9	
9	1	8	2	5	2	
8	10	4	4	5	7	
4	7	3	6	1	3	
2	5	8	3	3	7	
2	9	7	1	5	9	
9	3	7	2	9	9	
9	4	6	3	2	4	
8	6	4	4	6	5	
10	7	4	6	4	8	
2	2	3	6	6	8	
7	4	9	3	3	9	
6	8	10	4	6	3	
10	6	5	8	4	6	
10	4	7	10	5	6	
6	3	9	6	2	2	
8	9	2	8	7	3	
5	7	4	6	3	10	
9	4	10	8	1	2	
4	6	4	4	5	4	
4	4	4	10	8	1	
7	3	2	5	6	10	
4	10	4	9	2	3	
10	5	7	2	7	4	
1	9	10	2	1	10	
4	10	5	6	2	10	
7	4	9	2	4	7	
4	5	9	7	9	4	
9	1	7	3	9	4	
9	3	10	5	6	7	
7	6	5	4	3	5	
4	8	8	4	1	7	
1	1	2	1	9	2	
6	2	6	3	4	6	
5	7	8	7	9	2	
5	3	1	2	2	6	
9	4	6	7	6	1	
5	10	6	9	5	2	
5	5	8	4	4	2	
7	5	5	10	8	7	
4	5	1	2	7	3	
2	5	4	9	2	9	
4	2	4	2	6	9	
9	8	8	5	3	4	
2	3	7	8	2	1	
7	1	4	3	8	5	
7	4	4	7	3	1	
6	6	3	1	7	5	
4	5	6	5	7	1	
7	10	6	2	8	3	
7	4	7	9	8	8	
6	4	8	9	1	4	
3	2	4	6	5	1	
9	10	2	9	4	9	
5	10	1	5	5	3	
1	1	2	6	2	8	
7	5	3	5	9	3	
6	3	1	5	1	10	
9	1	1	1	7	7	
9	10	6	6	5	1	
6	2	4	8	3	8	
6	2	10	1	1	10	
2	6	3	6	2	3	
9	5	4	1	5	6	
8	1	2	6	1	2	
10	2	10	2	2	8	
3	9	7	5	2	4	
10	10	7	9	3	3	
5	10	4	10	9	3	
2	2	6	3	8	7	
5	9	2	10	6	5	
5	6	4	5	4	2	
2	2	5	10	7	7	
10	1	4	7	10	9	
9	6	4	9	5	4	
7	9	5	3	8	6	
5	3	1	6	9	5	
5	10	4	4	10	6	
3	4	1	6	8	5	
9	9	4	9	1	3	
1	9	6	3	4	5	
2	3	8	8	1	7	
9	6	1	7	5	6	
3	2	3	5	4	3	
8	6	7	4	5	1	
7	3	2	3	3	10	

Stepup times between Families, where [f][f] represents initial setup time
On machine	1
75	91	86	59	31	75	10	51	11	24	37	5	34	44	52	49	94	17	50	70	
99	29	28	42	80	47	50	41	8	28	62	76	83	10	66	16	9	60	62	18	
78	74	8	84	10	94	99	67	46	91	30	3	32	33	25	54	36	77	52	13	
52	99	7	75	90	85	90	7	46	9	42	21	73	66	75	68	68	91	80	30	
93	49	96	19	73	42	30	46	45	49	15	38	62	8	42	96	95	8	4	26	
28	36	10	40	17	28	20	68	55	39	35	71	3	7	61	14	65	81	91	26	
50	96	3	48	65	57	51	79	38	51	50	31	24	44	42	6	74	29	22	5	
48	75	24	70	19	26	1	47	76	36	76	18	68	57	48	42	50	78	66	48	
100	31	71	55	1	2	62	37	79	85	61	95	46	90	55	99	25	77	57	56	
67	22	1	33	22	57	11	62	28	30	4	51	69	44	75	66	13	37	10	71	
8	22	48	30	39	9	17	9	82	12	3	7	54	80	30	36	77	26	54	46	
32	97	95	51	41	60	34	36	36	5	42	33	82	10	29	2	40	14	16	13	
54	92	12	41	76	48	43	79	37	74	3	39	57	63	85	1	82	65	56	4	
75	58	62	35	25	68	79	6	19	87	6	40	80	56	25	66	66	57	36	66	
49	25	84	89	16	37	36	73	39	54	77	16	90	41	90	73	37	89	42	76	
72	100	57	99	73	56	9	94	43	35	54	21	29	77	23	79	52	58	26	59	
94	67	69	18	28	97	31	98	89	43	23	78	50	55	55	65	88	57	3	8	
56	71	23	87	7	76	43	99	63	58	49	3	4	57	100	27	66	26	67	16	
61	52	64	52	98	50	66	89	54	30	41	94	5	12	20	61	16	77	31	67	
66	98	15	36	68	87	74	62	35	93	68	13	10	8	2	8	48	9	44	46	
On machine	2
38	95	94	38	85	38	38	95	31	17	13	48	43	32	15	75	26	98	56	81	
24	89	80	2	96	86	9	57	23	18	52	29	49	17	58	33	12	54	47	57	
66	7	8	2	30	47	20	93	56	8	12	10	12	2	5	79	22	70	22	10	
71	59	38	54	39	2	1	7	64	27	41	39	77	3	68	29	18	52	88	43	
79	19	44	46	68	45	53	27	28	24	11	88	65	75	34	21	63	41	86	55	
2	53	23	80	29	9	45	32	28	89	58	40	22	3	78	53	56	29	90	48	
36	89	42	79	1	3	52	82	85	95	80	82	85	57	12	14	58	38	91	17	
32	93	50	79	55	82	80	35	91	58	95	32	100	16	17	71	98	74	20	44	
47	42	76	89	59	22	14	19	75	49	22	26	61	25	100	7	50	22	12	96	
81	97	60	20	52	5	2	59	1	84	50	68	59	37	35	50	28	28	80	100	
64	11	86	4	71	43	92	65	92	99	68	79	96	41	28	76	97	28	60	41	
9	85	66	66	73	12	53	10	53	83	78	45	87	7	99	67	43	2	63	73	
5	35	7	62	21	78	61	79	15	10	90	83	15	30	12	38	18	44	22	12	
86	24	24	61	41	93	74	98	81	47	59	7	84	96	89	59	7	92	30	35	
25	15	22	86	35	30	44	36	93	56	35	78	2	82	50	45	1	9	21	87	
12	88	13	62	2	93	5	22	56	28	96	62	55	49	83	26	8	89	3	31	
75	81	46	22	1	50	72	78	13	72	22	56	21	60	42	24	70	51	45	73	
64	25	25	69	6	38	1	10	98	76	43	85	12	97	49	37	9	47	18	94	
33	5	83	2	16	63	40	91	41	69	32	3	84	52	10	84	54	13	36	20	
58	54	69	40	59	62	94	47	3	21	36	13	22	84	50	21	64	90	52	52	
On machine	3
75	91	54	3	92	71	87	87	15	19	80	34	68	79	2	29	81	44	7	16	
26	84	87	77	52	58	61	81	21	96	75	83	39	77	32	6	87	40	40	13	
43	10	89	41	95	72	45	35	81	53	6	39	36	41	13	81	30	86	94	85	
68	29	84	12	5	28	84	12	93	11	6	16	37	89	56	29	100	76	45	100	
72	51	9	22	21	23	8	36	9	44	52	6	45	2	38	18	58	91	95	25	
28	62	35	34	67	33	67	22	99	3	40	10	37	69	35	35	58	58	14	11	
12	48	74	88	11	18	79	38	86	23	49	16	62	39	93	64	46	32	79	15	
99	54	45	47	37	92	100	19	15	71	21	90	72	95	98	43	55	13	98	92	
52	94	31	31	91	78	94	82	57	89	77	74	64	60	56	5	72	43	20	17	
15	77	35	16	29	93	27	23	16	47	99	52	25	18	87	12	68	41	36	23	
28	16	47	97	83	81	88	68	13	58	43	47	75	56	78	47	94	92	29	12	
99	45	6	14	85	23	99	12	72	22	34	73	61	6	75	57	4	37	71	42	
45	21	49	23	66	49	21	61	87	90	4	97	59	58	87	57	47	43	13	83	
37	45	79	38	94	26	75	61	94	13	16	81	55	89	18	3	21	55	83	91	
73	62	20	7	13	67	30	15	3	96	75	44	88	20	85	75	75	24	33	87	
82	48	84	63	4	1	94	73	91	6	34	25	16	28	10	70	33	43	35	6	
90	41	96	57	7	97	79	32	61	93	96	45	83	19	85	50	63	42	21	61	
21	26	57	99	95	53	36	50	14	58	22	3	44	51	83	48	2	43	69	40	
79	35	11	57	42	89	76	59	9	34	75	65	15	36	20	73	91	80	95	15	
77	8	55	34	80	73	50	50	68	63	11	17	3	69	24	73	91	86	65	57	
On machine	4
93	88	33	84	96	47	71	90	95	62	83	4	1	86	51	74	87	71	36	63	
62	47	81	1	6	84	82	81	17	34	77	2	73	85	33	21	49	72	42	83	
4	97	97	58	19	79	40	61	24	18	13	27	28	22	99	17	74	54	93	43	
68	18	82	68	14	87	17	81	13	46	45	36	58	31	27	21	90	67	35	9	
64	29	89	13	1	37	6	77	67	94	69	22	49	49	1	84	90	33	55	8	
53	33	45	53	100	20	35	41	99	95	33	91	14	68	68	2	41	6	52	77	
49	33	50	81	56	35	7	66	13	43	53	14	92	61	84	26	82	62	11	34	
18	66	76	31	59	7	86	38	66	36	42	68	26	41	44	57	4	45	14	14	
38	77	45	78	39	87	23	30	2	35	45	55	10	48	94	76	23	67	47	73	
81	95	60	88	81	5	59	54	6	74	28	15	26	80	69	89	33	58	39	30	
57	30	28	25	31	34	26	88	5	43	20	59	89	48	7	59	32	50	68	15	
94	82	64	79	13	68	92	68	68	18	90	10	22	48	48	41	27	47	99	53	
10	11	71	88	39	54	65	58	76	54	73	86	91	90	54	64	74	39	14	4	
25	76	82	6	47	68	25	96	31	3	19	8	17	56	65	51	50	65	100	17	
80	32	11	45	13	8	45	87	25	35	67	28	82	63	73	74	52	14	10	25	
74	15	77	9	47	77	3	77	88	30	27	83	88	80	19	45	65	83	71	80	
59	43	83	3	3	75	1	57	70	87	93	63	70	21	9	68	27	82	15	34	
81	24	5	26	18	75	31	6	43	84	75	30	72	28	26	28	43	5	21	53	
37	1	22	81	27	60	3	80	58	92	31	58	82	19	16	36	60	36	49	20	
98	9	53	11	35	33	24	76	83	68	33	40	96	51	47	24	78	57	95	63	
On machine	5
84	6	45	85	99	48	87	54	10	91	4	47	11	21	49	81	29	78	5	87	
95	12	24	91	99	2	49	68	79	6	37	19	20	68	87	58	63	69	62	44	
9	53	27	82	13	73	24	89	73	63	65	69	38	77	64	26	8	4	44	97	
41	26	97	37	22	99	48	22	99	41	97	53	68	73	16	94	97	15	84	99	
60	65	28	6	64	36	100	20	84	84	12	95	36	29	24	60	88	98	56	93	
54	45	36	51	77	15	2	51	79	25	54	62	58	75	87	9	50	16	32	34	
74	46	66	49	26	92	16	86	55	77	99	55	65	27	67	56	25	59	77	61	
66	11	74	88	42	57	32	36	28	46	8	53	20	71	48	52	92	18	22	61	
38	61	36	96	28	94	30	13	18	58	5	100	18	71	1	99	28	92	53	41	
89	77	25	75	78	54	4	96	81	8	39	55	51	12	57	39	94	78	13	82	
28	11	10	11	61	71	69	40	38	35	72	49	82	25	61	20	45	99	76	81	
23	16	9	22	58	48	82	46	39	12	52	43	71	63	52	11	68	99	36	11	
1	54	11	55	42	34	77	98	89	91	38	39	42	36	98	70	24	57	65	79	
100	51	36	63	37	37	55	88	46	73	100	64	92	62	20	93	34	77	53	36	
21	57	64	73	51	47	12	29	25	74	59	7	65	48	95	32	25	33	75	94	
16	43	15	35	16	18	21	97	78	17	46	13	26	37	28	93	58	62	13	46	
8	79	48	33	81	49	51	20	37	63	36	89	33	81	48	15	64	22	97	72	
49	50	98	62	59	16	1	73	54	84	8	20	62	96	84	63	57	64	66	88	
86	84	91	1	35	57	79	49	26	91	32	94	48	33	67	39	21	57	19	26	
96	17	53	40	50	30	16	39	89	97	58	84	23	63	26	93	18	5	75	1	
On machine	6
2	79	42	7	66	49	91	47	83	32	54	67	23	54	56	46	9	28	58	43	
60	10	89	39	8	48	95	34	75	80	82	87	65	61	7	91	19	10	60	48	
26	93	6	86	72	18	37	65	50	82	60	21	50	97	73	7	75	64	16	28	
50	7	31	78	99	82	75	29	49	25	77	20	70	73	43	69	67	61	100	79	
58	97	100	61	92	81	73	94	98	46	39	83	78	65	98	32	23	4	26	78	
82	93	30	96	10	79	65	41	55	63	97	18	24	20	24	85	82	43	65	25	
57	74	78	42	88	66	79	23	2	62	36	26	6	10	87	28	47	64	72	66	
8	33	32	3	50	79	43	83	31	26	8	12	9	9	19	51	63	14	83	48	
36	8	17	1	34	36	63	88	24	58	92	76	59	38	21	74	73	79	32	53	
48	70	80	86	49	86	73	28	12	10	68	23	3	35	45	67	34	92	28	36	
90	7	26	3	92	43	64	23	75	3	69	25	96	8	36	1	15	21	52	26	
35	49	75	52	22	14	29	55	97	89	97	47	68	63	32	54	86	6	9	30	
44	11	29	32	64	34	53	27	16	6	4	1	87	51	60	22	83	98	75	3	
7	4	3	54	91	24	7	2	10	81	89	26	7	11	16	13	64	74	17	89	
70	82	37	12	81	5	64	74	87	13	57	81	6	8	88	41	95	36	12	27	
87	84	14	96	69	20	38	78	95	44	33	31	37	96	95	89	56	86	5	41	
37	33	13	2	55	65	17	48	27	55	69	41	2	89	50	12	6	33	31	1	
53	23	89	85	49	45	54	30	72	70	89	1	82	77	81	41	13	3	2	63	
71	43	8	28	95	70	71	34	33	59	35	63	55	19	53	66	44	32	54	4	
51	26	66	54	41	74	31	16	22	43	4	65	57	50	16	43	61	27	7	38	
