Factories	3
Families	30
Machines	4
SetupType	1

Number of Jobs in each Family
9	8	10	9	5	10	5	9	9	2	7	6	5	2	4	10	10	5	8	3	8	5	10	10	10	9	3	1	10	6	

Jobs in each Family
0	1	2	3	4	5	6	7	8	
9	10	11	12	13	14	15	16	
17	18	19	20	21	22	23	24	25	26	
27	28	29	30	31	32	33	34	35	
36	37	38	39	40	
41	42	43	44	45	46	47	48	49	50	
51	52	53	54	55	
56	57	58	59	60	61	62	63	64	
65	66	67	68	69	70	71	72	73	
74	75	
76	77	78	79	80	81	82	
83	84	85	86	87	88	
89	90	91	92	93	
94	95	
96	97	98	99	
100	101	102	103	104	105	106	107	108	109	
110	111	112	113	114	115	116	117	118	119	
120	121	122	123	124	
125	126	127	128	129	130	131	132	
133	134	135	
136	137	138	139	140	141	142	143	
144	145	146	147	148	
149	150	151	152	153	154	155	156	157	158	
159	160	161	162	163	164	165	166	167	168	
169	170	171	172	173	174	175	176	177	178	
179	180	181	182	183	184	185	186	187	
188	189	190	
191	
192	193	194	195	196	197	198	199	200	201	
202	203	204	205	206	207	

Total number of jobs
208

Processing times of jobs
3	8	2	8	
7	8	1	6	
9	2	1	8	
3	3	9	10	
10	5	6	4	
7	9	2	6	
10	6	4	5	
2	10	5	7	
8	7	6	7	
6	1	6	5	
8	4	1	9	
6	6	9	6	
9	4	6	4	
1	2	3	3	
5	10	9	3	
4	7	2	8	
2	10	5	2	
2	5	10	6	
9	3	7	9	
7	4	7	8	
2	1	10	1	
3	7	1	8	
10	4	5	3	
5	6	10	9	
10	2	9	4	
10	3	7	7	
4	9	7	2	
9	1	3	7	
10	1	2	1	
3	1	8	5	
10	2	4	10	
2	4	7	9	
7	6	10	3	
5	7	1	6	
9	8	1	9	
5	10	2	1	
4	9	2	1	
2	10	4	4	
1	1	2	2	
1	8	10	8	
9	6	6	7	
8	1	8	8	
6	6	2	10	
1	10	4	8	
1	9	2	8	
2	7	3	2	
10	4	6	7	
9	2	6	2	
7	10	2	8	
4	6	5	7	
7	8	1	7	
6	3	5	9	
2	2	3	3	
3	5	2	8	
4	10	6	2	
7	1	5	6	
3	7	8	5	
4	3	7	7	
5	7	6	5	
4	10	9	4	
2	6	1	9	
2	10	7	4	
8	7	9	3	
3	9	3	8	
4	10	1	8	
2	3	10	9	
8	2	2	2	
5	10	10	5	
8	8	10	5	
8	3	7	4	
7	3	6	2	
4	10	7	9	
6	1	4	9	
1	6	3	2	
5	7	7	3	
4	1	10	9	
5	1	8	6	
9	6	2	2	
6	8	1	6	
6	5	4	9	
10	3	9	9	
4	3	10	8	
4	3	9	2	
6	4	9	1	
9	9	3	1	
5	4	5	6	
6	6	6	5	
6	4	2	10	
3	5	4	10	
6	8	5	4	
5	6	2	1	
5	8	4	1	
9	1	5	7	
7	6	6	5	
1	5	1	4	
8	9	6	3	
9	1	9	3	
6	8	6	3	
3	2	6	1	
9	5	1	9	
2	6	6	10	
5	10	3	2	
10	7	4	9	
5	8	6	10	
7	6	6	10	
9	4	9	10	
3	9	6	4	
1	10	6	1	
5	6	10	2	
6	5	1	5	
3	8	6	6	
8	10	8	4	
7	3	4	5	
4	6	9	5	
9	2	10	3	
10	3	7	5	
5	9	2	1	
6	3	8	8	
2	10	7	6	
4	8	4	7	
6	10	3	9	
6	3	8	1	
7	5	1	2	
6	3	2	6	
3	3	8	8	
1	5	3	10	
10	8	1	9	
8	7	6	1	
4	7	3	8	
8	1	7	6	
6	2	4	3	
4	7	3	7	
6	6	7	4	
10	2	9	7	
10	3	10	9	
3	3	2	9	
8	5	10	1	
6	1	7	6	
2	10	3	9	
5	7	2	10	
5	8	8	3	
2	2	6	5	
4	8	6	3	
8	10	10	7	
7	3	10	8	
3	8	6	10	
2	10	4	6	
8	8	1	9	
5	3	1	1	
3	8	2	1	
8	1	1	4	
1	7	4	7	
4	8	1	5	
8	8	8	2	
9	2	9	4	
8	8	9	8	
2	1	10	4	
5	5	7	7	
7	2	9	5	
7	5	9	10	
8	1	7	5	
4	10	3	4	
8	7	6	2	
1	6	10	10	
9	6	10	9	
9	3	3	4	
5	2	4	7	
7	8	7	6	
3	6	2	6	
4	7	5	3	
2	10	8	4	
5	7	1	2	
5	4	5	6	
5	3	8	6	
5	4	8	1	
8	3	10	5	
10	9	6	6	
1	3	2	5	
4	3	4	4	
7	3	7	8	
5	9	4	1	
4	8	2	9	
5	10	7	4	
3	1	8	6	
3	1	4	10	
6	9	10	2	
1	10	6	5	
5	9	6	4	
10	7	5	1	
5	4	6	4	
9	7	4	5	
9	2	9	1	
5	7	8	3	
1	10	4	1	
9	8	3	8	
4	8	2	2	
6	9	9	7	
3	4	6	7	
7	2	9	9	
3	5	9	7	
6	7	7	2	
3	6	10	4	
3	8	1	5	
7	2	10	2	
4	4	8	5	
5	7	4	2	
7	8	8	8	
3	5	6	8	

Stepup times between Families, where [f][f] represents initial setup time
On machine	1
5	4	8	12	13	19	18	6	4	13	2	2	17	12	7	5	12	19	6	15	9	19	10	12	14	5	11	20	12	14	
19	4	19	17	10	10	20	20	4	3	15	6	12	19	9	3	19	12	3	20	19	14	8	8	10	7	19	15	2	15	
17	15	10	18	2	20	4	5	17	20	16	9	9	7	1	2	4	3	7	19	19	7	13	6	16	17	16	19	15	13	
16	20	17	17	20	20	13	10	12	20	11	16	2	1	5	16	6	15	11	20	11	10	11	5	5	7	6	17	16	13	
10	16	12	20	13	16	3	13	16	14	1	16	19	2	18	15	12	18	9	12	2	3	15	16	20	9	17	1	2	9	
14	9	15	15	12	19	8	16	10	19	8	8	15	9	4	12	13	15	1	8	11	4	4	3	11	3	5	15	10	3	
11	15	7	18	15	14	11	13	19	2	13	12	1	4	9	19	19	6	9	12	17	18	17	2	6	13	7	17	7	8	
17	18	18	13	1	1	1	6	13	10	1	13	13	13	10	3	5	2	16	15	11	19	8	9	13	15	3	20	7	11	
10	11	12	6	18	15	9	15	6	1	14	2	19	18	20	10	16	12	2	9	6	11	8	16	1	8	5	3	4	12	
15	9	5	12	1	19	12	11	16	6	18	2	2	8	17	11	7	19	14	20	12	18	10	10	10	15	17	19	3	2	
20	13	16	2	13	8	2	17	4	11	16	11	8	2	5	5	2	6	14	11	17	6	20	19	15	17	15	4	15	7	
5	15	20	8	16	8	13	6	17	15	5	7	19	1	4	19	7	9	11	7	2	8	13	14	20	20	14	6	14	11	
4	11	14	7	11	8	4	9	17	6	13	11	8	5	4	10	3	12	17	8	19	12	5	4	5	16	9	3	10	12	
10	11	7	3	13	15	3	17	1	2	19	13	6	3	8	19	19	20	13	13	1	1	19	19	1	4	1	5	3	7	
12	12	17	17	5	8	8	1	1	16	18	19	1	14	15	20	6	12	7	20	9	11	4	14	6	12	8	4	18	8	
15	3	4	16	18	5	10	8	14	13	19	4	18	8	3	13	10	5	17	17	2	18	4	1	15	17	13	1	12	19	
16	17	15	12	13	11	13	19	9	10	19	9	13	17	7	4	6	6	18	4	2	17	11	14	14	7	20	7	20	4	
4	7	2	17	5	18	20	10	6	3	3	11	15	19	6	4	8	4	10	18	15	11	4	4	6	15	2	10	1	4	
18	13	7	10	17	19	11	17	20	16	13	12	15	1	10	8	11	20	12	20	2	4	14	8	20	18	19	6	16	9	
1	7	7	6	19	9	9	15	19	4	14	13	10	3	6	3	17	17	8	1	17	16	10	17	5	13	10	20	18	8	
1	4	19	18	5	9	7	16	13	18	16	13	13	17	13	8	7	6	2	3	20	11	6	4	12	7	1	6	1	13	
15	15	17	16	5	11	9	1	11	14	17	19	1	2	14	5	6	7	7	4	10	17	3	11	7	4	2	1	18	17	
2	14	15	15	11	12	14	3	18	15	11	5	14	18	4	8	13	16	6	4	18	11	17	5	10	8	20	7	4	8	
13	16	16	13	20	6	12	8	14	10	6	5	19	11	12	3	8	3	1	15	19	6	11	3	16	17	17	11	17	2	
3	10	12	5	12	13	15	10	7	16	13	15	17	10	19	17	10	19	9	18	18	8	6	3	18	6	13	19	11	3	
6	17	10	10	9	6	1	15	1	20	1	9	15	20	8	19	19	15	13	9	19	11	9	13	16	17	12	18	2	12	
9	4	16	8	10	16	10	7	8	9	4	20	13	6	12	3	19	18	4	9	20	14	18	12	14	2	15	17	1	7	
5	3	14	6	17	7	11	17	1	14	12	18	18	10	4	4	16	9	13	10	12	2	4	5	10	18	20	9	13	2	
4	15	20	2	11	6	2	1	4	8	4	6	11	10	2	14	18	6	7	10	3	15	4	12	13	6	12	1	8	20	
9	2	10	12	2	11	4	11	4	11	18	1	17	6	18	17	3	3	10	16	9	6	16	10	13	9	6	1	18	1	
On machine	2
14	10	6	11	7	17	11	7	4	1	5	5	20	16	7	15	7	4	3	7	9	14	15	13	5	2	1	10	19	15	
17	17	5	8	10	2	18	19	2	14	3	1	19	7	19	6	14	1	6	15	13	12	14	9	11	10	5	3	2	11	
1	15	2	11	5	1	12	3	19	9	13	8	11	18	4	13	19	2	14	12	2	12	9	7	10	4	10	14	13	10	
7	15	16	1	19	5	19	5	12	2	15	3	3	5	17	8	10	7	7	13	15	15	12	17	11	7	20	15	1	17	
1	2	7	12	19	10	6	16	15	5	18	19	10	17	16	12	12	8	12	16	7	18	17	4	12	5	11	14	5	15	
2	15	8	19	16	16	7	1	1	19	20	3	18	5	15	4	12	14	2	9	5	17	12	9	16	1	5	5	5	6	
13	11	7	20	2	14	5	12	8	10	18	4	19	18	16	10	3	15	16	11	19	19	11	6	14	2	20	19	7	15	
13	16	7	19	19	7	5	5	18	20	5	2	7	5	11	7	4	16	1	7	6	7	8	10	1	11	16	14	5	17	
19	2	15	12	4	8	10	9	10	11	15	3	2	8	14	4	9	4	6	11	14	11	3	2	5	15	7	7	7	16	
16	9	17	3	7	10	7	17	11	6	12	13	4	15	16	20	14	15	9	4	19	17	6	3	3	11	9	9	1	4	
6	12	7	9	16	12	9	6	1	10	16	10	17	17	13	6	19	3	15	6	2	7	13	9	16	15	7	16	20	13	
3	20	14	19	7	15	1	8	14	15	5	11	20	9	17	2	2	1	6	3	13	7	12	2	1	6	20	16	1	3	
4	6	18	20	7	16	9	1	20	19	12	14	12	1	7	6	1	16	19	4	6	3	12	9	16	4	12	9	8	5	
3	1	6	4	16	16	12	4	7	4	20	10	9	15	1	11	17	3	17	16	8	15	14	16	4	15	10	9	12	14	
9	6	19	9	1	3	14	7	6	9	3	3	9	16	19	2	5	6	10	10	4	5	10	13	19	16	9	10	9	6	
11	13	10	4	11	9	7	8	16	19	4	9	12	20	4	13	20	3	20	20	7	20	2	4	15	8	20	6	15	10	
6	18	8	5	5	9	2	7	20	6	7	14	6	3	17	9	9	6	3	17	1	8	6	16	5	3	5	18	7	6	
7	18	13	1	14	20	2	20	4	16	9	17	1	13	10	8	20	11	19	6	15	13	1	7	16	20	19	8	10	4	
17	1	15	12	1	12	7	8	6	14	20	4	10	18	4	12	18	15	16	18	19	1	10	19	19	19	1	6	4	7	
12	18	4	18	8	14	10	2	18	2	4	13	20	15	18	20	14	7	6	16	1	18	20	11	11	7	12	7	10	15	
17	10	9	7	8	9	7	5	13	15	7	10	18	4	19	17	10	15	1	13	11	11	19	18	3	9	6	13	15	3	
17	3	1	19	15	5	20	15	14	5	6	15	2	3	5	4	9	1	13	8	20	3	17	9	2	8	3	6	7	9	
1	16	8	14	10	13	9	2	17	3	15	6	16	3	11	11	3	4	18	12	8	10	7	1	15	13	18	18	13	7	
14	14	10	17	2	12	9	17	19	11	19	1	17	12	4	2	6	4	8	4	3	10	10	9	1	7	1	4	11	17	
9	7	7	9	5	18	10	8	8	6	20	20	20	14	15	2	9	5	3	19	16	12	14	15	4	5	16	1	13	17	
2	13	14	14	18	14	14	11	2	4	7	12	6	4	11	1	11	1	4	11	2	16	2	9	20	15	6	15	11	19	
4	16	17	17	17	20	20	13	6	13	13	10	10	4	12	17	2	14	12	9	17	8	3	6	6	14	5	17	7	2	
14	20	13	9	13	3	13	10	7	13	1	20	19	2	3	8	18	9	10	2	14	2	15	12	3	19	5	3	2	10	
4	7	10	9	10	9	19	17	19	19	4	12	15	14	12	18	13	2	9	13	6	15	9	12	6	8	20	9	19	13	
9	3	16	9	13	10	19	19	1	4	6	19	12	16	14	9	12	5	2	18	19	5	15	12	1	14	16	15	16	17	
On machine	3
7	3	8	1	16	4	4	15	1	19	13	12	11	3	17	10	5	20	3	14	14	19	9	5	16	10	10	9	10	13	
13	7	2	17	13	19	11	20	3	8	8	6	17	4	2	6	1	6	10	8	17	18	11	1	11	20	10	11	4	18	
3	11	5	11	11	12	10	12	14	6	3	4	19	3	19	2	6	16	14	19	5	15	14	9	2	20	2	16	16	18	
11	6	16	20	10	12	3	15	14	11	9	5	6	16	15	18	2	20	7	2	14	11	20	15	18	19	2	13	20	3	
15	19	3	16	16	16	10	4	13	6	5	17	19	5	9	20	19	15	5	7	11	3	4	4	8	8	10	11	4	3	
19	18	3	15	17	11	1	7	20	1	10	14	10	10	12	3	17	12	4	19	18	11	11	11	12	3	20	20	8	19	
11	6	13	17	15	17	3	6	3	2	4	4	18	9	15	10	1	18	17	16	14	14	20	20	18	10	13	4	13	10	
17	17	9	3	12	3	20	9	11	6	11	9	10	13	20	18	11	9	6	18	12	20	4	14	3	1	18	9	5	11	
10	11	2	14	14	9	11	18	9	20	15	19	5	10	6	7	20	18	10	6	14	20	20	15	18	1	11	8	15	16	
11	7	5	12	14	10	3	16	9	20	19	13	17	1	20	15	12	16	12	19	12	6	2	3	8	2	9	14	20	15	
6	17	19	10	6	18	4	4	20	16	20	2	13	20	19	19	5	7	20	10	5	16	2	9	18	7	16	17	1	13	
7	3	15	14	14	2	2	1	6	6	16	2	15	8	20	10	11	11	7	10	10	2	2	1	10	19	9	20	12	16	
13	3	18	12	1	18	10	12	13	7	15	6	8	6	6	5	12	18	20	3	7	13	2	20	1	19	17	16	15	11	
4	6	18	15	6	5	12	9	16	4	6	18	18	13	3	2	13	3	12	20	10	12	5	15	8	8	18	5	7	15	
5	11	20	17	15	6	11	16	14	16	4	5	14	17	13	19	6	8	12	8	5	1	17	10	8	1	17	5	6	20	
1	9	19	13	12	3	1	6	6	3	20	10	11	13	8	13	19	4	5	19	11	5	2	16	13	20	12	13	19	4	
17	14	5	10	20	3	20	17	16	1	17	11	9	15	3	14	1	9	8	11	11	15	10	18	20	17	6	8	15	5	
16	18	10	5	9	2	17	12	20	3	7	19	18	16	7	20	10	5	13	1	4	17	8	13	6	3	2	20	20	16	
10	17	6	8	18	1	7	13	13	13	8	12	6	6	8	17	14	16	2	6	11	1	7	10	17	16	5	19	9	18	
15	17	16	19	19	9	16	20	13	11	5	8	9	14	15	20	6	8	15	7	5	12	15	18	10	6	10	17	16	16	
20	2	19	19	2	5	5	4	17	8	6	7	13	8	1	7	19	20	2	19	6	6	17	13	14	11	3	13	6	2	
8	12	12	12	8	6	3	11	6	4	12	20	2	2	12	13	6	12	9	3	11	15	10	16	20	7	12	1	11	19	
18	1	7	20	9	5	3	1	9	11	17	14	2	17	5	12	11	16	6	17	3	20	5	8	4	5	5	3	16	6	
11	11	2	18	11	8	18	8	18	2	20	11	2	18	19	18	18	5	1	4	11	6	13	15	20	2	7	2	16	1	
3	16	9	18	13	15	7	15	12	2	18	15	17	10	9	12	10	11	15	4	10	17	19	18	8	17	4	17	12	2	
17	1	13	19	3	8	11	6	10	7	2	9	16	5	8	17	14	8	16	20	11	7	20	16	4	2	20	20	5	12	
11	5	16	2	8	9	3	13	9	6	14	10	5	15	7	11	12	11	1	13	20	10	11	12	5	7	17	3	16	15	
11	8	19	11	1	13	3	4	15	9	3	4	18	9	8	7	2	15	6	12	6	4	3	12	13	12	5	5	14	18	
12	19	18	1	12	13	20	7	8	16	5	7	8	11	2	4	12	2	15	19	14	16	17	13	8	11	14	19	13	3	
19	14	6	6	6	15	3	14	9	2	4	3	7	4	13	11	6	19	9	19	13	1	10	4	6	8	20	18	18	17	
On machine	4
17	3	20	2	15	11	11	17	20	11	16	2	18	3	20	16	1	12	10	13	6	18	15	15	13	19	1	5	2	5	
6	5	4	4	17	13	10	2	2	9	10	10	18	17	11	15	16	19	5	15	6	3	16	20	15	9	1	1	19	19	
20	12	12	12	14	11	10	20	9	4	13	1	18	5	1	17	6	8	15	17	5	11	18	9	14	4	8	5	19	3	
10	20	19	12	1	6	17	18	11	19	20	20	6	6	7	16	10	19	12	5	17	17	16	17	2	15	1	10	6	9	
18	4	3	14	17	12	2	15	2	20	16	10	8	14	11	12	2	1	18	11	4	14	14	5	18	12	18	17	16	14	
9	3	14	16	3	18	10	4	2	11	20	2	6	9	13	19	2	3	3	18	16	17	15	15	2	7	20	4	19	7	
4	17	14	1	5	4	1	19	17	9	12	9	1	6	3	19	6	18	2	10	5	19	11	1	13	9	5	4	18	1	
19	20	12	6	11	20	1	3	16	7	7	9	2	3	1	15	12	5	4	3	18	18	13	18	13	14	5	3	3	20	
3	8	20	9	9	14	13	3	14	17	2	8	16	19	7	19	9	13	6	4	6	7	8	15	2	5	5	14	4	1	
5	2	4	4	12	10	3	3	12	16	9	7	2	15	11	4	11	2	13	1	11	17	9	8	19	9	17	15	2	19	
13	16	9	11	1	13	13	19	1	7	13	5	13	8	20	4	8	18	1	8	4	18	9	3	20	1	3	20	17	17	
6	18	9	3	1	4	8	12	9	11	16	10	2	15	8	8	3	15	8	4	3	12	11	12	15	17	4	3	12	4	
7	2	4	14	3	14	11	19	8	4	18	4	15	18	9	14	11	19	13	20	7	3	12	4	13	15	12	2	13	4	
10	20	6	10	20	1	20	2	5	4	19	5	19	20	11	13	20	6	12	18	5	14	8	10	13	6	15	12	6	19	
14	15	1	9	7	13	18	5	20	18	13	13	10	15	12	20	7	3	9	11	15	8	16	11	20	13	4	7	20	3	
8	12	16	1	13	11	14	8	10	11	6	6	9	20	12	3	12	8	16	10	7	12	8	2	4	1	14	16	2	3	
17	14	14	17	14	12	2	2	18	14	5	7	6	3	8	11	2	8	1	20	18	4	9	2	14	11	6	4	11	20	
11	5	6	3	4	13	5	18	13	18	16	20	17	17	2	20	18	20	15	3	18	7	4	8	1	13	9	7	6	14	
19	12	12	7	14	1	14	10	20	3	12	2	3	4	11	9	7	9	10	12	8	11	7	14	3	19	18	9	6	6	
17	2	5	12	7	19	2	13	16	2	20	1	16	3	12	20	3	18	16	19	6	14	8	12	1	1	10	12	12	14	
17	1	13	15	5	13	5	10	13	5	14	18	9	14	6	5	2	20	10	1	15	4	5	12	16	2	6	16	18	19	
3	7	1	3	7	2	9	10	3	8	8	15	8	18	6	6	13	16	14	15	2	6	20	11	19	12	8	2	7	7	
18	12	11	9	3	12	12	11	6	11	16	13	6	19	19	17	7	15	20	12	19	12	9	13	16	9	9	11	11	3	
16	14	19	20	20	20	6	5	11	18	3	5	7	4	8	8	9	1	6	7	9	8	11	10	6	6	15	20	9	17	
2	5	10	4	12	10	15	16	15	17	19	2	13	7	18	19	2	14	7	4	16	18	11	6	19	18	20	16	20	11	
8	18	8	9	3	10	6	15	14	1	1	16	18	13	7	5	20	20	3	13	6	19	4	10	5	8	1	10	5	12	
4	6	18	9	18	14	17	20	17	9	14	14	5	11	19	17	7	16	9	8	19	14	4	14	16	1	1	7	9	18	
4	11	6	18	4	8	11	12	10	14	12	10	8	5	3	12	9	15	13	10	12	3	15	20	7	9	8	2	10	6	
6	12	5	2	15	10	12	17	16	8	4	3	20	10	10	4	6	2	6	7	14	18	7	4	7	3	10	7	9	2	
20	11	5	14	8	8	2	10	16	13	5	1	10	9	8	7	2	16	10	18	5	8	10	1	13	17	14	19	4	17	
