Factories	3
Families	40
Machines	4
SetupType	3

Number of Jobs in each Family
5	5	1	7	5	1	7	2	5	6	3	6	9	9	5	2	4	9	6	10	10	3	3	4	10	4	3	9	9	5	10	8	4	8	2	6	1	7	6	8	

Jobs in each Family
0	1	2	3	4	
5	6	7	8	9	
10	
11	12	13	14	15	16	17	
18	19	20	21	22	
23	
24	25	26	27	28	29	30	
31	32	
33	34	35	36	37	
38	39	40	41	42	43	
44	45	46	
47	48	49	50	51	52	
53	54	55	56	57	58	59	60	61	
62	63	64	65	66	67	68	69	70	
71	72	73	74	75	
76	77	
78	79	80	81	
82	83	84	85	86	87	88	89	90	
91	92	93	94	95	96	
97	98	99	100	101	102	103	104	105	106	
107	108	109	110	111	112	113	114	115	116	
117	118	119	
120	121	122	
123	124	125	126	
127	128	129	130	131	132	133	134	135	136	
137	138	139	140	
141	142	143	
144	145	146	147	148	149	150	151	152	
153	154	155	156	157	158	159	160	161	
162	163	164	165	166	
167	168	169	170	171	172	173	174	175	176	
177	178	179	180	181	182	183	184	
185	186	187	188	
189	190	191	192	193	194	195	196	
197	198	
199	200	201	202	203	204	
205	
206	207	208	209	210	211	212	
213	214	215	216	217	218	
219	220	221	222	223	224	225	226	

Total number of jobs
227

Processing times of jobs
10	5	3	1	
3	2	5	5	
8	10	10	5	
6	1	4	5	
5	8	4	3	
1	9	8	6	
9	6	4	5	
10	8	3	1	
3	6	3	1	
3	4	10	7	
5	5	9	3	
3	5	7	3	
1	6	6	2	
2	4	5	2	
8	3	8	3	
6	3	9	1	
6	3	8	7	
3	9	5	8	
7	1	4	5	
3	9	8	1	
10	9	8	8	
2	5	8	9	
4	8	1	10	
3	4	9	7	
8	10	2	7	
8	10	4	10	
4	1	7	10	
10	9	1	9	
9	10	7	4	
8	6	8	8	
8	2	5	5	
10	6	9	9	
4	4	4	8	
4	5	2	8	
10	6	6	4	
8	2	3	6	
6	4	3	8	
2	9	4	7	
4	1	10	5	
10	9	5	2	
10	3	4	1	
2	3	3	7	
9	7	10	4	
6	2	2	2	
9	2	6	3	
4	1	5	3	
8	5	7	10	
9	5	1	7	
6	1	5	2	
8	6	8	4	
7	5	8	9	
8	7	5	8	
6	3	7	8	
6	8	7	9	
4	4	6	5	
2	3	7	10	
5	8	2	8	
8	2	10	3	
2	2	4	1	
3	2	6	1	
4	7	2	1	
6	4	3	1	
4	5	6	6	
7	9	8	8	
8	7	2	6	
3	4	10	8	
2	4	7	8	
5	5	1	9	
1	4	4	3	
8	6	3	4	
7	1	4	4	
4	10	3	6	
9	9	8	10	
7	2	5	4	
1	7	7	7	
7	3	5	9	
5	4	5	10	
1	9	7	9	
3	10	5	8	
3	6	6	10	
5	8	6	6	
7	5	5	6	
8	10	3	9	
9	5	1	9	
1	4	5	1	
5	1	10	10	
6	6	8	6	
6	9	10	4	
2	8	9	4	
1	9	7	2	
9	1	3	9	
1	8	7	6	
7	9	5	1	
7	6	5	4	
1	5	7	5	
7	4	7	7	
10	3	7	10	
8	4	7	7	
8	8	2	2	
8	8	9	5	
5	9	6	1	
8	4	2	5	
6	2	5	3	
4	3	3	10	
7	2	4	4	
8	1	5	6	
3	2	1	8	
10	7	6	10	
3	6	2	3	
2	1	1	1	
7	5	6	9	
9	10	8	4	
9	6	7	8	
5	2	2	5	
2	8	9	9	
6	3	4	8	
7	10	3	3	
5	3	3	2	
2	10	9	4	
7	2	10	6	
6	3	9	4	
3	5	3	7	
7	10	5	2	
8	3	4	6	
9	6	6	8	
5	2	6	7	
4	6	10	1	
4	7	10	6	
4	3	5	2	
8	8	9	3	
8	4	9	4	
1	10	5	2	
3	2	5	3	
8	5	5	4	
5	6	6	8	
4	7	10	6	
9	6	6	10	
5	4	5	1	
8	5	4	5	
9	1	8	1	
4	4	5	9	
9	9	9	7	
9	4	10	3	
5	9	1	1	
2	2	6	2	
4	10	1	2	
1	7	1	10	
8	8	4	10	
10	5	9	2	
6	3	3	3	
3	2	4	2	
1	7	6	8	
1	4	1	4	
6	10	5	4	
7	6	3	4	
8	10	6	7	
3	6	10	3	
5	7	2	9	
1	4	1	7	
10	8	3	7	
8	9	6	5	
1	8	10	6	
2	2	4	9	
7	9	3	4	
5	1	9	7	
8	2	9	7	
7	4	3	8	
6	6	6	1	
3	1	5	4	
6	5	2	3	
4	4	10	4	
8	3	5	4	
8	8	10	2	
9	6	7	10	
5	4	9	4	
4	9	3	9	
6	10	9	10	
1	3	10	5	
7	3	1	6	
3	9	1	8	
2	4	8	4	
6	9	9	5	
1	10	3	2	
10	2	8	5	
7	9	3	3	
6	2	9	7	
1	7	9	9	
6	3	8	3	
5	1	5	10	
9	4	7	2	
8	6	8	5	
1	5	2	4	
8	2	6	7	
8	7	5	3	
2	2	5	7	
2	1	9	3	
5	9	6	5	
10	9	6	4	
9	8	5	5	
7	9	10	9	
6	7	7	5	
9	10	10	6	
6	4	9	3	
1	5	5	4	
7	6	3	4	
9	8	8	6	
2	10	1	3	
9	10	6	8	
1	9	6	2	
6	1	3	3	
8	2	2	4	
10	4	7	6	
3	5	7	7	
6	9	3	6	
6	7	9	3	
10	8	5	1	
9	4	2	4	
3	9	2	3	
10	6	6	7	
4	5	2	9	
4	3	9	6	
2	7	6	4	
1	6	7	5	
2	6	1	1	
10	9	2	6	
7	3	10	8	
2	2	3	3	

Stepup times between Families, where [f][f] represents initial setup time
On machine	1
49	78	28	17	1	96	36	97	59	81	54	45	95	75	28	41	90	48	94	73	32	46	41	59	2	38	18	2	42	51	96	38	14	9	52	88	34	82	35	86	
11	85	63	74	44	66	82	100	74	18	58	98	59	51	33	19	26	10	27	18	90	50	74	80	19	32	40	80	33	25	60	67	64	43	46	64	52	80	96	92	
50	31	21	13	11	5	36	99	27	59	34	71	36	69	87	8	57	90	86	39	17	12	78	40	16	67	95	34	23	1	78	53	3	29	34	66	60	16	24	98	
7	75	68	68	18	90	39	37	2	16	55	89	9	33	74	31	6	88	8	80	26	81	91	48	99	98	15	21	46	56	33	72	17	32	64	93	67	38	55	79	
15	58	58	96	67	14	63	30	93	24	90	78	91	11	60	100	24	83	93	19	42	36	20	10	20	91	63	79	51	1	23	7	69	20	73	6	78	84	78	52	
19	77	56	81	87	85	96	97	72	80	71	43	14	74	64	91	66	64	85	33	70	43	14	88	19	58	92	78	58	10	14	46	71	7	23	52	47	97	36	20	
61	4	89	89	67	52	75	59	86	55	17	43	88	28	29	50	4	15	44	13	63	30	56	83	89	56	22	67	65	80	8	80	86	29	69	34	38	91	42	83	
92	48	91	5	1	87	55	18	14	21	33	58	41	46	75	63	93	55	51	83	75	70	95	45	90	5	65	29	90	14	91	97	80	82	81	32	73	61	41	42	
48	58	70	5	76	4	40	18	51	19	54	27	35	6	42	83	3	45	41	6	90	51	30	27	58	54	96	75	32	22	90	37	62	27	39	22	52	46	71	73	
51	85	48	47	43	30	44	55	68	77	38	6	4	96	59	29	22	40	59	3	38	14	63	76	20	52	2	94	14	88	83	79	57	77	21	96	90	20	94	16	
77	48	99	16	95	51	5	86	45	8	28	58	83	49	80	97	74	72	88	44	44	16	77	17	22	3	72	72	68	57	39	15	70	28	82	68	26	18	48	42	
53	10	3	30	28	78	80	63	56	84	40	44	19	16	16	62	76	58	70	58	37	93	16	31	71	71	76	38	59	69	97	69	83	17	29	19	95	54	100	67	
14	37	72	11	20	82	17	18	100	60	62	39	85	84	52	4	20	18	19	83	89	82	48	72	28	23	54	36	74	66	95	95	12	65	4	36	53	40	23	49	
59	75	1	17	36	17	36	2	38	65	51	34	40	35	20	42	54	6	65	5	87	39	14	98	94	52	33	59	32	86	67	84	95	92	79	71	10	89	8	54	
95	92	55	36	40	78	94	39	19	63	27	94	56	36	92	49	56	44	95	97	27	90	72	42	6	87	63	26	63	97	71	51	8	98	88	12	46	29	69	48	
89	46	11	15	31	24	62	90	75	32	33	45	16	87	20	39	34	88	93	80	11	7	14	46	49	5	46	94	80	9	74	48	50	94	62	61	2	34	76	52	
77	63	64	75	70	84	80	87	5	74	86	51	42	55	84	17	67	87	100	94	31	77	24	15	69	96	31	100	84	7	9	63	4	70	47	72	61	58	82	59	
94	82	98	63	72	83	90	42	60	37	94	73	55	63	60	86	93	33	11	78	61	19	29	12	78	9	79	99	24	89	46	55	57	64	56	51	86	65	91	57	
78	67	18	94	5	29	82	23	56	99	2	21	49	78	61	18	41	83	99	96	65	93	47	1	33	28	33	95	62	82	44	24	52	44	93	73	31	76	41	21	
5	10	43	100	28	68	21	57	47	54	56	15	19	21	86	91	12	34	4	55	50	82	25	73	93	22	22	35	55	44	85	33	100	8	19	96	46	36	16	6	
34	32	2	21	86	99	23	40	97	29	90	36	28	53	1	23	99	71	10	47	91	5	52	9	89	11	81	67	83	7	7	63	21	86	32	21	98	81	37	97	
40	79	47	52	78	15	65	91	45	52	76	57	57	3	67	24	32	65	26	88	83	1	82	95	44	100	15	36	56	100	68	100	46	38	42	66	75	27	64	20	
59	77	38	26	100	85	49	19	37	32	25	4	90	14	20	91	87	46	58	28	90	51	45	88	61	11	16	79	62	50	75	82	17	77	60	57	67	100	72	24	
65	29	87	13	12	42	21	37	50	48	78	76	97	4	24	22	54	58	48	77	17	85	93	77	75	70	11	30	40	36	68	37	22	55	63	18	94	84	78	16	
81	53	34	33	6	97	80	96	73	90	27	19	79	29	39	34	73	62	71	5	94	49	62	46	97	4	78	3	74	77	43	69	80	90	87	65	43	72	50	29	
83	9	48	82	24	89	24	76	35	78	23	23	41	99	66	70	31	82	32	97	94	25	87	98	59	79	45	83	5	39	26	5	30	97	12	45	88	40	53	88	
65	94	24	31	25	13	51	85	10	50	96	39	56	40	75	38	14	24	51	7	49	11	55	65	44	59	98	40	11	57	50	81	83	42	9	58	22	24	46	67	
4	24	19	81	34	34	62	14	90	81	25	6	34	39	13	48	67	23	55	39	29	89	34	31	26	37	15	75	36	68	2	53	99	40	52	20	30	87	29	16	
13	29	29	23	83	45	29	18	29	64	75	63	46	20	10	6	44	21	26	34	12	17	28	69	97	17	92	63	46	18	76	91	28	29	60	82	86	51	27	40	
36	48	21	39	31	2	45	3	39	80	93	95	84	47	59	10	81	65	75	62	49	48	98	19	24	1	97	83	66	50	82	65	82	25	34	44	14	90	60	49	
57	59	44	35	93	33	84	93	50	42	40	13	75	5	12	5	43	13	17	75	7	38	67	13	38	100	93	64	32	14	34	60	68	54	85	69	8	93	87	36	
86	97	7	93	88	13	25	16	75	89	15	45	65	83	73	96	96	97	51	29	50	100	72	89	82	80	89	61	99	9	3	46	52	30	65	90	52	71	37	48	
91	4	49	30	24	52	17	19	92	24	3	83	62	17	34	75	65	43	7	20	32	70	96	60	60	28	46	66	31	49	38	57	78	88	91	45	68	87	42	85	
82	80	82	44	2	65	71	90	28	97	96	97	9	32	88	45	74	65	21	99	89	13	74	64	74	91	55	46	81	94	45	23	66	15	100	14	29	83	91	34	
63	83	55	24	64	22	52	61	70	99	3	76	86	40	49	13	30	46	54	69	11	86	82	24	32	63	36	69	38	81	96	100	49	33	22	10	91	6	59	28	
40	79	43	97	50	38	56	46	46	45	19	99	6	79	100	40	12	49	82	95	23	37	39	79	44	58	77	42	92	14	99	99	28	1	38	7	74	23	83	1	
74	59	79	59	78	56	36	19	90	48	4	94	43	64	3	52	23	64	73	16	94	51	88	17	91	52	88	93	48	42	37	5	78	54	45	54	44	7	49	38	
99	22	35	77	90	82	58	98	42	69	70	13	25	89	67	55	67	6	32	55	65	16	18	55	74	8	27	66	42	54	60	64	17	21	90	33	52	78	32	57	
74	50	3	83	81	71	64	79	13	53	22	74	14	33	52	33	90	90	81	57	22	94	76	97	9	47	55	97	53	10	46	29	73	67	13	97	54	11	34	55	
66	38	11	5	49	21	16	93	74	56	4	31	54	23	30	98	56	54	22	13	13	4	8	79	76	100	51	96	68	23	90	71	80	61	99	48	60	8	85	75	
On machine	2
87	77	64	38	84	40	14	86	49	82	92	73	88	25	85	30	35	52	38	70	83	60	31	13	57	74	89	52	98	57	53	18	39	15	72	72	51	19	7	45	
99	29	73	78	62	73	34	66	87	41	74	86	87	42	86	27	48	45	58	72	82	74	40	22	56	84	45	8	26	30	13	52	100	42	12	75	55	52	38	4	
14	9	26	56	5	29	70	56	20	1	26	12	30	61	23	47	12	85	74	63	83	86	30	14	59	88	33	88	84	2	70	83	50	81	74	5	55	16	92	69	
23	51	52	53	61	59	70	50	65	2	24	100	25	31	7	63	31	20	98	22	63	30	89	75	41	73	40	100	58	32	48	97	88	27	100	86	55	48	4	82	
21	42	2	91	56	81	91	96	26	46	77	56	9	17	52	77	53	80	77	53	35	82	61	100	27	45	47	79	60	7	42	87	70	67	53	56	76	23	48	67	
63	25	82	51	71	47	35	48	33	60	92	25	68	99	44	99	72	77	41	84	24	90	23	73	15	87	33	60	21	79	66	31	46	75	62	41	59	4	73	44	
8	15	86	15	43	94	32	40	67	78	1	26	91	47	76	9	75	35	1	10	23	75	98	65	27	90	12	12	87	12	90	14	56	38	14	39	75	10	86	38	
72	57	92	8	9	3	56	91	52	31	94	27	82	40	48	11	10	27	29	55	66	26	71	33	4	77	58	90	11	58	57	26	31	46	49	83	86	86	40	77	
33	47	51	74	94	70	79	72	80	90	89	43	72	11	20	41	60	59	18	71	1	23	54	10	68	93	49	73	67	91	32	53	82	39	25	27	24	36	43	76	
99	39	3	91	12	31	37	6	16	42	63	62	56	25	8	13	60	66	44	88	58	52	55	66	15	54	71	74	66	8	54	20	84	54	28	95	32	86	40	89	
44	92	5	60	88	88	44	27	93	56	57	44	100	71	94	93	96	89	22	16	18	60	45	87	35	98	91	28	35	16	76	45	68	2	59	99	41	36	74	69	
40	5	57	67	2	89	88	36	41	64	14	60	2	37	43	26	97	92	61	72	29	92	47	95	92	84	18	66	91	32	69	86	58	39	79	67	98	14	70	61	
11	47	26	98	48	87	62	47	64	40	50	26	50	96	46	81	37	2	49	18	14	42	58	82	81	75	71	28	98	26	59	64	16	98	78	95	78	94	10	56	
50	66	73	27	70	38	24	13	37	39	57	97	18	68	60	30	63	80	23	76	1	4	36	64	17	24	63	62	18	9	52	84	46	18	86	29	26	35	85	95	
45	1	90	18	43	15	16	57	3	44	61	57	10	70	37	77	59	26	17	55	23	25	8	60	95	55	58	27	84	42	99	54	94	74	67	45	93	58	93	55	
20	73	21	87	27	10	21	47	64	52	12	10	80	34	57	39	23	67	61	97	45	49	52	82	34	39	52	51	41	43	16	45	12	60	44	96	51	17	72	83	
42	6	98	40	79	32	68	37	37	88	38	92	9	14	24	35	31	24	47	87	57	16	33	74	62	89	50	62	82	83	99	16	79	44	30	1	39	87	68	67	
57	43	78	43	9	35	52	25	64	44	93	18	75	62	15	50	66	24	26	36	52	75	2	10	17	9	6	95	44	67	42	36	91	7	41	26	7	42	95	29	
96	37	9	82	65	69	59	13	36	53	36	51	89	27	68	53	75	31	94	4	78	43	30	44	91	46	30	94	1	39	6	87	41	25	16	33	93	61	84	60	
68	15	90	81	57	41	46	66	88	56	8	83	93	92	63	23	93	74	85	46	54	32	61	61	58	17	17	2	25	97	67	86	6	71	61	85	84	58	72	28	
46	57	29	72	70	26	97	62	17	96	23	26	89	95	91	81	23	9	46	66	27	43	75	12	42	1	8	92	98	22	73	48	12	54	87	84	23	93	13	80	
95	68	68	23	72	42	53	2	64	48	51	44	94	29	69	88	52	37	53	80	24	80	1	93	38	54	14	78	65	44	15	94	79	66	83	36	26	51	94	41	
53	36	85	100	58	28	28	93	29	31	32	72	88	14	33	63	56	55	50	27	8	69	62	42	65	18	73	9	75	75	19	41	14	63	76	47	47	12	61	64	
75	54	54	100	79	78	1	14	14	3	74	45	33	58	7	98	38	39	17	98	75	69	56	78	87	2	91	36	52	57	64	39	47	68	35	45	22	93	64	3	
77	67	42	58	14	4	57	58	56	66	32	72	18	91	24	16	92	13	39	3	3	74	24	77	86	83	62	62	71	87	67	45	87	67	83	74	61	7	81	16	
69	19	81	42	24	99	99	56	33	80	35	24	92	80	86	70	74	96	68	19	16	88	18	49	41	42	1	75	49	99	35	26	3	42	29	33	45	26	51	85	
31	34	36	88	9	59	85	3	49	95	20	29	40	59	75	85	83	58	71	55	85	83	98	72	68	95	84	80	37	4	65	23	84	65	74	30	75	3	82	23	
62	47	67	83	30	6	29	55	6	89	10	89	75	100	43	96	23	57	61	27	16	5	28	51	14	43	16	94	50	100	92	6	80	13	24	17	4	31	54	87	
16	40	77	26	90	95	65	72	43	65	17	2	67	32	41	44	15	97	10	73	19	13	56	52	85	38	20	43	13	43	51	35	7	95	5	97	2	45	49	67	
18	39	79	74	72	99	39	38	5	7	74	98	68	40	74	30	76	16	87	90	5	85	79	85	49	93	97	42	47	1	6	10	55	19	20	22	80	16	4	98	
14	4	1	86	18	15	65	95	33	31	64	25	60	7	19	49	32	64	2	46	92	82	37	24	42	33	15	74	40	100	80	51	24	10	58	91	54	43	10	72	
52	89	100	97	94	59	78	97	59	50	40	39	8	43	97	25	15	93	17	35	63	3	72	17	94	95	18	51	58	96	44	72	77	12	18	1	19	95	85	3	
18	52	38	64	24	9	39	29	94	66	18	84	60	12	36	13	68	20	32	82	80	85	96	75	4	10	79	5	79	5	27	26	9	54	65	74	41	44	99	9	
47	5	49	49	13	89	55	82	41	29	18	38	3	59	81	85	41	45	18	25	18	82	85	27	51	64	96	99	91	80	40	68	26	50	87	35	61	60	2	96	
55	21	8	61	39	99	44	3	80	34	16	26	81	57	91	57	78	38	48	50	34	49	51	3	64	61	75	93	15	58	8	87	33	50	71	30	67	59	48	88	
29	12	52	75	6	96	4	64	37	55	44	79	71	58	7	41	75	81	70	83	49	15	94	88	83	50	51	74	1	95	51	33	13	1	23	92	70	1	8	56	
61	80	81	55	24	80	45	66	24	44	67	77	70	39	72	50	62	14	67	28	84	1	66	52	34	11	25	38	78	13	45	38	96	97	67	85	91	27	56	94	
24	68	35	28	18	1	77	62	4	54	76	76	60	4	63	27	14	3	97	20	68	72	45	9	71	78	77	61	62	79	57	2	5	26	49	31	97	46	69	34	
66	34	77	46	69	71	38	98	91	93	20	22	14	94	28	62	30	47	31	80	31	88	87	29	77	42	62	59	11	91	97	8	16	69	11	11	88	3	42	99	
83	81	81	41	15	90	7	83	70	79	58	89	52	73	12	39	66	59	98	30	29	13	5	52	39	33	26	54	87	40	52	60	24	22	41	84	42	81	85	26	
On machine	3
29	39	58	76	83	24	85	60	50	11	20	43	85	71	56	64	69	48	73	72	7	21	36	9	100	58	3	35	97	56	23	99	68	79	71	10	79	35	52	49	
52	48	69	3	48	20	39	2	56	23	48	3	52	28	81	28	42	15	44	95	47	37	73	8	28	99	11	69	60	35	49	90	80	39	56	100	51	19	66	86	
62	22	89	33	27	7	71	35	30	74	44	71	88	20	6	23	64	91	5	80	46	23	35	25	21	76	70	61	92	97	8	30	5	28	69	58	98	75	11	37	
96	3	30	15	20	71	91	36	47	30	79	40	89	37	95	64	17	71	70	30	1	22	25	12	80	11	7	52	35	20	29	7	20	21	31	59	7	88	47	73	
67	14	5	35	73	47	5	74	19	83	25	96	8	94	2	36	98	25	92	37	72	66	80	76	62	2	86	48	77	77	91	84	27	89	60	52	82	62	60	52	
31	66	11	90	43	53	83	100	21	47	91	41	75	41	73	4	66	4	8	1	94	44	58	84	43	92	64	64	96	30	16	20	38	86	43	88	32	6	63	98	
24	5	42	74	7	40	75	79	60	76	16	19	82	65	77	14	51	79	8	49	31	63	90	1	6	36	77	46	69	34	35	53	35	82	89	22	67	32	79	86	
52	50	3	76	2	54	100	9	67	57	25	37	68	49	82	72	20	23	78	29	81	17	46	82	26	80	53	52	85	17	69	68	98	10	73	66	80	30	2	1	
91	56	55	64	17	39	87	11	12	77	18	85	24	7	65	95	21	85	30	73	88	71	48	65	7	63	97	53	37	8	16	82	3	90	13	44	23	26	58	21	
95	12	9	100	22	24	23	67	92	74	19	40	4	2	80	46	65	34	59	15	34	13	33	5	67	92	87	7	99	38	3	98	99	34	1	76	31	59	38	31	
63	39	29	85	25	89	54	6	46	35	48	42	89	37	66	53	95	18	38	57	51	39	21	39	70	93	89	92	7	74	19	85	35	64	75	52	79	13	82	1	
100	66	96	38	24	75	22	3	83	75	38	76	89	29	68	63	2	65	7	5	34	31	100	84	94	12	82	66	54	63	31	84	65	75	38	13	94	29	62	25	
8	57	62	94	20	79	93	86	41	48	95	49	68	31	73	48	9	41	78	58	42	24	94	2	59	2	19	25	14	29	74	21	28	78	27	83	47	95	68	53	
41	53	35	74	25	78	85	26	97	89	70	77	32	91	23	63	48	38	59	78	6	84	65	51	53	3	24	61	80	87	20	3	48	15	16	68	58	11	9	57	
56	17	66	41	10	55	89	4	47	92	17	50	85	34	71	69	37	88	86	58	54	100	2	68	85	23	69	69	13	7	72	45	4	37	56	56	65	83	24	88	
56	64	25	3	99	23	49	29	90	36	52	81	37	53	25	12	56	49	95	91	76	79	31	55	36	48	29	2	14	76	85	75	55	70	24	36	64	99	51	75	
98	77	35	15	1	64	54	92	49	53	73	94	57	41	62	14	99	72	88	33	43	70	84	53	72	46	62	2	60	13	13	45	67	21	23	23	10	87	16	91	
4	50	21	80	6	13	32	42	55	47	38	55	2	41	56	71	87	83	94	23	99	86	65	45	16	1	75	81	100	51	24	90	5	5	63	99	65	85	34	56	
15	30	30	16	74	64	30	4	60	22	17	74	93	74	98	2	13	69	96	9	67	48	86	96	20	6	68	79	16	16	83	98	39	37	50	38	6	21	89	61	
67	95	98	68	54	37	18	9	42	65	25	72	12	46	97	45	69	25	40	22	66	65	52	43	35	63	94	95	80	94	42	5	100	18	50	35	23	7	29	85	
39	13	47	77	97	77	78	1	48	54	94	14	90	97	40	88	95	62	67	66	43	4	89	32	99	59	57	78	74	47	92	10	16	56	17	48	15	80	72	89	
10	73	19	14	98	16	100	63	59	36	45	80	71	39	17	30	57	73	42	81	16	31	55	92	73	63	68	82	99	64	48	64	49	45	74	31	29	57	11	91	
15	46	47	40	76	26	6	20	76	38	37	41	90	61	25	72	90	82	4	58	39	74	97	6	15	59	32	80	23	30	74	56	35	36	30	62	34	95	97	45	
46	80	52	97	66	14	67	45	95	85	4	28	29	87	72	60	66	51	33	57	84	45	85	39	39	2	61	42	21	44	50	13	1	48	28	33	82	69	69	40	
1	96	52	97	91	90	77	29	16	81	28	2	17	47	91	79	64	95	13	85	77	74	17	61	95	9	92	46	41	76	10	11	34	58	45	72	87	2	43	13	
23	25	41	36	88	56	69	45	60	21	66	42	10	25	40	16	30	53	33	43	78	85	58	40	71	36	15	77	36	46	58	73	33	14	5	54	2	56	82	35	
29	66	75	42	93	73	86	38	88	86	90	76	63	17	42	75	69	46	37	81	62	83	68	32	1	2	60	97	59	38	19	7	85	11	32	55	60	93	13	79	
36	37	5	9	27	100	46	50	70	92	60	63	16	77	42	38	34	55	49	51	92	96	59	81	30	16	10	3	84	35	1	88	22	86	26	19	38	26	77	3	
96	30	40	79	20	92	7	72	90	34	61	14	31	24	7	39	6	32	17	50	34	17	23	9	10	33	47	25	92	59	68	62	18	35	4	33	93	63	13	72	
72	14	24	98	42	23	91	23	15	29	68	66	44	92	75	44	43	66	61	92	53	34	74	49	91	5	92	38	51	99	100	9	68	93	36	85	55	29	26	4	
32	61	56	41	48	51	76	91	88	88	10	63	17	56	76	18	53	54	49	17	79	41	69	44	14	53	44	45	64	77	89	15	85	5	13	39	12	88	3	13	
18	96	6	58	80	29	77	80	87	19	91	11	23	67	8	35	62	31	94	86	63	81	79	51	85	89	42	66	34	33	91	62	94	3	69	77	34	33	6	12	
61	88	45	62	32	25	96	33	13	51	43	30	82	83	53	64	90	96	23	44	45	20	65	91	92	6	58	65	8	80	47	49	59	68	44	69	54	1	69	22	
49	53	90	11	76	64	58	75	75	60	77	72	41	51	41	11	68	92	73	77	24	53	43	55	13	57	96	65	34	49	25	75	3	1	72	72	5	76	31	26	
96	3	64	59	18	66	58	27	63	32	91	45	7	38	95	22	71	1	80	68	82	95	13	63	56	42	32	38	93	75	67	91	26	66	51	28	68	75	12	5	
99	53	28	18	14	57	58	71	97	1	16	37	44	97	76	18	70	81	27	8	60	16	87	6	19	77	15	43	19	56	61	11	13	100	71	15	100	71	13	85	
35	45	37	44	26	88	12	33	58	70	12	94	30	61	99	66	12	84	3	16	63	59	78	1	26	37	53	40	52	7	67	73	82	40	43	42	38	67	13	95	
81	53	24	88	55	8	70	27	25	86	40	36	56	2	2	25	73	16	9	38	92	99	81	73	48	16	45	22	54	40	92	88	50	58	71	91	55	22	25	9	
27	5	22	38	90	42	22	65	5	8	84	68	34	13	6	51	90	15	60	24	80	45	89	89	56	96	32	82	82	6	79	61	32	47	20	67	53	66	93	97	
56	38	97	30	68	22	23	71	53	42	79	68	55	59	63	69	41	4	32	21	21	2	69	54	42	73	78	45	66	8	53	55	9	83	41	73	9	2	64	51	
On machine	4
92	13	35	83	15	62	35	64	96	70	98	77	86	52	26	28	71	95	17	75	83	62	66	5	28	41	84	56	37	29	20	45	46	3	99	8	96	38	80	3	
93	34	35	97	27	69	3	48	17	12	97	2	90	97	89	38	92	92	29	47	4	51	40	65	5	6	52	64	34	2	35	73	52	88	54	41	90	69	12	5	
27	46	81	20	37	85	34	11	67	46	60	30	86	19	63	49	40	32	82	46	97	48	56	62	13	80	40	46	89	4	52	87	60	35	14	95	10	30	36	3	
96	53	67	30	99	86	54	35	70	82	48	62	85	66	58	46	28	9	17	27	2	30	15	10	30	36	8	10	55	80	24	94	40	95	75	18	19	44	65	18	
97	8	19	100	94	85	45	70	97	96	52	44	43	38	87	19	96	97	86	22	90	78	14	52	9	98	91	11	59	53	75	23	72	14	38	25	92	69	50	1	
40	13	85	38	19	90	37	17	66	49	76	37	94	9	16	82	60	47	57	67	25	41	84	69	95	28	54	44	8	21	25	36	21	20	98	88	6	84	32	41	
32	10	51	71	15	93	61	7	69	41	21	96	62	43	21	4	50	57	58	13	4	79	49	1	25	28	8	58	79	88	58	50	34	86	19	46	60	86	7	19	
92	6	80	46	75	28	66	36	65	2	47	33	73	49	55	18	46	3	82	21	44	40	27	68	60	66	31	4	79	48	99	3	34	48	62	43	38	69	62	70	
88	15	92	43	12	44	2	67	65	31	86	59	76	15	8	79	82	30	48	92	79	6	8	38	17	64	42	97	25	39	38	5	84	32	7	36	11	76	75	90	
47	17	64	3	43	56	29	96	89	42	33	7	69	61	30	28	43	2	33	60	2	89	49	33	27	77	41	10	28	64	78	93	66	17	33	26	86	76	37	94	
79	17	95	19	23	81	83	46	98	30	22	58	11	30	76	11	14	61	92	43	22	62	78	76	52	78	17	46	71	27	77	74	73	29	46	14	14	38	77	87	
84	35	70	1	51	81	87	54	86	81	92	58	48	92	60	65	44	98	15	26	67	29	76	34	40	64	73	20	82	8	12	75	84	59	80	40	89	31	9	39	
1	21	48	24	60	47	71	50	69	27	100	42	42	69	59	64	58	3	72	76	63	35	77	31	98	96	93	40	95	72	58	72	1	17	9	20	81	59	48	82	
1	2	83	47	97	45	5	88	97	6	12	2	30	66	55	2	5	59	61	44	32	32	80	23	8	93	99	2	63	24	82	6	95	47	85	72	94	15	51	16	
68	56	69	26	49	86	52	64	71	16	7	36	32	6	68	51	60	56	81	6	90	81	58	93	23	74	33	25	99	80	24	26	34	59	94	25	90	83	61	21	
75	86	28	49	27	32	49	81	80	4	23	13	14	68	83	15	5	42	64	95	74	76	10	57	41	1	76	82	19	13	4	6	45	11	63	25	77	44	100	32	
67	19	38	46	51	59	90	64	77	73	17	45	17	42	14	74	84	59	15	29	38	71	25	46	93	17	25	54	78	83	60	16	11	70	78	46	49	35	35	69	
91	33	78	87	87	52	38	72	39	61	14	42	74	55	24	30	44	81	33	68	91	61	23	74	43	13	34	56	93	44	29	45	15	47	100	10	75	52	6	3	
98	22	21	42	95	95	60	73	40	39	48	10	74	90	41	45	15	87	7	72	25	69	45	77	66	22	49	13	79	23	30	87	1	12	21	93	60	96	81	87	
70	75	69	36	20	85	92	89	91	58	37	62	26	100	42	35	6	88	97	72	18	85	48	1	72	17	78	5	35	98	60	12	10	28	73	46	54	35	37	2	
87	36	70	79	41	27	73	62	20	27	55	79	20	22	23	52	51	46	55	100	11	76	29	81	49	23	8	53	30	60	38	69	100	26	97	46	12	79	45	51	
69	77	76	35	37	61	5	9	26	27	97	77	16	44	75	25	89	40	97	12	6	88	7	73	40	80	44	71	17	52	59	32	99	56	52	83	93	95	7	99	
33	8	19	81	74	16	7	32	52	43	37	91	100	47	84	90	36	5	16	3	62	13	38	24	72	73	50	16	8	88	92	14	25	88	78	34	45	45	96	91	
4	84	31	71	66	69	96	93	100	31	88	37	57	100	64	11	62	23	46	1	34	8	20	6	36	57	38	2	50	19	35	13	67	67	92	43	59	89	31	13	
25	36	45	13	5	19	38	37	31	88	54	86	56	23	41	56	52	85	34	1	79	30	7	38	72	15	72	7	58	44	30	47	49	21	78	47	45	47	26	7	
54	34	95	27	92	41	56	39	3	33	46	50	85	5	85	7	3	41	62	11	85	78	97	81	34	6	52	72	83	64	80	25	19	50	68	29	23	37	32	23	
7	49	59	53	57	77	1	46	55	9	94	16	87	35	87	69	82	63	6	92	54	86	7	13	66	8	74	39	34	92	19	9	58	64	69	54	45	15	10	86	
46	35	45	57	12	94	85	86	83	19	21	93	26	32	44	1	50	4	60	17	3	54	29	56	38	100	71	82	3	85	24	76	3	55	63	15	40	41	62	77	
76	19	17	73	67	24	83	36	9	49	8	32	12	43	31	84	42	27	10	36	13	31	49	2	38	28	67	85	51	62	15	73	13	31	21	7	77	88	35	99	
63	44	78	67	71	47	17	41	14	38	66	64	25	31	42	7	11	27	54	3	89	82	63	6	61	39	2	79	89	85	8	64	78	10	35	14	26	57	34	8	
13	45	94	59	54	95	22	96	66	52	27	17	99	93	87	1	74	15	35	58	65	83	99	70	39	16	87	82	20	70	91	20	49	47	90	23	79	76	31	67	
96	51	31	92	55	26	87	8	83	51	5	83	70	13	28	42	14	25	81	49	61	50	51	46	13	30	23	75	82	26	1	50	71	92	82	63	34	47	22	46	
72	58	99	11	100	49	38	10	83	48	6	14	25	65	67	81	77	64	73	4	6	69	21	1	52	98	71	82	45	26	9	52	38	1	18	4	16	97	66	93	
79	16	21	14	83	19	87	13	66	6	55	52	63	29	7	38	76	79	98	78	90	68	87	100	27	32	97	76	44	70	36	71	12	50	63	67	77	87	78	62	
50	36	30	98	29	69	26	40	29	61	36	90	11	17	57	21	36	87	17	15	78	48	99	57	48	86	44	68	11	47	32	73	14	18	61	39	80	23	43	12	
85	93	65	2	42	17	70	75	9	26	98	87	41	47	59	86	29	52	79	26	55	77	35	53	62	67	57	13	56	25	41	91	58	78	5	11	25	83	7	51	
75	56	31	70	24	54	49	26	49	56	24	91	78	62	60	38	15	57	30	71	97	48	97	74	54	2	18	92	91	37	71	64	40	10	85	87	85	94	25	38	
51	29	48	93	48	89	5	93	35	74	35	42	76	31	78	21	88	7	39	29	43	29	55	26	97	72	67	39	11	27	62	9	26	93	87	76	33	48	26	41	
76	31	100	32	63	88	9	82	23	54	10	87	47	20	11	10	55	42	26	73	22	81	65	23	80	14	56	23	34	97	71	70	32	24	94	92	63	33	2	39	
45	91	15	41	70	38	78	83	1	80	86	13	38	56	93	60	4	17	40	66	13	2	39	61	89	68	61	54	45	83	64	35	49	50	79	79	76	46	25	5	
