Factories	3
Families	40
Machines	2
SetupType	3

Number of Jobs in each Family
9	1	2	4	6	5	9	6	2	3	2	9	4	5	1	8	2	5	4	7	1	1	1	9	1	1	6	3	8	10	8	1	2	6	6	7	9	2	1	3	

Jobs in each Family
0	1	2	3	4	5	6	7	8	
9	
10	11	
12	13	14	15	
16	17	18	19	20	21	
22	23	24	25	26	
27	28	29	30	31	32	33	34	35	
36	37	38	39	40	41	
42	43	
44	45	46	
47	48	
49	50	51	52	53	54	55	56	57	
58	59	60	61	
62	63	64	65	66	
67	
68	69	70	71	72	73	74	75	
76	77	
78	79	80	81	82	
83	84	85	86	
87	88	89	90	91	92	93	
94	
95	
96	
97	98	99	100	101	102	103	104	105	
106	
107	
108	109	110	111	112	113	
114	115	116	
117	118	119	120	121	122	123	124	
125	126	127	128	129	130	131	132	133	134	
135	136	137	138	139	140	141	142	
143	
144	145	
146	147	148	149	150	151	
152	153	154	155	156	157	
158	159	160	161	162	163	164	
165	166	167	168	169	170	171	172	173	
174	175	
176	
177	178	179	

Total number of jobs
180

Processing times of jobs
1	1	
6	7	
10	6	
5	2	
2	2	
6	1	
2	3	
7	5	
1	1	
8	6	
9	5	
2	3	
4	4	
10	9	
4	7	
6	8	
1	6	
9	9	
7	7	
10	2	
6	5	
4	4	
4	9	
2	6	
7	2	
3	10	
4	3	
7	4	
1	5	
7	4	
4	2	
2	9	
1	2	
8	4	
9	8	
6	9	
10	7	
4	7	
3	2	
5	7	
5	8	
9	10	
3	4	
7	3	
6	1	
10	5	
6	9	
4	9	
4	7	
10	5	
6	3	
5	5	
3	5	
5	4	
3	2	
6	2	
9	2	
9	8	
1	5	
8	2	
7	8	
9	9	
6	2	
3	8	
10	5	
8	9	
7	1	
6	8	
7	6	
3	6	
5	5	
4	10	
6	4	
7	2	
7	10	
9	8	
6	10	
6	5	
7	10	
7	3	
8	9	
9	4	
10	9	
3	5	
5	9	
4	10	
7	5	
2	3	
4	6	
3	3	
7	5	
3	4	
1	8	
4	5	
2	9	
4	5	
8	10	
7	10	
2	3	
9	5	
9	1	
10	5	
2	9	
9	6	
10	8	
4	4	
10	2	
2	4	
6	3	
7	4	
3	3	
7	5	
5	2	
3	7	
4	5	
8	5	
7	7	
10	1	
3	3	
8	4	
8	3	
5	10	
4	5	
4	7	
3	2	
8	3	
7	2	
8	1	
3	5	
9	5	
10	10	
2	2	
6	9	
10	2	
2	3	
6	10	
3	2	
7	2	
3	1	
10	1	
10	3	
2	6	
4	1	
6	9	
5	10	
6	10	
2	10	
8	2	
2	3	
7	10	
1	1	
4	2	
1	1	
1	8	
5	3	
8	5	
2	6	
4	3	
4	6	
4	5	
4	3	
4	2	
4	1	
3	9	
8	1	
9	7	
10	1	
8	2	
8	6	
5	6	
10	2	
3	8	
1	8	
3	7	
6	9	
9	1	
5	4	
4	9	
10	6	
1	10	

Stepup times between Families, where [f][f] represents initial setup time
On machine	1
89	58	29	13	95	86	43	61	43	19	8	61	48	42	51	17	32	20	91	99	20	65	94	15	79	26	89	87	77	70	42	72	1	48	82	18	75	93	5	8	
67	3	7	22	94	5	12	26	52	53	91	70	13	99	10	25	88	15	1	39	32	78	73	93	13	57	59	4	12	81	29	90	74	9	88	96	50	42	84	57	
71	13	55	14	15	39	48	97	87	53	71	88	79	68	20	72	14	5	25	69	77	98	99	71	23	90	81	85	1	99	63	82	75	12	69	69	47	47	72	65	
39	5	31	25	65	20	38	60	79	66	19	52	40	60	59	84	86	87	23	39	96	86	2	63	90	84	90	47	27	92	69	88	26	23	58	22	6	16	12	1	
27	99	22	74	36	18	75	84	83	27	25	18	13	88	12	94	66	15	89	38	41	46	87	87	79	74	100	60	14	70	45	4	64	15	86	29	65	61	6	87	
54	57	37	56	34	21	95	62	98	11	3	80	71	81	96	77	6	84	8	29	37	8	2	4	77	15	74	96	96	18	34	41	15	76	19	71	38	76	76	52	
94	98	51	85	35	9	21	34	71	27	83	71	51	48	70	61	34	51	87	24	91	47	63	55	70	37	36	55	68	79	69	71	50	20	51	47	80	41	81	98	
83	68	56	2	1	54	94	3	51	95	100	47	15	80	59	64	3	80	64	14	34	56	18	27	74	43	99	68	53	62	86	2	64	23	8	13	97	20	10	83	
64	38	30	40	100	55	39	65	14	65	14	98	47	72	83	53	90	54	68	99	100	92	64	73	59	59	23	12	12	49	41	80	53	26	100	91	75	74	50	48	
84	3	75	34	79	31	86	75	38	20	66	65	68	55	76	35	88	34	24	47	91	40	72	71	18	89	75	33	66	79	25	3	11	60	42	95	38	69	74	87	
74	70	80	37	1	75	66	73	60	22	43	15	68	2	10	26	3	80	27	41	34	48	59	46	40	22	52	32	64	25	81	37	2	80	99	31	39	47	5	98	
25	52	22	55	53	43	52	44	40	35	99	39	40	94	98	15	4	26	13	73	93	12	99	72	10	46	90	43	94	72	90	50	57	72	38	19	80	75	21	50	
73	45	79	60	39	100	50	20	77	64	44	94	97	78	82	100	35	87	26	78	38	86	4	34	6	50	82	36	55	13	94	34	95	88	60	15	90	24	80	25	
53	48	33	12	12	71	99	89	59	8	23	19	80	25	24	9	74	42	12	81	13	42	43	79	48	26	10	60	83	84	76	56	43	41	81	90	38	79	53	36	
83	30	64	63	22	33	17	71	44	19	32	38	54	87	59	29	26	12	36	64	5	77	49	3	70	96	60	36	12	58	29	100	92	99	13	48	5	53	72	37	
16	78	83	39	77	1	94	57	67	46	55	6	44	31	36	85	8	49	49	39	64	67	10	1	16	7	8	28	66	35	73	22	69	99	16	93	84	15	89	30	
97	88	87	42	52	46	28	79	48	24	1	26	27	3	98	88	37	76	54	31	71	61	91	70	37	50	89	19	6	92	76	76	50	77	63	8	49	57	46	24	
58	65	12	10	66	66	85	36	82	4	38	99	58	20	87	49	31	82	31	50	71	67	46	20	84	10	87	85	19	6	61	24	62	67	49	41	43	24	92	49	
99	17	49	18	57	36	16	60	47	37	16	61	43	77	44	12	34	72	36	64	78	31	6	39	60	84	20	21	20	49	59	27	47	89	86	20	6	68	87	30	
61	41	88	40	51	62	74	35	20	97	30	82	74	13	5	62	72	14	74	93	92	16	53	31	4	80	87	11	31	14	67	48	66	39	35	19	21	66	31	94	
74	5	60	53	55	100	69	12	66	50	71	78	19	70	63	48	61	76	64	13	66	8	17	29	4	99	48	11	46	69	67	27	80	74	59	71	38	11	3	38	
91	32	38	75	92	27	36	31	94	44	38	57	74	51	52	85	100	73	31	3	18	86	23	29	38	30	35	40	29	100	34	79	45	91	48	96	37	71	45	55	
91	3	37	56	15	51	77	88	26	32	57	95	94	39	35	97	28	22	67	75	77	57	79	39	77	9	12	66	77	90	18	96	92	30	60	61	17	83	56	7	
39	1	42	100	64	82	90	13	82	18	11	36	59	11	49	50	16	20	51	47	68	39	38	86	54	53	52	40	40	61	44	37	9	29	41	41	50	8	5	96	
76	6	96	95	49	26	9	41	40	13	88	58	98	84	17	90	43	52	92	69	76	99	18	2	22	10	87	18	6	12	51	87	75	94	26	36	89	69	51	63	
11	64	60	84	87	51	88	31	12	94	5	73	49	50	13	55	48	96	15	80	86	28	89	92	21	73	8	88	86	10	86	68	7	32	75	63	56	41	75	61	
34	100	55	51	15	2	58	75	5	61	70	82	41	54	7	78	71	93	95	23	47	23	86	64	18	67	12	74	87	25	61	61	87	11	45	16	99	47	100	70	
60	59	71	60	23	99	80	5	38	52	42	59	10	85	49	60	55	35	28	41	33	9	83	6	41	85	87	90	19	80	80	77	60	71	11	63	47	3	77	62	
76	38	86	58	78	40	24	56	6	57	18	37	10	3	5	32	42	2	66	43	96	98	98	94	39	25	90	13	31	10	89	68	59	57	94	27	55	40	58	78	
11	9	55	73	99	21	46	72	56	64	78	87	51	70	41	80	44	73	47	85	22	68	64	67	42	68	51	87	77	36	49	52	57	15	14	41	14	9	50	17	
93	21	86	80	66	65	22	56	3	19	30	56	68	60	76	100	28	18	41	33	76	86	21	61	50	22	80	82	37	55	54	23	19	15	99	24	27	26	76	4	
28	50	97	88	13	75	87	1	39	4	91	41	20	12	59	86	9	100	13	75	11	13	14	39	9	36	33	35	81	28	100	67	47	11	73	84	38	69	85	69	
10	14	6	63	73	79	99	33	35	31	12	48	47	77	13	8	91	96	7	71	11	86	41	86	36	98	65	28	17	2	15	25	89	52	25	64	36	51	72	41	
46	56	49	74	23	41	92	2	5	29	85	34	31	49	44	91	88	95	47	81	27	6	45	59	80	77	33	55	3	95	30	3	7	34	74	100	14	35	14	21	
11	18	72	75	88	37	72	44	41	70	3	14	44	44	66	82	95	67	53	88	3	85	87	81	2	79	72	54	96	96	100	62	13	2	44	87	58	6	50	5	
20	10	94	12	9	22	30	7	2	20	82	64	65	59	77	62	28	21	74	44	73	59	30	80	3	38	84	73	53	16	58	53	98	61	84	1	60	78	11	32	
45	53	60	58	15	30	56	58	63	14	14	87	85	2	71	92	17	6	53	17	17	30	67	4	61	49	12	91	71	53	70	27	20	6	30	94	79	46	77	50	
73	60	68	46	72	99	15	13	44	34	82	79	90	46	70	62	79	55	59	98	12	94	66	52	8	34	80	5	15	22	11	5	32	87	89	26	2	99	15	15	
50	41	12	100	48	66	54	99	38	82	44	16	85	51	9	26	99	15	35	34	49	80	91	91	70	5	33	14	47	18	79	34	56	64	55	63	31	94	96	76	
8	84	64	91	61	6	35	1	38	79	31	73	68	10	37	69	25	44	31	6	39	44	2	35	95	60	66	97	43	8	28	21	36	35	86	38	40	84	5	85	
On machine	2
50	11	75	55	27	37	28	94	27	26	24	10	15	64	9	41	49	39	73	8	57	51	72	84	89	65	87	22	21	41	71	55	73	79	16	27	48	93	1	50	
47	49	23	79	5	8	12	8	52	29	13	14	75	70	79	47	49	84	51	86	6	5	72	74	1	75	42	45	50	42	79	49	41	74	49	44	42	70	14	49	
14	16	94	47	35	18	87	53	79	60	33	82	90	8	41	74	69	38	84	45	85	56	51	32	13	76	97	81	59	15	75	6	69	34	99	46	35	83	25	7	
27	15	98	42	5	49	1	43	64	1	46	8	37	70	21	66	19	21	100	11	83	47	48	86	60	73	21	30	45	53	12	72	85	87	85	43	47	33	65	34	
92	45	37	57	22	29	88	48	27	55	33	33	9	37	73	86	47	7	24	66	95	55	93	44	33	38	7	72	77	100	4	95	36	72	45	65	25	45	76	1	
89	51	50	55	67	63	85	68	42	100	79	27	19	23	35	11	95	46	15	30	21	62	79	64	32	70	93	79	56	98	30	13	73	65	68	34	16	99	5	87	
37	34	98	67	48	87	63	22	48	44	38	92	40	63	42	47	28	17	50	23	64	75	22	28	95	37	89	37	79	62	48	60	4	44	70	85	42	84	93	56	
82	83	75	14	58	54	68	39	92	71	88	69	61	30	43	59	20	99	49	40	86	72	51	98	35	49	87	58	65	54	64	86	70	5	4	64	68	88	26	1	
36	81	53	34	60	53	82	73	62	30	59	67	56	13	77	73	70	26	52	73	8	72	40	78	69	100	38	87	24	54	35	19	92	51	4	77	35	73	79	70	
19	35	8	51	81	44	11	89	61	3	38	30	70	20	42	62	81	13	67	6	16	77	48	75	73	65	99	70	64	86	32	43	69	66	52	7	13	94	29	7	
80	92	28	74	4	44	82	98	28	44	87	21	30	20	32	13	5	99	43	30	54	28	68	79	6	35	94	56	8	92	98	18	80	96	47	59	3	97	27	32	
76	9	37	81	88	82	52	4	65	12	79	52	12	34	65	94	40	34	74	100	19	4	43	74	27	100	91	55	91	35	38	50	47	79	62	8	41	98	28	48	
82	54	24	76	12	77	96	1	33	10	74	54	96	34	11	56	74	13	95	6	56	82	31	23	72	48	78	5	73	73	35	73	94	23	69	86	25	69	56	3	
56	1	15	75	56	24	43	39	86	61	7	35	87	65	81	24	34	58	80	53	67	47	73	68	95	3	47	11	55	22	30	36	32	57	96	33	84	80	98	27	
77	88	12	10	2	86	84	48	31	6	100	10	41	100	3	16	87	72	29	58	38	20	61	61	71	86	18	75	26	51	33	17	13	64	70	79	54	75	29	23	
78	44	79	79	42	11	73	97	96	21	64	48	42	47	18	100	60	50	60	61	31	85	92	68	73	7	80	99	64	5	64	34	35	39	65	77	82	66	54	51	
25	61	4	76	3	58	24	40	67	28	40	96	12	2	6	36	85	23	83	5	78	15	24	99	50	85	13	95	9	51	11	47	57	93	76	50	53	14	96	26	
48	87	82	59	16	22	4	70	60	70	95	45	82	51	2	61	15	56	52	5	68	91	32	49	66	69	17	90	92	43	38	100	3	12	19	46	50	72	1	13	
24	92	35	79	23	91	17	57	74	81	17	55	1	78	92	79	67	93	34	29	48	77	13	29	17	11	27	93	60	13	2	37	88	59	35	76	81	89	10	89	
19	12	21	74	85	8	27	91	60	24	12	74	21	84	10	13	88	76	49	53	89	77	6	10	8	86	32	20	3	59	81	84	23	48	80	1	28	16	30	100	
93	8	6	82	40	35	36	77	65	18	10	54	77	32	66	93	24	12	34	1	67	93	17	98	76	15	85	84	39	3	53	14	66	75	49	83	63	71	64	40	
49	71	37	98	64	82	61	41	92	94	28	61	84	53	34	16	51	51	36	88	56	77	99	70	91	10	44	55	20	4	49	18	82	85	99	39	22	35	28	75	
85	44	39	79	98	66	69	17	69	89	39	52	85	46	69	35	65	85	5	22	69	14	44	20	61	33	40	72	91	66	91	5	53	26	30	52	49	63	18	73	
100	73	7	24	96	90	51	2	98	55	81	46	68	85	53	85	99	7	43	38	7	92	69	73	1	23	10	50	46	81	64	57	62	75	95	5	27	89	87	57	
51	34	70	9	75	36	7	45	55	19	32	87	6	97	35	15	14	8	27	59	63	24	84	28	90	47	28	34	13	30	84	87	1	16	4	66	12	92	62	61	
4	96	72	17	88	97	88	94	58	2	32	75	69	35	46	46	35	96	45	95	22	66	100	65	38	18	90	18	34	14	95	56	4	27	3	4	58	19	49	34	
83	83	21	37	72	92	5	64	95	51	88	21	86	89	20	1	36	12	45	12	29	96	78	78	30	80	4	30	78	21	65	91	87	47	99	29	41	9	77	97	
53	60	37	18	72	63	19	25	85	86	57	36	49	38	3	76	38	79	96	65	82	33	73	77	52	76	6	47	78	71	67	21	37	23	53	77	78	47	62	36	
59	83	57	63	14	10	84	21	64	36	38	81	100	20	33	37	40	8	25	36	85	98	39	72	63	91	100	59	67	47	4	23	9	32	13	35	40	50	68	81	
64	78	99	100	62	18	64	75	29	65	49	11	28	14	76	51	23	74	81	42	36	97	26	72	39	50	6	82	11	67	49	52	6	59	23	88	62	66	6	89	
82	89	10	72	41	47	59	49	29	62	77	13	79	6	99	94	100	39	52	4	75	41	51	27	10	13	89	21	98	6	61	41	39	40	43	28	55	60	19	91	
41	4	40	72	57	50	84	34	62	19	78	16	80	20	20	25	8	61	58	85	93	16	82	86	28	4	96	97	33	86	17	91	99	32	96	96	94	40	33	91	
40	68	17	46	75	56	93	91	52	83	89	18	74	45	20	41	57	80	90	14	5	61	1	28	64	30	16	8	87	30	53	97	34	44	9	94	2	100	33	35	
7	70	91	95	67	77	77	17	14	23	85	52	34	93	10	75	6	5	38	41	54	70	80	12	24	32	100	81	74	81	21	95	19	8	39	5	59	99	81	86	
39	42	48	69	80	90	8	66	14	51	79	73	20	17	4	89	43	32	81	98	36	91	36	3	85	31	22	51	42	37	53	52	20	97	88	64	3	31	17	64	
61	42	62	94	10	63	71	11	33	32	78	49	94	62	76	49	18	60	31	9	36	17	69	76	62	36	20	46	27	33	46	25	97	47	83	8	75	4	53	87	
23	4	96	87	26	94	65	23	12	71	67	39	29	36	28	49	15	26	69	5	44	80	66	70	96	81	80	89	2	71	47	55	58	11	10	71	71	22	16	9	
45	91	6	74	6	62	55	23	48	20	31	44	79	28	34	10	5	18	99	67	77	34	4	49	64	99	5	9	69	56	1	49	8	2	27	29	53	99	65	79	
46	95	9	72	18	69	37	53	91	80	88	41	19	63	69	97	14	34	72	86	23	70	83	17	76	38	87	29	19	51	63	92	7	73	83	47	82	63	13	71	
40	12	44	92	8	67	10	53	1	36	76	28	39	13	47	12	39	52	81	40	89	29	12	98	81	70	38	4	28	9	94	61	47	46	31	47	63	58	50	3	
