Factories	3
Families	30
Machines	4
SetupType	2

Number of Jobs in each Family
9	6	9	4	6	5	5	6	2	3	10	4	9	1	5	2	9	3	10	7	9	8	10	6	4	5	3	8	3	1	

Jobs in each Family
0	1	2	3	4	5	6	7	8	
9	10	11	12	13	14	
15	16	17	18	19	20	21	22	23	
24	25	26	27	
28	29	30	31	32	33	
34	35	36	37	38	
39	40	41	42	43	
44	45	46	47	48	49	
50	51	
52	53	54	
55	56	57	58	59	60	61	62	63	64	
65	66	67	68	
69	70	71	72	73	74	75	76	77	
78	
79	80	81	82	83	
84	85	
86	87	88	89	90	91	92	93	94	
95	96	97	
98	99	100	101	102	103	104	105	106	107	
108	109	110	111	112	113	114	
115	116	117	118	119	120	121	122	123	
124	125	126	127	128	129	130	131	
132	133	134	135	136	137	138	139	140	141	
142	143	144	145	146	147	
148	149	150	151	
152	153	154	155	156	
157	158	159	
160	161	162	163	164	165	166	167	
168	169	170	
171	

Total number of jobs
172

Processing times of jobs
5	4	5	2	
9	8	6	2	
10	7	6	6	
10	9	9	3	
3	5	8	6	
8	4	10	5	
9	3	7	9	
5	4	4	3	
6	5	3	10	
2	9	9	7	
9	10	6	9	
6	10	10	2	
5	8	4	2	
6	7	2	4	
9	8	3	1	
8	3	8	5	
1	3	5	3	
1	3	8	6	
6	9	9	3	
8	3	5	8	
7	3	3	3	
8	10	7	3	
10	5	4	2	
4	2	3	9	
2	3	10	8	
10	4	3	3	
1	2	7	5	
9	3	3	3	
1	3	6	10	
5	2	7	10	
1	9	7	9	
6	1	2	4	
3	6	7	1	
6	5	9	7	
1	2	8	3	
7	8	9	4	
9	3	4	8	
7	1	1	3	
10	10	4	1	
6	2	9	7	
10	5	8	7	
6	7	3	2	
10	1	7	5	
2	10	10	6	
7	3	4	8	
8	6	7	2	
6	2	6	10	
9	2	1	10	
1	2	5	9	
2	2	5	2	
7	1	3	8	
8	6	5	4	
9	9	1	4	
4	5	8	1	
9	4	4	2	
6	3	5	9	
1	3	1	1	
4	10	4	2	
1	3	10	9	
5	4	4	6	
2	3	6	4	
3	8	1	8	
3	2	6	9	
2	9	9	2	
6	10	8	8	
2	3	6	9	
2	1	1	5	
7	2	2	3	
4	9	10	5	
3	2	1	9	
10	6	4	3	
8	5	9	6	
3	8	3	7	
6	10	6	1	
4	8	10	9	
2	3	6	8	
8	2	10	4	
2	1	1	2	
8	3	4	4	
4	5	8	5	
9	2	7	10	
7	1	4	7	
10	8	3	7	
6	6	1	1	
1	7	9	4	
5	1	2	7	
2	1	4	5	
9	5	10	5	
6	5	9	10	
5	2	1	2	
3	3	7	5	
10	1	2	9	
1	6	1	1	
2	5	7	4	
4	8	1	1	
1	10	2	7	
4	4	2	2	
7	8	2	4	
5	8	4	4	
2	4	2	4	
10	9	5	9	
10	10	6	3	
9	5	7	7	
2	7	1	10	
7	4	7	6	
7	2	8	1	
1	7	6	9	
8	4	2	6	
7	9	4	2	
6	3	10	1	
3	2	9	1	
3	8	10	8	
1	10	7	2	
4	8	4	6	
3	4	9	6	
6	1	6	8	
7	2	3	10	
4	10	5	9	
9	6	9	9	
5	5	2	7	
1	7	6	9	
2	10	7	6	
9	6	2	2	
6	9	3	4	
2	4	9	3	
8	5	3	10	
1	9	1	6	
5	10	10	2	
2	6	7	8	
10	3	8	8	
9	5	1	10	
4	4	1	6	
1	4	1	5	
7	8	5	2	
5	1	4	9	
8	3	7	1	
10	9	5	6	
8	9	7	3	
1	9	3	6	
8	1	2	2	
10	4	4	2	
4	3	4	5	
2	3	1	1	
10	9	10	2	
10	4	9	9	
9	6	1	1	
5	3	4	7	
7	3	1	1	
9	6	10	6	
1	1	8	4	
8	5	10	4	
1	7	3	1	
8	10	10	2	
3	8	7	6	
8	3	5	1	
5	7	7	6	
8	5	4	4	
7	8	5	8	
6	9	7	5	
8	5	1	1	
6	3	7	4	
1	8	2	9	
10	6	1	3	
3	6	4	8	
1	8	9	7	
8	4	6	3	
8	6	5	5	
9	1	6	2	
10	1	9	3	
3	5	9	9	
10	8	3	8	
5	9	6	1	

Stepup times between Families, where [f][f] represents initial setup time
On machine	1
50	45	32	20	24	13	47	14	11	19	28	24	32	22	32	19	1	5	16	50	39	36	3	38	35	37	4	38	22	11	
20	39	43	24	20	15	43	8	45	18	7	21	1	19	35	18	4	3	23	19	23	33	41	2	39	23	43	20	4	20	
16	19	18	43	44	25	50	32	17	7	3	39	18	31	21	28	26	9	21	21	27	44	16	1	19	6	29	5	18	15	
40	31	20	36	39	42	6	34	29	42	2	28	38	30	46	4	9	49	5	44	45	7	7	42	9	30	11	1	20	50	
38	17	34	37	34	44	40	20	13	2	38	30	22	42	11	2	41	25	42	39	44	42	46	50	6	27	47	13	9	26	
48	21	11	40	21	38	11	29	4	8	33	38	32	23	1	40	5	49	38	35	7	34	26	44	33	39	48	14	43	49	
16	26	11	39	30	18	39	40	3	48	18	49	14	34	5	29	24	20	43	40	2	29	11	30	35	20	10	49	9	9	
8	36	22	45	26	4	33	22	33	14	9	29	13	11	6	6	26	33	13	44	7	24	49	39	8	3	19	50	14	15	
41	16	17	45	27	35	22	12	28	10	8	40	11	32	42	45	21	49	38	48	4	31	20	7	8	13	33	6	26	16	
48	49	20	12	16	15	17	29	15	38	2	24	25	10	5	24	49	6	9	3	40	14	29	17	9	13	25	23	39	6	
4	50	47	39	49	42	43	23	10	20	11	47	25	11	1	29	5	25	19	36	11	38	41	1	42	28	45	23	30	24	
27	26	15	42	12	5	30	25	24	13	6	47	45	20	3	22	28	30	7	22	26	16	7	47	38	42	39	39	39	30	
15	43	12	6	21	46	26	10	16	42	28	19	37	40	39	32	2	10	23	37	22	27	38	39	38	10	20	8	38	32	
24	25	24	26	29	44	48	40	20	47	7	18	16	42	49	13	20	19	21	13	9	40	7	30	42	45	50	9	1	41	
18	39	9	21	32	7	5	19	40	22	30	49	38	44	1	7	43	36	44	9	46	23	33	6	26	50	5	16	48	9	
16	3	9	13	43	32	31	22	9	2	6	41	11	32	7	49	42	16	27	11	39	31	25	22	16	12	50	19	13	49	
22	1	10	38	5	28	33	46	24	40	48	27	34	32	16	22	29	12	19	38	48	16	20	4	5	40	21	49	5	26	
10	49	29	27	16	2	49	26	9	16	38	7	4	23	34	18	2	6	32	21	4	16	49	25	50	8	50	31	49	50	
27	45	1	1	39	13	27	42	5	20	24	35	23	31	34	29	8	25	48	15	31	44	10	20	38	4	43	38	22	47	
11	43	6	4	28	1	23	23	42	5	13	25	7	29	35	47	1	47	12	32	27	10	2	23	21	19	41	21	39	15	
13	48	24	36	46	16	6	23	17	9	34	43	29	9	9	17	42	4	10	6	48	21	2	45	42	19	32	6	49	45	
3	39	21	12	12	14	33	15	29	3	6	24	32	28	44	30	25	26	46	10	4	31	4	28	41	38	7	11	44	5	
17	49	23	3	35	19	6	8	18	3	27	21	6	25	43	20	48	28	36	34	12	35	19	6	29	6	39	15	40	34	
46	35	17	44	10	12	14	5	47	9	35	22	22	3	35	38	27	26	28	46	35	44	7	9	47	14	23	15	44	50	
32	39	5	39	4	26	1	18	32	22	28	35	49	31	44	1	5	27	19	12	36	2	2	2	31	46	7	11	36	33	
1	9	38	17	26	27	30	45	5	34	12	13	6	20	29	41	12	47	34	25	14	28	9	10	26	19	29	10	3	20	
50	6	24	6	47	29	24	49	47	18	7	13	8	35	40	4	19	20	21	1	49	2	9	29	34	27	18	14	13	9	
18	2	43	1	19	45	31	2	35	36	21	37	47	27	40	22	31	41	17	36	7	17	11	12	15	20	41	27	33	21	
47	31	23	21	29	41	14	30	25	3	20	47	22	26	24	18	30	38	23	15	17	29	25	11	18	14	27	47	32	1	
30	49	39	2	49	46	36	48	34	8	31	18	14	37	12	30	44	15	26	2	13	2	31	38	27	9	27	22	36	18	
On machine	2
20	32	44	5	17	18	29	9	24	16	19	2	35	17	26	49	8	14	20	19	32	6	43	6	36	12	19	2	30	34	
4	22	37	3	18	3	8	29	42	23	21	25	39	33	17	43	39	47	38	14	38	42	46	40	43	11	42	45	48	39	
3	17	32	41	10	16	31	39	48	21	24	25	34	8	39	47	13	8	10	49	15	35	43	11	1	18	32	28	37	43	
19	30	34	28	35	17	5	44	10	3	14	33	46	16	3	1	15	4	35	26	20	22	2	50	38	47	11	5	43	14	
12	40	10	36	31	39	26	4	45	12	33	30	27	6	42	6	36	44	26	25	47	16	7	43	23	38	30	15	6	2	
26	18	43	27	40	36	14	46	18	37	44	20	37	30	25	3	19	21	37	12	21	7	29	30	16	34	6	45	2	5	
46	33	23	20	32	34	35	14	38	47	40	43	40	46	35	27	44	38	23	29	28	32	36	13	41	11	33	12	25	38	
28	25	29	38	3	44	15	23	29	7	21	42	17	44	11	43	12	10	36	13	7	22	27	24	33	27	46	35	4	22	
4	5	23	41	29	45	6	9	13	27	29	3	46	18	44	6	28	35	43	21	37	49	34	12	6	36	17	1	34	16	
10	18	50	20	6	45	8	1	47	44	10	17	18	33	34	48	44	45	13	28	29	39	14	4	24	34	30	41	30	31	
15	37	10	20	49	42	40	29	5	25	32	24	8	49	15	36	15	10	29	30	37	17	11	47	46	38	32	1	33	47	
23	3	11	36	19	25	22	33	46	6	43	6	9	19	24	1	37	34	39	16	50	15	39	17	3	29	3	16	44	4	
49	16	5	21	14	35	26	5	25	45	49	9	14	13	12	43	36	1	34	10	19	15	50	12	37	46	10	26	28	22	
33	15	40	10	7	29	42	43	13	28	7	11	32	25	37	27	35	38	12	13	36	19	34	29	46	14	31	8	13	9	
3	23	15	14	22	48	18	15	37	23	46	10	4	7	4	6	34	27	49	42	12	25	8	3	32	28	11	38	7	11	
11	11	22	31	27	12	39	1	3	17	50	8	9	8	48	5	14	32	25	44	27	37	18	27	46	43	38	5	28	50	
29	31	19	8	45	34	16	30	3	43	31	48	17	15	31	24	22	2	34	12	10	35	2	50	23	41	29	31	12	40	
36	7	30	15	2	22	48	47	49	17	26	48	47	33	4	37	40	9	38	30	27	13	42	36	32	36	2	33	48	42	
48	47	13	15	39	30	19	4	9	4	39	49	34	16	37	23	29	11	20	38	29	38	46	18	1	25	14	28	33	29	
16	41	2	27	12	21	20	28	38	13	33	22	20	18	50	28	10	16	40	34	45	14	6	18	20	49	22	13	1	4	
5	34	40	8	14	35	46	18	2	1	28	42	10	41	15	22	16	22	14	38	37	21	10	3	31	26	32	46	34	34	
6	37	44	1	14	48	8	31	30	12	11	23	37	5	46	35	24	6	6	18	9	44	14	6	5	33	29	39	9	7	
1	20	48	9	4	40	5	45	20	9	7	36	9	7	20	34	45	1	21	28	40	11	39	47	35	43	7	42	29	37	
50	6	34	30	21	37	7	25	41	30	38	47	26	33	18	18	23	1	26	37	1	4	24	44	46	44	45	24	22	46	
36	39	44	35	14	20	8	22	7	5	39	10	49	33	28	41	32	11	29	8	28	11	19	48	42	35	39	35	38	24	
41	9	9	49	43	8	32	34	33	4	40	46	39	22	3	16	24	15	5	37	33	3	50	43	19	19	50	34	39	6	
37	8	15	18	20	21	28	33	13	21	11	28	7	36	8	42	34	7	3	30	46	7	17	27	7	26	37	1	29	30	
25	19	39	11	1	42	42	34	17	4	33	48	14	2	10	30	49	32	24	32	29	10	39	32	4	1	1	35	32	24	
15	47	45	44	46	16	16	10	27	34	10	19	49	37	7	47	46	22	10	30	7	19	33	24	39	9	10	4	47	36	
19	48	22	49	24	1	34	32	15	46	13	21	34	6	17	44	7	8	16	24	26	46	11	1	46	18	33	23	8	12	
On machine	3
41	11	10	10	14	46	45	18	6	2	13	19	34	12	6	7	41	13	46	29	50	37	25	44	34	34	47	1	5	44	
8	48	45	15	30	7	41	9	13	49	35	3	28	25	42	31	34	21	27	39	37	31	28	11	10	9	5	36	47	6	
21	32	15	42	5	22	22	49	45	39	9	34	23	20	21	9	35	20	49	13	25	26	24	13	44	35	21	42	34	20	
41	1	48	28	6	7	15	22	45	41	8	12	37	16	39	21	13	36	47	24	25	5	5	22	42	33	28	19	7	20	
46	28	20	9	17	30	30	28	17	14	22	16	4	4	24	4	33	44	27	24	8	9	7	19	17	20	29	16	39	41	
43	13	3	12	14	34	26	4	48	23	37	30	29	16	11	45	22	1	39	14	14	14	16	8	17	35	45	28	48	43	
1	32	8	24	44	3	6	43	38	37	26	21	50	40	48	32	22	18	40	21	7	11	13	10	16	29	14	28	4	41	
22	8	24	44	7	45	43	26	11	27	13	1	17	44	44	47	6	46	41	8	46	6	17	31	23	47	18	26	1	34	
8	9	44	35	32	47	36	18	41	21	10	8	47	7	3	11	26	44	1	39	44	8	45	45	15	25	50	34	50	46	
36	3	4	34	3	25	45	32	28	11	6	48	12	3	50	33	5	49	33	12	24	48	17	39	36	35	49	17	35	25	
22	17	36	10	37	19	40	7	19	28	45	19	25	23	18	39	28	29	35	32	1	12	36	9	50	32	40	3	12	10	
18	5	8	43	7	10	1	26	6	20	42	14	20	34	36	46	17	39	41	12	10	31	18	49	26	3	43	4	36	19	
32	2	8	19	15	41	30	37	42	28	9	17	48	23	45	22	40	4	4	3	45	38	9	7	49	26	39	35	36	22	
44	3	34	21	39	21	14	20	9	50	33	11	14	28	7	26	49	18	37	20	20	25	29	17	30	36	11	16	26	41	
44	23	7	47	45	18	21	32	47	6	25	5	49	23	42	27	4	48	23	43	43	4	9	48	47	40	30	5	40	32	
30	19	1	1	25	23	19	13	30	28	17	29	45	5	16	3	24	19	35	28	12	1	40	4	4	39	20	9	41	27	
31	20	1	12	23	32	10	17	16	28	45	2	42	37	12	25	37	23	29	33	35	15	37	43	26	1	34	28	33	40	
34	12	32	14	46	6	40	13	21	23	5	40	26	39	8	18	45	41	18	11	36	11	17	7	24	10	30	17	48	40	
4	2	7	30	39	36	46	47	50	48	37	15	39	44	43	19	33	9	35	36	31	14	12	26	27	6	26	22	29	4	
37	42	1	38	27	16	46	5	6	15	15	37	33	45	26	41	44	49	49	3	45	41	10	48	49	25	11	36	18	45	
37	41	48	50	6	26	41	27	49	34	23	45	15	23	50	26	47	49	8	36	6	46	1	13	23	49	14	18	48	38	
47	42	45	22	6	7	1	26	46	4	6	19	32	21	8	16	30	33	22	4	49	24	18	20	12	38	40	8	30	28	
45	5	22	17	47	47	21	48	15	24	5	45	9	26	10	22	38	12	9	35	33	36	33	23	50	24	35	12	44	48	
44	20	12	5	6	36	49	31	14	7	46	6	14	13	35	41	8	33	14	42	31	30	46	19	16	7	10	32	13	14	
31	1	26	40	42	38	20	11	41	15	12	8	6	10	46	29	2	1	1	7	10	29	27	44	25	4	11	38	14	18	
47	27	16	15	24	10	7	8	43	15	29	23	48	24	3	48	31	29	19	34	39	38	32	27	21	46	18	7	22	12	
2	41	46	35	48	8	22	15	47	23	44	50	3	49	1	38	17	15	43	24	7	16	43	50	50	30	27	3	4	50	
48	35	36	35	27	47	35	36	14	32	48	26	15	29	48	25	16	29	20	24	39	22	18	46	12	44	38	32	37	7	
43	7	41	37	6	48	30	34	27	5	49	38	50	16	7	9	16	35	34	50	6	48	24	10	38	9	47	49	49	49	
8	47	14	3	42	50	20	17	18	46	28	29	19	48	21	41	11	9	42	46	20	3	29	5	39	15	2	45	45	8	
On machine	4
32	32	12	6	8	40	20	44	33	17	47	12	2	20	23	44	12	7	8	23	45	19	27	48	47	38	37	47	43	42	
41	37	7	38	42	47	33	46	32	21	32	41	45	1	22	32	16	16	25	1	37	31	39	12	19	12	47	11	22	8	
45	30	44	19	9	23	18	4	49	43	45	45	25	50	31	15	28	17	9	3	7	3	27	35	8	39	45	28	31	2	
10	47	37	37	20	11	34	15	11	33	42	21	14	21	13	29	50	16	26	32	9	50	27	21	33	31	31	15	32	10	
37	46	6	39	19	13	10	33	32	45	22	11	4	41	18	4	30	13	34	45	20	20	25	33	29	42	15	15	21	28	
31	31	31	31	24	7	17	16	29	35	49	33	6	27	36	12	29	37	28	41	41	19	16	47	8	41	29	47	24	4	
24	32	49	28	15	31	15	14	13	30	48	26	31	13	26	18	9	37	40	16	23	22	4	35	32	27	34	5	4	14	
19	35	17	4	35	15	19	24	24	38	15	21	30	43	24	26	21	46	9	48	4	41	49	18	11	34	20	47	4	19	
31	14	31	49	26	22	26	1	45	5	50	17	33	13	26	37	20	34	34	20	21	37	12	11	19	27	9	50	30	31	
38	21	22	26	35	2	29	34	20	23	38	7	4	18	25	43	33	32	48	48	35	43	25	43	47	3	11	19	16	49	
14	37	1	44	18	49	28	10	30	43	18	45	12	2	2	20	2	26	1	4	12	36	31	43	7	46	34	3	24	13	
48	40	18	11	33	50	11	17	47	4	39	20	16	29	26	12	15	28	16	4	19	35	23	16	41	48	29	42	36	28	
35	34	18	8	9	18	46	11	7	17	37	37	42	23	48	46	28	13	39	8	24	35	21	3	20	13	2	47	5	18	
9	37	36	10	5	3	31	27	22	11	12	43	1	14	13	12	37	27	9	16	32	26	49	14	14	16	7	1	49	1	
16	44	48	38	5	23	7	18	48	44	24	47	14	35	33	44	38	3	2	35	12	6	17	38	9	5	44	24	24	26	
17	40	38	27	21	12	48	5	30	40	4	9	18	8	1	26	14	37	20	46	47	43	9	49	19	44	24	28	14	23	
22	1	3	19	48	11	23	4	25	27	41	3	41	18	12	28	7	16	5	27	43	10	4	15	43	37	41	26	26	36	
5	21	2	50	44	19	7	10	20	4	39	13	8	34	4	18	38	7	20	41	17	13	25	4	42	49	16	8	38	41	
35	5	33	22	36	39	31	19	39	7	39	47	48	37	12	22	32	43	17	1	39	9	41	34	14	20	9	2	20	26	
48	12	16	27	7	4	21	13	18	23	34	40	27	28	20	16	6	49	33	47	30	31	46	27	40	12	10	6	38	41	
22	4	3	16	33	17	27	11	41	48	28	35	48	13	6	5	8	29	47	30	14	38	46	9	40	26	17	30	43	25	
40	28	26	43	25	31	34	9	2	28	8	9	10	48	21	3	41	12	50	48	4	19	45	42	44	13	38	22	16	11	
9	17	14	42	50	15	27	28	15	6	30	22	6	14	3	21	24	23	16	32	45	27	37	21	30	24	24	12	32	17	
4	43	21	2	1	14	8	28	43	21	20	16	30	33	11	49	4	21	41	24	28	22	26	9	7	45	39	15	46	6	
36	16	41	10	5	23	16	28	4	39	37	39	27	13	49	36	3	21	1	44	25	38	13	35	9	22	4	1	40	36	
25	22	29	13	9	39	38	42	48	41	35	48	25	19	30	44	8	26	8	26	19	15	12	5	10	1	41	16	11	24	
35	9	1	47	37	34	31	1	30	9	43	42	13	37	31	45	35	43	16	1	21	23	30	38	1	19	22	49	36	9	
12	28	7	44	39	49	49	44	6	15	22	39	4	43	17	27	40	44	18	45	25	14	48	32	41	10	40	4	37	32	
41	36	18	6	2	20	10	5	11	29	20	8	36	23	7	40	29	6	6	40	36	22	8	49	30	5	4	22	11	11	
36	48	14	42	16	45	35	3	41	38	44	43	17	36	29	35	6	38	24	1	10	18	9	16	15	3	26	47	40	30	
