Factories	3
Families	20
Machines	2
SetupType	3

Number of Jobs in each Family
7	2	9	6	1	10	4	8	4	6	4	2	8	1	3	10	4	7	8	4	

Jobs in each Family
0	1	2	3	4	5	6	
7	8	
9	10	11	12	13	14	15	16	17	
18	19	20	21	22	23	
24	
25	26	27	28	29	30	31	32	33	34	
35	36	37	38	
39	40	41	42	43	44	45	46	
47	48	49	50	
51	52	53	54	55	56	
57	58	59	60	
61	62	
63	64	65	66	67	68	69	70	
71	
72	73	74	
75	76	77	78	79	80	81	82	83	84	
85	86	87	88	
89	90	91	92	93	94	95	
96	97	98	99	100	101	102	103	
104	105	106	107	

Total number of jobs
108

Processing times of jobs
4	2	
9	4	
3	2	
6	2	
7	9	
8	4	
6	9	
1	9	
9	10	
3	9	
10	7	
1	10	
8	5	
3	1	
9	7	
5	10	
3	3	
3	2	
1	8	
9	5	
9	1	
5	2	
8	2	
1	5	
10	1	
10	4	
3	7	
3	8	
1	1	
9	1	
5	7	
10	1	
5	4	
2	3	
5	4	
2	3	
4	6	
2	10	
3	5	
2	5	
10	2	
1	10	
7	8	
3	2	
7	9	
10	9	
8	3	
5	3	
9	3	
7	3	
3	2	
8	6	
6	10	
4	4	
8	4	
10	6	
4	5	
10	1	
9	10	
10	8	
10	9	
10	1	
2	3	
4	7	
1	2	
9	2	
9	8	
10	2	
3	1	
9	6	
7	2	
2	4	
8	8	
4	10	
5	2	
3	5	
6	8	
6	2	
7	9	
3	2	
5	5	
7	4	
5	1	
6	6	
9	3	
10	7	
10	9	
4	3	
2	8	
3	8	
10	6	
1	4	
10	3	
2	2	
7	7	
3	8	
9	5	
6	7	
9	1	
3	2	
8	4	
2	8	
5	1	
1	6	
2	9	
10	1	
7	6	
3	1	

Stepup times between Families, where [f][f] represents initial setup time
On machine	1
30	21	21	93	46	26	84	19	89	22	94	63	37	37	33	80	29	28	17	71	
44	34	42	72	44	29	68	28	66	9	34	93	55	18	7	63	34	28	2	10	
77	88	88	48	85	77	92	52	58	31	66	83	90	83	94	38	16	59	67	47	
64	25	99	61	65	90	89	39	47	51	39	40	11	100	33	48	8	35	1	1	
3	95	83	24	84	61	100	46	50	91	75	15	5	7	44	30	7	15	68	49	
66	47	96	90	39	2	92	65	1	96	43	76	36	55	25	97	56	40	76	75	
75	45	63	87	50	37	44	32	81	51	16	29	1	3	68	34	62	85	38	10	
54	76	88	88	49	66	52	75	1	24	93	30	25	92	5	64	21	33	99	59	
35	15	47	96	97	44	40	10	58	71	46	72	26	30	96	45	46	1	95	48	
79	57	83	13	93	58	82	56	7	20	35	32	34	7	84	77	99	66	23	18	
92	90	73	86	37	84	56	15	15	24	67	15	18	18	100	51	16	89	49	21	
33	90	66	98	20	15	21	76	49	97	79	80	77	99	42	96	75	96	76	59	
29	47	47	53	74	56	21	4	80	14	6	27	18	71	60	70	58	47	95	78	
21	73	100	54	39	6	90	94	96	63	23	36	38	37	28	52	7	55	17	89	
87	20	23	52	81	62	50	50	57	62	49	10	90	29	35	56	56	6	89	81	
53	21	54	30	43	83	38	79	74	39	77	21	56	45	42	90	44	65	87	40	
75	42	100	12	28	75	88	96	87	13	86	4	60	6	52	90	97	58	48	79	
29	32	88	72	86	79	51	40	54	18	48	100	89	53	7	69	6	17	86	12	
39	29	74	56	38	90	54	91	30	20	2	10	93	30	56	14	27	99	75	19	
31	62	1	84	24	47	35	75	30	4	50	7	70	39	12	3	36	84	23	1	
On machine	2
92	17	89	39	87	28	45	12	10	5	82	50	22	77	37	46	83	34	55	41	
35	83	55	42	19	87	73	95	36	65	48	53	81	83	33	46	29	63	44	57	
83	77	43	37	77	74	5	98	89	37	16	48	89	76	70	72	74	97	32	92	
84	85	5	6	75	36	1	24	72	71	33	38	74	55	74	28	7	7	44	78	
80	35	70	30	60	37	18	17	7	16	10	28	94	96	61	16	37	50	66	72	
33	60	47	70	95	94	65	84	61	94	51	88	43	29	12	94	16	91	17	89	
2	46	31	89	12	18	8	96	11	15	80	74	27	73	15	29	42	3	9	8	
49	60	45	27	46	71	11	92	53	2	68	29	95	5	26	67	48	78	32	25	
57	11	94	55	1	60	52	19	55	14	77	17	80	65	7	84	73	65	74	57	
72	2	5	8	70	98	71	32	80	37	34	75	82	36	4	49	73	99	3	45	
94	75	79	38	66	4	37	46	55	70	86	64	67	23	80	55	28	52	12	70	
15	27	17	46	81	77	83	43	18	47	32	30	100	54	67	43	48	47	94	93	
47	32	70	2	35	72	36	28	15	81	70	40	97	16	31	99	91	37	7	26	
84	60	94	99	63	42	30	48	32	60	95	69	42	81	23	1	37	22	10	82	
64	15	76	83	30	8	88	25	1	73	27	72	47	61	37	2	20	13	4	18	
59	52	47	43	21	2	84	7	99	53	93	98	88	8	96	82	54	78	93	9	
83	65	68	28	51	84	67	53	28	29	92	56	34	63	47	14	80	99	98	8	
15	9	2	54	81	62	74	33	9	36	38	61	25	77	29	59	4	23	9	92	
21	39	75	82	96	73	50	11	31	63	85	2	75	78	77	53	57	37	27	76	
63	28	38	23	95	24	83	100	14	51	18	85	21	11	40	25	44	29	69	84	
