Factories	3
Families	20
Machines	2
SetupType	1

Number of Jobs in each Family
1	1	6	7	5	8	1	9	5	6	4	1	2	3	1	8	2	10	6	1	

Jobs in each Family
0	
1	
2	3	4	5	6	7	
8	9	10	11	12	13	14	
15	16	17	18	19	
20	21	22	23	24	25	26	27	
28	
29	30	31	32	33	34	35	36	37	
38	39	40	41	42	
43	44	45	46	47	48	
49	50	51	52	
53	
54	55	
56	57	58	
59	
60	61	62	63	64	65	66	67	
68	69	
70	71	72	73	74	75	76	77	78	79	
80	81	82	83	84	85	
86	

Total number of jobs
87

Processing times of jobs
6	8	
7	4	
3	2	
7	7	
9	8	
2	1	
2	2	
7	5	
9	7	
2	1	
1	7	
2	10	
4	7	
5	4	
6	9	
6	1	
9	2	
3	2	
4	4	
1	6	
1	9	
9	2	
4	6	
9	9	
5	9	
8	4	
8	8	
3	5	
3	5	
1	5	
4	3	
7	6	
6	3	
8	8	
1	2	
5	3	
8	10	
10	6	
1	10	
10	3	
2	5	
7	10	
5	2	
9	4	
6	6	
1	10	
5	8	
7	2	
5	5	
7	2	
8	5	
2	6	
3	8	
3	4	
2	5	
6	3	
4	1	
7	3	
1	2	
3	9	
6	5	
6	8	
7	5	
2	5	
9	2	
2	2	
10	7	
2	5	
2	4	
5	9	
9	9	
7	4	
4	1	
2	8	
9	7	
1	6	
1	7	
3	9	
2	7	
3	1	
5	2	
5	3	
2	4	
10	1	
6	1	
6	8	
5	3	

Stepup times between Families, where [f][f] represents initial setup time
On machine	1
15	13	10	16	18	17	20	3	9	6	8	20	14	19	3	8	2	8	16	17	
4	15	15	7	18	12	19	12	6	8	15	3	5	15	3	7	17	14	13	18	
15	11	15	8	7	12	18	2	6	20	5	11	1	19	14	5	8	20	11	7	
10	17	1	18	7	8	9	13	5	4	16	17	19	9	5	12	11	11	16	6	
15	15	14	10	18	9	14	7	13	6	6	14	20	1	18	13	1	8	15	8	
14	3	20	7	1	13	18	5	6	1	14	7	8	19	15	12	9	15	12	16	
7	18	19	2	1	20	2	18	19	13	14	6	13	14	10	1	10	3	13	14	
3	2	11	10	5	3	5	12	9	14	11	16	3	20	10	14	13	5	18	16	
17	1	14	19	12	7	1	2	12	18	7	11	16	2	8	6	18	10	8	3	
6	14	12	7	5	3	8	2	13	14	6	8	11	9	6	2	4	12	10	6	
8	16	11	17	8	13	5	7	11	9	7	4	20	2	3	18	18	8	9	7	
15	17	1	20	17	17	6	7	14	18	20	17	15	3	14	14	7	18	13	1	
1	12	3	15	19	12	19	16	16	20	8	12	5	7	12	15	3	1	11	14	
20	13	4	16	3	16	19	17	9	7	16	5	2	15	11	8	7	6	5	5	
9	9	2	9	1	11	10	2	2	1	17	19	8	20	18	18	10	3	15	11	
6	10	7	10	7	17	8	4	16	17	16	6	11	7	2	7	17	3	4	19	
4	16	11	11	17	17	17	19	2	11	2	2	7	12	6	20	13	7	6	18	
2	5	5	18	8	20	13	9	12	17	14	13	2	8	14	18	18	14	17	15	
9	10	3	1	6	4	12	4	2	18	8	3	2	10	15	1	19	10	6	11	
10	6	11	12	13	3	9	14	5	16	4	15	10	18	7	20	4	8	6	9	
On machine	2
8	16	18	5	14	11	15	20	11	10	14	14	2	2	20	5	11	1	9	17	
1	3	19	3	9	16	1	4	9	10	16	19	5	1	9	10	7	9	1	17	
14	16	5	8	2	13	8	3	18	16	17	14	2	11	17	9	18	8	18	12	
10	12	1	19	11	7	1	18	14	17	16	15	11	12	18	12	13	11	15	18	
1	19	10	18	4	11	8	15	12	10	1	16	13	16	13	16	4	12	1	3	
5	12	5	19	6	2	1	7	15	7	3	3	11	17	12	12	7	1	4	20	
9	17	15	1	20	6	13	2	14	10	2	3	18	9	11	11	11	1	16	19	
8	2	14	12	2	3	6	4	19	19	14	5	16	11	12	10	10	8	1	2	
20	11	20	14	16	11	3	2	14	14	12	19	9	20	8	12	9	9	1	6	
16	14	18	8	14	2	11	7	10	16	12	11	14	15	10	18	18	17	16	5	
15	9	12	3	8	1	10	4	16	19	16	19	7	10	11	16	5	3	12	1	
2	8	19	9	16	8	20	1	14	12	7	18	3	10	6	12	14	1	16	10	
3	20	4	10	10	2	13	14	18	1	17	19	5	2	5	8	14	1	7	10	
15	16	7	3	16	13	18	13	11	19	17	9	6	2	20	7	18	16	10	12	
13	2	19	9	7	11	19	13	12	13	11	2	1	5	1	4	11	13	1	7	
20	1	17	18	9	11	9	11	4	18	16	9	11	4	1	3	16	6	5	11	
14	13	19	4	16	19	1	4	1	12	7	16	11	17	10	7	12	4	3	9	
14	1	15	5	14	1	5	2	4	17	14	7	16	1	20	20	8	5	18	3	
20	4	7	2	18	16	5	14	19	5	1	13	10	17	20	5	8	7	7	5	
15	14	10	8	15	1	17	18	1	17	13	13	18	18	2	9	19	17	13	7	
