Factories	3
Families	30
Machines	6
SetupType	3

Number of Jobs in each Family
3	6	2	6	10	2	7	9	8	4	3	5	9	3	5	6	2	6	9	2	10	8	8	1	10	8	6	4	8	2	

Jobs in each Family
0	1	2	
3	4	5	6	7	8	
9	10	
11	12	13	14	15	16	
17	18	19	20	21	22	23	24	25	26	
27	28	
29	30	31	32	33	34	35	
36	37	38	39	40	41	42	43	44	
45	46	47	48	49	50	51	52	
53	54	55	56	
57	58	59	
60	61	62	63	64	
65	66	67	68	69	70	71	72	73	
74	75	76	
77	78	79	80	81	
82	83	84	85	86	87	
88	89	
90	91	92	93	94	95	
96	97	98	99	100	101	102	103	104	
105	106	
107	108	109	110	111	112	113	114	115	116	
117	118	119	120	121	122	123	124	
125	126	127	128	129	130	131	132	
133	
134	135	136	137	138	139	140	141	142	143	
144	145	146	147	148	149	150	151	
152	153	154	155	156	157	
158	159	160	161	
162	163	164	165	166	167	168	169	
170	171	

Total number of jobs
172

Processing times of jobs
6	4	10	2	9	4	
5	3	10	3	10	4	
1	7	5	7	6	7	
1	7	2	7	9	7	
6	9	9	8	1	8	
10	8	1	2	7	4	
5	9	2	1	7	2	
4	5	1	2	1	4	
7	5	8	7	2	7	
3	2	3	5	7	3	
9	4	1	4	3	1	
10	3	8	9	3	8	
5	2	9	2	10	6	
7	5	5	7	5	2	
2	10	6	1	6	5	
6	3	5	8	7	8	
1	4	5	9	1	8	
6	8	8	1	7	3	
7	9	3	7	7	4	
8	8	1	8	8	1	
3	4	1	1	1	4	
5	9	7	6	4	4	
8	6	9	4	10	4	
1	4	1	1	4	5	
4	1	5	9	4	1	
6	2	5	7	8	9	
3	1	5	9	4	7	
9	7	4	7	5	5	
2	3	5	3	4	8	
9	6	9	6	8	2	
8	6	10	5	2	3	
5	10	2	6	2	3	
2	7	3	10	2	5	
10	3	9	4	3	5	
5	5	2	2	1	2	
6	2	2	3	3	4	
3	2	8	5	9	9	
2	9	7	3	8	4	
9	7	4	4	7	9	
5	2	7	3	2	7	
5	8	1	7	1	10	
4	5	6	10	3	9	
2	1	6	3	5	10	
1	1	2	8	3	4	
10	1	9	8	1	7	
3	1	1	2	10	3	
9	2	9	7	10	10	
8	4	7	7	2	8	
6	6	1	3	8	7	
3	10	5	2	5	4	
10	9	3	1	2	3	
8	9	3	8	4	6	
6	7	9	4	5	1	
2	2	9	8	6	3	
10	4	2	10	2	7	
8	7	7	1	6	1	
9	1	1	1	4	4	
9	6	3	8	1	1	
6	6	7	10	1	9	
8	5	5	7	8	6	
6	1	6	9	3	2	
2	5	9	3	1	7	
3	3	4	2	4	1	
10	4	1	5	10	4	
9	7	5	6	5	7	
7	9	5	3	10	4	
5	7	1	5	1	4	
6	4	5	6	2	8	
3	2	6	2	9	10	
3	6	9	7	9	8	
3	1	3	6	1	3	
3	7	2	5	6	9	
4	6	10	4	8	3	
2	10	1	7	7	2	
7	4	7	7	2	8	
9	7	10	8	8	3	
2	9	5	6	4	10	
7	2	3	1	4	3	
9	8	6	1	10	2	
5	10	4	4	4	1	
5	10	5	2	7	4	
5	10	8	1	6	1	
4	10	1	1	6	6	
6	2	2	8	3	1	
10	9	6	9	5	6	
4	2	9	1	10	5	
5	5	10	4	4	1	
6	2	1	9	5	7	
4	6	2	7	2	4	
5	1	10	5	2	7	
5	6	1	6	7	4	
4	10	1	9	3	5	
1	9	1	2	6	3	
5	2	4	8	10	1	
3	9	10	1	9	3	
10	10	8	7	5	10	
7	5	10	4	2	2	
4	1	9	8	2	8	
6	6	3	8	5	1	
10	4	6	8	2	7	
4	8	7	5	7	6	
2	3	4	2	6	3	
8	8	3	2	5	9	
7	8	4	2	8	6	
4	5	6	4	2	7	
9	4	2	6	5	6	
7	2	2	9	10	5	
5	7	4	10	7	5	
3	1	4	8	1	3	
1	10	6	6	6	2	
4	8	2	2	1	10	
1	3	9	1	1	6	
8	7	3	7	2	9	
7	6	7	10	1	4	
7	5	10	8	6	3	
8	2	7	8	9	6	
1	1	1	10	10	5	
9	1	4	6	9	8	
10	10	5	9	7	2	
10	5	3	5	8	9	
9	5	8	3	5	10	
3	6	10	7	9	8	
3	8	9	8	3	1	
3	6	7	9	4	6	
1	10	3	9	10	10	
3	1	9	7	7	7	
3	6	9	10	7	4	
9	2	5	5	1	7	
10	5	4	7	10	3	
8	9	4	1	4	2	
3	9	5	1	5	1	
7	4	7	7	1	5	
8	7	7	4	6	6	
5	7	3	2	8	1	
7	10	3	1	4	8	
9	5	1	10	2	9	
9	9	6	1	2	8	
9	3	3	1	8	8	
9	3	1	4	8	9	
5	2	8	1	9	9	
5	4	4	3	9	9	
8	5	5	5	10	6	
8	7	7	8	10	10	
4	8	2	3	9	4	
4	7	3	8	6	9	
2	10	9	5	10	10	
4	1	7	6	8	7	
9	3	3	7	9	5	
8	7	4	7	3	10	
10	4	9	2	10	1	
5	2	4	2	9	9	
3	10	9	7	1	4	
9	7	5	8	3	9	
6	10	7	3	7	10	
1	7	3	3	6	7	
4	4	4	3	10	9	
2	7	8	8	9	6	
1	7	4	5	8	10	
9	9	1	5	4	5	
1	3	1	7	2	5	
10	1	5	8	1	10	
2	2	1	8	8	10	
8	4	3	6	2	3	
3	6	3	8	8	7	
5	1	10	10	4	6	
10	4	4	6	8	4	
2	4	5	9	1	4	
7	10	3	9	4	5	
3	5	2	8	3	9	
4	3	5	3	4	7	
5	3	3	2	1	1	
1	8	9	8	8	6	

Stepup times between Families, where [f][f] represents initial setup time
On machine	1
70	20	93	44	59	53	61	88	78	92	99	34	20	64	17	47	39	76	81	9	50	79	97	53	64	47	54	49	6	46	
59	34	26	37	63	37	3	66	92	32	95	25	34	83	4	31	87	27	30	65	16	44	99	9	92	10	24	88	31	1	
88	3	78	21	54	31	5	46	16	6	45	76	73	97	35	15	50	51	84	19	61	71	26	94	74	73	76	48	38	76	
42	82	16	4	76	6	78	82	94	27	13	21	34	34	9	16	66	4	55	59	52	9	51	58	81	12	76	27	45	31	
78	88	55	81	59	9	28	51	81	71	28	60	83	1	77	84	54	22	35	15	22	40	36	57	45	19	64	70	48	36	
99	55	39	59	54	2	21	91	80	82	36	69	46	77	54	84	53	44	81	16	34	64	60	52	78	97	11	5	75	27	
71	75	35	56	10	17	39	5	17	97	7	64	38	41	40	29	97	17	74	64	58	25	3	19	21	37	19	60	8	64	
30	60	72	96	47	5	66	91	27	70	68	91	17	1	12	50	50	22	89	97	20	36	72	37	67	35	96	11	68	81	
21	72	61	70	45	36	64	43	44	100	12	28	1	45	50	61	34	52	64	46	81	59	67	54	71	73	96	58	18	68	
63	33	21	66	81	39	30	2	79	14	3	93	44	64	89	76	78	51	39	99	23	46	66	87	59	45	60	76	80	78	
58	82	78	60	41	45	84	3	40	50	19	34	24	44	49	50	72	79	73	52	55	36	77	85	7	41	72	8	35	86	
21	80	64	5	15	6	68	69	83	24	27	81	7	51	15	59	41	78	1	31	39	8	31	38	63	49	13	94	78	12	
11	76	5	31	58	31	12	54	15	27	38	77	82	6	69	20	7	6	10	60	100	47	12	71	11	73	34	40	63	97	
85	29	33	5	98	53	66	38	72	21	85	66	94	57	10	13	60	99	20	43	2	59	3	91	60	93	22	6	56	83	
46	47	65	34	69	33	54	52	56	41	26	32	71	66	5	49	82	39	99	78	35	60	40	93	79	71	84	66	89	60	
79	54	22	46	91	73	74	13	36	57	73	73	12	41	57	100	81	25	15	63	12	90	52	8	63	100	42	76	82	13	
92	91	33	49	94	17	97	24	96	92	60	48	1	9	93	44	86	67	44	4	64	73	82	30	67	32	29	69	48	33	
55	99	98	80	100	52	39	21	20	8	8	14	22	25	59	1	1	7	55	63	100	32	26	73	61	40	62	39	9	11	
89	54	32	56	3	34	10	98	40	100	29	45	74	15	69	76	83	49	32	28	87	13	4	71	73	12	1	54	12	29	
91	24	32	92	43	20	92	93	41	76	86	5	23	59	77	96	96	40	43	62	82	13	63	68	56	2	80	77	50	17	
15	66	43	22	21	46	18	63	41	90	88	30	44	68	33	10	62	16	80	10	16	95	16	68	19	72	44	29	68	9	
92	73	27	75	17	78	37	92	84	60	13	84	27	88	19	65	29	93	32	96	14	66	93	13	56	37	50	38	99	40	
60	55	8	70	62	75	82	12	40	87	32	56	1	63	50	98	23	49	70	45	76	55	6	8	64	27	31	66	40	64	
43	43	57	71	76	96	21	47	52	68	89	62	92	99	16	79	65	95	43	52	88	66	78	1	48	20	97	93	65	5	
34	17	3	33	66	65	77	34	3	97	28	74	61	29	19	9	99	77	28	1	72	84	10	32	77	42	13	9	1	11	
51	8	64	22	32	59	68	18	56	13	21	31	23	13	95	44	37	38	42	96	79	90	13	67	66	83	37	47	55	1	
92	26	75	29	53	65	88	21	19	57	55	57	54	49	99	86	16	8	2	9	100	5	6	91	39	100	79	98	11	43	
79	6	25	61	63	29	82	97	88	7	78	54	84	34	68	73	37	49	79	100	2	20	13	30	78	83	1	60	77	94	
79	54	6	89	97	52	33	35	90	26	56	25	49	94	49	8	51	61	30	10	22	45	57	33	50	34	49	68	20	69	
17	24	8	33	39	70	79	44	39	13	74	25	41	34	78	36	28	50	52	29	57	97	82	9	88	81	3	98	20	32	
On machine	2
95	97	21	41	59	27	25	52	16	27	100	33	18	93	97	83	78	20	92	34	75	19	41	25	77	7	45	100	83	4	
8	84	63	88	46	72	16	76	70	60	59	40	68	64	65	58	1	4	44	98	77	70	83	5	92	59	95	96	45	65	
67	27	79	48	4	65	12	76	82	84	85	39	69	92	90	50	51	9	78	17	5	67	23	3	61	55	33	23	99	14	
72	17	15	3	15	40	33	96	40	20	93	16	38	83	78	13	52	67	34	97	67	30	4	66	65	84	20	95	36	89	
58	8	75	5	46	33	14	24	79	93	16	37	34	32	40	12	93	38	1	31	27	66	55	34	83	48	73	99	93	51	
57	85	51	2	32	43	72	39	54	19	9	17	58	31	21	50	57	96	63	48	49	57	73	93	48	75	98	8	46	2	
3	38	32	90	95	69	61	15	62	12	98	66	28	3	48	78	21	88	64	57	7	70	44	34	65	77	33	87	79	90	
53	86	35	73	81	38	18	24	69	79	8	65	58	57	87	63	72	85	63	89	26	41	58	8	31	86	94	14	42	87	
23	46	56	47	93	26	40	47	15	59	3	93	57	12	58	4	39	25	41	2	30	58	81	6	15	78	52	5	34	65	
63	15	77	41	56	17	40	3	25	26	63	14	73	87	50	56	42	71	16	58	39	43	31	61	90	5	59	41	16	23	
57	12	60	62	86	86	81	64	65	100	36	31	41	38	54	55	18	98	34	77	85	46	9	97	66	60	93	73	37	36	
67	71	21	74	17	74	45	66	28	91	75	44	90	77	38	95	54	2	82	33	74	96	91	11	65	52	22	79	14	32	
10	79	78	19	39	56	30	13	48	47	23	7	75	19	49	62	81	19	81	63	53	49	50	14	53	63	18	67	15	32	
26	24	10	67	55	41	58	64	15	100	35	7	96	24	88	41	94	4	7	64	71	16	68	66	2	80	28	81	76	40	
15	69	47	10	8	71	72	78	3	97	32	71	83	2	69	54	99	87	22	8	91	93	32	67	19	97	82	89	83	62	
15	69	83	30	83	74	53	11	63	41	33	79	61	17	48	30	4	49	48	96	7	66	86	79	100	33	57	81	27	27	
23	76	11	87	38	13	52	16	64	16	2	16	58	35	95	16	53	37	55	28	98	32	79	57	48	72	43	30	55	22	
87	96	95	9	69	2	89	52	56	23	70	25	88	17	14	12	76	98	35	14	80	17	37	24	13	11	76	38	65	78	
12	49	31	21	56	57	27	22	39	39	78	5	38	94	57	69	62	22	98	12	33	94	34	74	79	26	32	78	7	85	
67	100	17	89	8	78	98	91	58	58	74	56	18	20	13	84	40	96	54	6	31	62	64	88	37	28	89	25	46	63	
56	64	11	90	49	26	48	63	92	63	31	24	78	89	55	17	11	37	7	58	97	95	1	3	15	56	41	79	66	30	
42	58	44	75	66	10	45	77	1	92	79	37	16	6	56	45	55	96	55	8	85	87	56	53	78	81	19	99	34	30	
56	15	60	71	62	58	29	25	33	17	94	36	10	22	47	89	4	29	29	44	10	94	74	50	86	37	84	90	44	31	
64	86	35	15	52	65	47	2	62	39	64	50	75	48	42	1	90	64	41	72	41	35	79	73	2	84	4	98	90	79	
69	43	15	92	68	27	22	94	75	37	95	55	79	45	35	8	74	74	15	61	12	2	67	27	11	64	66	29	9	16	
12	84	11	72	3	90	11	74	54	56	93	78	87	19	77	25	20	8	11	82	49	74	16	7	68	33	25	67	56	97	
34	100	18	93	97	100	76	28	11	44	16	76	93	74	34	5	51	14	21	64	33	11	91	5	14	4	50	21	46	27	
33	68	27	84	60	82	60	18	15	28	36	81	93	29	73	63	59	30	44	28	46	11	91	64	71	56	54	36	38	43	
78	99	57	21	99	35	34	46	7	98	62	8	84	30	47	13	34	20	56	46	29	48	19	39	14	78	16	31	7	79	
72	2	92	16	17	14	83	42	24	98	51	57	98	94	37	26	27	74	91	70	12	73	1	77	44	86	37	79	90	44	
On machine	3
6	98	9	59	40	24	3	33	34	63	26	74	48	86	100	80	39	69	98	50	29	44	19	34	13	52	78	81	33	66	
49	37	70	24	83	26	43	45	5	38	69	77	84	62	93	25	42	62	87	52	2	27	75	90	97	59	41	67	55	39	
53	48	53	28	11	45	52	67	33	83	41	91	59	60	63	2	54	91	34	42	40	62	37	13	95	64	66	10	52	48	
96	94	54	15	94	35	99	50	82	34	45	48	1	59	65	53	37	53	44	79	15	91	11	15	77	38	30	3	15	88	
3	15	70	32	31	2	60	79	24	50	91	99	92	98	68	9	74	55	99	32	11	61	24	48	40	24	16	17	63	86	
58	28	9	10	59	94	89	86	76	19	6	85	82	17	94	36	94	78	63	26	26	3	83	90	35	22	86	92	29	81	
14	70	80	40	75	47	97	8	8	93	60	17	50	96	67	69	74	11	62	10	100	55	72	54	54	92	51	61	38	19	
72	87	49	25	34	30	32	94	98	18	3	54	1	71	87	10	45	15	32	46	22	49	76	61	47	25	67	10	8	81	
3	37	85	7	69	33	98	47	65	13	28	24	71	85	52	46	75	55	98	43	77	77	21	75	72	88	70	7	100	29	
74	1	50	99	87	68	21	54	53	71	54	2	97	13	11	11	95	50	23	51	21	53	57	88	39	71	95	45	12	82	
41	47	85	43	71	60	52	52	19	22	16	90	30	45	3	90	28	99	16	55	69	47	94	36	59	4	24	94	10	31	
27	80	84	71	5	65	45	97	100	89	91	55	62	92	21	92	89	15	73	65	30	5	9	54	41	69	12	96	53	32	
1	10	50	54	30	54	34	64	12	53	29	36	70	13	2	100	9	21	15	100	67	34	84	79	91	77	43	48	87	81	
36	13	47	42	33	76	89	94	5	3	37	28	24	29	96	34	82	79	67	3	89	77	74	77	28	62	58	15	86	57	
93	86	82	33	84	44	8	5	45	69	44	20	40	54	21	96	48	100	9	26	26	7	71	29	61	74	73	74	74	96	
15	96	82	83	35	91	37	31	91	19	86	31	16	17	96	24	32	81	15	74	91	74	72	92	65	30	41	85	99	3	
64	44	86	20	45	88	100	92	90	80	46	48	11	46	50	4	42	57	58	51	92	29	68	30	85	82	95	70	97	51	
14	77	76	44	4	75	14	98	51	40	50	94	21	45	56	92	36	91	38	1	41	23	48	48	80	1	66	61	65	94	
22	19	98	23	77	39	55	87	63	84	94	11	14	37	44	14	70	25	36	91	62	1	15	37	95	59	31	62	11	10	
64	65	47	18	23	74	32	5	13	37	69	66	31	53	69	37	28	10	37	43	8	87	61	28	86	85	80	38	25	30	
67	36	58	69	13	19	65	66	56	43	92	60	91	41	68	78	96	83	99	15	16	92	42	69	93	46	52	43	27	2	
98	53	11	7	100	40	67	74	64	71	30	84	98	46	19	79	40	73	99	22	99	55	44	96	93	59	83	84	20	42	
5	82	86	19	38	88	91	71	30	43	92	97	49	52	78	33	57	3	47	59	69	34	86	15	60	53	85	50	42	65	
13	36	18	18	22	83	73	2	13	38	30	3	54	87	74	68	31	18	82	42	88	60	90	92	70	31	13	45	69	6	
39	5	41	59	77	31	72	39	27	5	32	5	2	69	52	27	53	78	75	13	41	6	97	40	72	63	37	94	26	95	
67	59	1	49	59	4	71	52	2	17	5	10	94	20	91	5	24	63	21	61	37	18	28	46	73	26	12	7	29	14	
28	72	30	44	45	72	39	78	60	89	74	82	99	60	29	18	44	20	36	84	10	50	65	89	72	63	12	56	1	17	
97	17	91	23	10	35	78	6	33	47	79	31	22	70	96	27	84	92	54	65	22	82	74	15	87	97	11	32	43	64	
85	76	12	88	58	72	55	6	33	83	45	61	36	9	36	20	68	76	51	14	84	72	16	16	86	79	47	35	93	73	
60	59	100	32	60	63	82	91	82	38	66	60	95	89	48	99	82	74	85	1	74	48	75	50	48	84	85	35	37	51	
On machine	4
2	54	92	17	75	25	8	62	86	93	5	11	56	24	47	87	71	58	83	42	68	25	45	42	39	18	49	84	61	61	
34	77	33	84	63	86	62	60	40	29	7	37	69	8	40	19	54	31	36	85	66	41	64	97	72	31	27	76	83	21	
62	39	60	65	86	54	34	13	4	32	20	91	48	95	23	55	45	58	46	49	48	24	57	55	11	63	11	5	36	32	
78	35	29	41	56	55	2	28	27	87	65	70	64	61	26	84	41	6	24	76	4	92	18	32	11	3	37	94	70	2	
33	43	26	33	58	2	79	70	33	87	99	28	39	25	68	43	29	95	36	58	84	38	93	93	99	75	52	47	63	95	
1	51	91	8	23	97	36	82	63	91	66	54	7	32	3	45	13	57	84	68	85	39	94	2	55	76	18	100	32	77	
97	24	8	99	29	4	93	73	76	5	98	14	30	29	70	91	32	42	57	11	27	20	27	84	42	26	56	81	40	64	
7	58	38	75	12	16	68	54	92	82	13	59	50	27	32	93	39	72	20	21	13	64	3	78	1	31	43	58	2	36	
9	1	98	58	46	100	79	20	71	58	80	12	72	89	41	97	81	69	4	77	87	81	74	97	96	82	17	18	33	40	
87	56	4	26	19	13	35	45	94	84	11	28	77	87	4	71	34	85	64	25	48	76	10	50	46	10	97	85	78	90	
77	14	54	42	50	63	23	63	11	20	58	4	100	21	72	70	50	7	80	68	6	78	19	46	89	17	23	91	71	14	
56	27	59	47	23	14	74	49	27	15	2	61	49	24	21	40	51	90	74	95	77	8	7	18	68	31	83	65	39	12	
58	77	51	77	91	100	69	80	13	63	77	86	29	98	1	12	35	29	99	52	31	94	72	57	74	16	9	10	41	42	
88	64	69	58	35	59	3	96	14	100	46	33	91	56	3	25	25	19	9	81	37	90	33	93	61	53	87	53	57	69	
34	53	73	97	92	58	40	31	58	19	93	86	58	28	11	45	26	97	17	18	84	31	12	44	18	7	56	50	72	55	
57	62	27	33	77	73	56	48	66	83	66	85	62	73	73	99	19	9	87	63	20	69	7	27	75	28	79	44	49	26	
86	93	87	78	39	14	6	45	97	17	13	44	3	99	53	14	58	70	25	3	72	66	64	84	67	94	40	52	67	12	
20	43	36	51	56	13	83	84	43	21	54	27	77	14	31	64	19	81	85	82	71	60	85	78	88	95	28	3	22	1	
92	44	58	18	64	22	76	26	59	32	20	88	12	24	90	92	35	45	58	34	4	82	36	76	25	68	16	85	25	70	
100	95	50	99	5	86	54	45	56	55	62	5	21	96	95	60	81	52	30	100	87	16	32	34	24	19	13	94	24	28	
2	19	52	58	98	70	82	37	99	5	66	98	73	44	10	7	66	2	76	100	81	83	35	97	36	42	79	93	93	83	
100	46	45	23	57	46	52	71	98	45	63	60	15	32	99	88	68	6	29	26	69	13	15	42	16	59	14	59	69	73	
100	16	81	20	43	33	23	58	47	16	39	39	85	88	76	97	5	1	21	97	65	20	54	75	14	87	28	7	78	12	
70	37	62	43	89	77	99	74	26	92	12	81	75	67	14	5	20	73	46	43	18	3	94	20	21	66	18	56	77	1	
45	42	82	31	97	67	57	71	83	21	75	82	66	64	56	65	69	5	46	7	35	3	15	70	39	35	29	9	92	49	
29	84	7	68	77	72	42	60	74	4	43	22	8	1	18	99	88	20	79	98	28	21	39	64	93	28	5	57	65	25	
92	24	54	90	27	86	55	79	100	19	2	1	100	73	30	24	35	41	17	6	79	3	97	65	56	70	6	26	63	84	
19	10	93	7	14	33	78	4	85	78	88	35	63	70	50	15	13	29	74	79	45	85	78	85	89	68	99	94	64	68	
30	98	10	24	68	13	16	18	39	43	97	59	57	60	83	43	60	67	30	98	51	60	19	2	92	83	99	22	78	3	
21	9	29	22	94	3	40	55	80	37	31	66	93	88	73	11	48	68	7	57	11	80	69	92	35	93	80	85	97	58	
On machine	5
25	25	83	95	21	25	87	15	62	40	46	66	81	49	35	95	100	31	16	80	74	94	30	99	25	48	9	77	71	23	
10	46	95	53	73	52	14	86	73	31	9	68	2	68	58	81	53	48	87	56	69	72	86	97	17	43	38	90	65	28	
72	6	35	20	37	70	91	97	15	65	4	28	10	36	48	61	38	25	9	89	78	18	34	16	74	30	6	39	53	49	
83	72	60	57	66	89	87	88	56	34	77	98	60	18	25	34	72	79	68	25	65	24	36	14	19	76	11	2	28	53	
37	78	23	22	90	73	64	97	72	83	70	15	59	66	57	49	29	16	6	79	72	70	48	67	54	64	52	100	9	100	
46	83	15	95	25	78	55	33	21	55	44	60	84	84	62	28	8	4	63	30	34	4	83	26	82	64	11	18	73	55	
19	56	58	98	70	43	82	24	22	25	98	81	80	46	94	68	57	56	91	9	18	83	89	16	69	72	90	68	44	54	
38	67	5	78	59	74	75	62	32	67	33	49	49	61	12	70	85	16	61	67	52	18	15	79	17	65	78	29	34	98	
17	47	87	38	1	91	9	51	26	53	64	32	37	18	99	84	31	51	51	96	94	84	33	92	93	50	15	85	60	67	
65	48	81	29	8	33	12	26	68	8	10	47	83	31	56	87	37	42	18	37	5	28	83	83	12	31	89	57	96	98	
10	29	7	8	44	65	38	31	25	28	60	62	8	64	75	96	22	92	50	99	12	72	75	20	68	45	27	67	23	19	
86	12	94	8	81	79	43	78	95	34	94	52	45	65	51	93	10	11	70	77	89	18	6	29	6	99	22	65	56	35	
78	20	63	89	20	2	37	25	66	89	48	28	83	98	80	5	36	13	39	48	81	3	76	37	24	39	88	78	33	51	
2	12	90	37	54	44	38	62	28	18	96	40	82	86	97	46	83	74	10	64	61	62	71	38	62	58	5	30	98	25	
88	52	4	75	89	76	31	76	33	77	38	97	6	45	95	4	80	85	79	99	82	19	26	34	99	28	95	58	18	59	
61	60	88	99	68	33	28	4	53	6	72	17	52	72	24	72	69	26	19	18	89	14	84	73	33	28	33	99	59	12	
22	9	48	23	73	32	61	5	82	50	58	42	56	29	80	89	37	51	66	20	71	57	27	17	3	18	62	92	14	54	
1	38	65	92	46	37	22	35	87	10	21	4	69	12	64	41	8	29	21	76	4	37	39	27	83	81	52	78	41	30	
22	42	36	18	53	17	97	52	87	73	78	35	65	17	22	27	46	22	46	80	81	2	74	50	28	63	71	78	66	66	
50	65	12	22	9	6	16	50	84	98	97	89	2	41	67	2	37	88	62	87	8	29	5	10	88	19	21	81	9	19	
42	93	49	42	81	98	97	92	42	22	43	28	88	68	91	24	31	34	82	48	77	64	5	70	12	79	74	56	39	6	
75	86	27	32	14	89	64	86	80	5	8	58	58	14	35	41	10	48	52	81	42	80	99	57	44	29	7	81	72	25	
46	73	87	61	34	81	37	90	38	83	98	4	50	76	97	47	55	52	21	13	86	7	83	43	75	83	3	39	53	80	
74	77	45	34	24	29	58	3	59	13	55	24	28	27	59	59	8	41	4	53	53	26	43	73	86	16	58	6	57	68	
39	41	20	54	44	46	62	82	24	19	70	45	6	61	76	40	51	48	55	58	12	45	3	60	57	98	83	98	11	60	
46	20	45	19	98	10	65	47	13	11	12	83	75	100	23	23	84	84	4	13	86	83	86	39	61	27	88	62	87	74	
71	99	74	2	70	99	48	58	97	24	21	46	25	70	63	68	12	49	54	67	11	21	29	88	4	55	89	7	85	10	
60	48	46	18	81	91	42	60	90	93	7	66	94	53	60	24	68	34	54	91	92	69	63	97	96	28	51	94	77	52	
55	81	80	48	87	25	71	4	10	10	25	37	1	15	72	33	68	46	12	29	36	78	68	5	70	31	48	85	54	35	
83	13	63	71	42	50	18	37	12	86	18	17	39	56	91	54	63	58	58	31	94	79	51	17	84	60	4	38	59	17	
On machine	6
82	98	62	48	29	77	85	17	4	85	73	96	29	78	65	75	34	79	72	4	29	7	65	22	38	28	75	23	90	62	
91	45	42	87	70	51	32	54	3	3	85	78	20	53	64	20	88	6	58	63	69	82	74	90	91	19	3	76	41	84	
80	44	46	37	15	15	95	51	41	86	35	10	40	34	54	52	71	27	70	9	30	25	27	5	41	65	87	18	62	99	
46	71	49	83	86	16	24	37	20	47	83	49	5	95	90	51	8	54	52	16	93	36	95	93	79	93	33	7	17	19	
76	56	90	50	94	43	45	60	66	58	35	9	43	88	49	1	26	5	44	27	2	62	88	22	68	12	95	66	47	85	
93	42	73	40	69	19	6	13	45	95	13	21	87	43	61	66	23	62	53	50	92	39	39	37	31	88	42	97	41	48	
2	34	43	94	60	65	79	52	30	43	57	6	72	54	29	90	68	84	63	56	47	84	14	30	72	5	85	46	12	80	
16	67	11	10	11	68	14	82	48	87	5	84	33	29	32	93	7	30	88	29	53	56	87	87	40	39	32	95	92	24	
19	6	19	50	5	73	25	45	91	91	4	68	24	73	5	84	84	19	70	11	66	89	93	18	98	9	61	47	76	62	
11	70	75	58	80	34	45	36	25	54	13	5	39	41	75	16	93	47	93	59	30	17	6	44	35	50	79	88	69	34	
19	23	50	51	67	4	30	87	78	46	36	18	87	11	46	25	97	8	25	13	34	82	36	3	3	71	11	48	99	99	
23	52	98	57	33	57	87	85	29	49	46	8	64	40	83	10	15	35	91	78	53	63	88	38	62	94	42	37	34	95	
69	99	13	57	40	68	32	62	73	91	5	28	10	56	66	47	54	12	68	32	48	8	5	65	42	21	54	18	99	10	
66	24	78	55	94	36	34	92	68	27	30	89	18	39	60	20	11	16	19	43	27	4	49	53	93	7	26	3	54	71	
4	15	89	59	17	79	90	87	20	26	11	99	77	20	92	96	72	24	85	79	42	3	82	83	65	18	82	29	9	34	
4	89	16	7	61	8	55	95	86	4	33	93	14	80	68	42	87	85	49	86	94	56	97	38	83	100	25	77	10	58	
1	8	10	39	17	2	28	99	64	40	100	56	98	45	78	56	67	22	91	26	16	20	53	82	26	6	52	56	49	61	
74	43	86	32	78	31	76	13	49	11	27	25	53	79	94	63	21	68	79	72	60	13	93	33	29	51	13	42	4	24	
80	34	15	16	55	59	15	7	88	75	95	81	33	43	61	12	62	22	9	8	16	17	51	41	83	30	72	37	87	27	
91	77	86	49	55	29	41	48	57	12	42	24	28	61	77	96	41	33	97	26	56	24	29	56	46	73	86	74	81	41	
48	20	61	62	24	93	36	58	16	75	72	97	45	89	51	27	64	98	7	88	20	72	60	16	79	70	35	10	91	25	
68	10	67	57	62	26	78	42	45	95	59	25	32	16	66	24	52	71	37	77	41	90	43	87	67	67	97	49	100	92	
78	4	29	50	92	54	42	84	19	4	85	83	90	28	1	55	28	52	71	73	49	67	89	94	97	59	7	86	60	31	
27	23	14	25	44	15	81	36	13	25	12	48	78	91	6	94	15	8	80	14	24	100	92	86	29	22	43	69	23	97	
15	95	62	14	28	35	5	19	27	42	19	73	9	38	59	3	7	75	38	36	62	56	15	5	29	93	40	33	96	96	
43	80	83	2	91	15	71	35	24	88	69	21	72	88	89	96	12	91	68	2	2	38	37	9	60	60	36	61	97	54	
97	76	39	67	28	87	25	72	84	27	57	39	49	67	80	66	20	44	37	14	74	51	36	49	58	73	28	25	95	5	
78	50	41	13	39	41	53	98	44	6	67	6	80	7	83	19	20	74	27	61	82	18	80	10	2	40	68	41	97	79	
23	21	22	89	85	32	15	76	34	32	60	41	75	28	82	82	32	26	30	82	30	92	79	33	19	44	97	53	4	32	
68	56	19	14	37	42	72	92	23	94	57	24	48	36	88	10	1	6	28	86	20	28	64	3	76	76	27	32	46	98	
