Factories	3
Families	30
Machines	4
SetupType	3

Number of Jobs in each Family
5	4	1	8	5	5	9	6	3	3	9	9	8	3	2	3	1	9	10	4	8	4	3	9	7	6	10	7	8	4	

Jobs in each Family
0	1	2	3	4	
5	6	7	8	
9	
10	11	12	13	14	15	16	17	
18	19	20	21	22	
23	24	25	26	27	
28	29	30	31	32	33	34	35	36	
37	38	39	40	41	42	
43	44	45	
46	47	48	
49	50	51	52	53	54	55	56	57	
58	59	60	61	62	63	64	65	66	
67	68	69	70	71	72	73	74	
75	76	77	
78	79	
80	81	82	
83	
84	85	86	87	88	89	90	91	92	
93	94	95	96	97	98	99	100	101	102	
103	104	105	106	
107	108	109	110	111	112	113	114	
115	116	117	118	
119	120	121	
122	123	124	125	126	127	128	129	130	
131	132	133	134	135	136	137	
138	139	140	141	142	143	
144	145	146	147	148	149	150	151	152	153	
154	155	156	157	158	159	160	
161	162	163	164	165	166	167	168	
169	170	171	172	

Total number of jobs
173

Processing times of jobs
4	5	6	5	
5	10	4	1	
4	3	4	3	
8	6	7	7	
9	10	5	7	
4	3	5	1	
5	1	2	10	
10	3	2	6	
9	9	7	10	
10	3	5	4	
7	6	4	5	
1	7	5	1	
7	4	3	5	
8	10	7	3	
10	5	10	6	
6	8	1	10	
10	7	1	2	
5	9	10	5	
5	1	9	3	
4	7	9	10	
9	3	2	6	
8	7	1	8	
8	2	7	10	
3	9	2	10	
3	8	10	9	
7	7	9	8	
5	4	7	8	
8	9	5	5	
6	2	8	3	
5	10	1	8	
3	6	7	3	
2	10	3	2	
5	2	9	9	
7	2	5	5	
10	1	1	5	
7	10	10	2	
5	10	9	6	
7	10	10	2	
10	8	1	2	
7	1	5	9	
2	10	7	2	
2	6	2	7	
3	7	1	10	
8	2	1	9	
5	1	5	7	
9	2	1	2	
3	3	9	7	
2	3	8	9	
2	5	9	2	
5	4	4	9	
7	5	10	5	
2	7	4	3	
5	2	8	9	
8	6	2	8	
9	1	3	8	
3	5	6	7	
4	9	4	6	
5	1	9	5	
5	2	6	6	
1	5	4	4	
1	6	3	4	
9	5	1	1	
8	4	5	4	
3	8	5	1	
9	9	8	9	
6	8	9	9	
6	10	4	6	
7	10	10	2	
6	9	9	4	
5	10	6	2	
8	3	3	5	
2	9	7	5	
2	8	10	6	
9	7	8	5	
3	1	10	1	
1	6	5	7	
8	2	8	6	
9	1	9	5	
6	1	9	1	
6	4	4	8	
10	4	6	7	
7	4	2	7	
10	2	9	9	
9	9	8	4	
8	4	3	8	
4	7	3	10	
7	1	7	3	
3	7	2	6	
1	8	2	6	
1	6	3	9	
8	10	9	1	
4	5	3	9	
2	1	8	6	
10	7	1	10	
7	10	1	3	
1	1	4	6	
5	2	6	2	
4	4	8	7	
4	8	3	7	
9	6	5	8	
8	9	1	7	
6	3	1	9	
8	10	5	1	
1	3	2	10	
2	3	4	1	
3	2	9	7	
3	8	5	2	
1	3	2	3	
8	9	4	2	
2	2	8	9	
7	3	2	8	
9	1	9	2	
9	10	10	3	
9	7	1	5	
10	10	4	4	
1	3	8	4	
3	2	1	5	
10	8	10	6	
10	8	6	7	
4	8	2	1	
2	3	6	7	
9	8	7	7	
2	4	4	7	
8	3	7	4	
1	7	10	8	
9	6	1	9	
6	10	1	3	
9	1	5	7	
9	9	4	7	
9	5	1	7	
8	10	7	2	
3	7	9	10	
1	10	6	7	
4	7	1	8	
8	3	9	4	
1	4	10	10	
4	4	10	6	
4	5	5	7	
4	6	1	5	
9	9	4	1	
8	4	9	4	
5	9	2	1	
1	2	4	4	
3	2	6	7	
2	1	3	2	
2	7	6	8	
7	8	4	3	
10	4	10	3	
10	8	6	4	
8	9	2	7	
8	2	10	7	
8	6	2	10	
3	9	9	5	
3	7	5	3	
3	10	2	6	
5	5	1	2	
3	8	4	10	
8	9	6	9	
4	3	7	7	
7	4	6	7	
4	6	10	4	
4	4	4	3	
5	4	5	2	
1	4	4	9	
7	5	1	10	
5	6	2	5	
6	1	2	7	
1	5	1	1	
1	9	6	9	
4	1	8	4	
9	9	10	10	
3	6	9	8	
10	7	5	6	

Stepup times between Families, where [f][f] represents initial setup time
On machine	1
70	17	79	85	58	47	77	41	74	18	3	99	29	43	29	40	27	46	43	36	86	72	45	10	96	38	19	51	23	85	
3	19	68	30	32	42	99	67	20	23	21	51	80	47	55	56	77	100	22	83	35	34	59	28	50	22	25	93	89	93	
57	71	90	79	26	70	81	48	37	33	17	71	82	52	72	13	100	83	54	28	65	35	24	93	58	59	17	23	69	35	
10	58	91	16	38	86	53	4	80	11	10	59	44	44	15	50	59	19	97	27	11	57	49	41	78	38	30	46	98	47	
16	82	93	69	17	1	58	33	96	48	8	7	75	92	97	83	45	48	85	87	65	84	52	37	42	22	61	31	79	27	
61	12	1	29	84	52	82	72	42	100	12	27	48	15	87	100	20	20	47	63	94	77	81	79	93	40	55	77	6	4	
39	40	58	59	96	45	26	1	27	64	66	83	61	44	14	20	84	20	69	3	59	53	31	19	81	30	34	60	69	46	
7	91	59	49	21	79	51	81	26	81	83	14	22	1	82	15	53	42	66	43	52	68	69	60	34	48	92	20	91	39	
76	53	29	30	53	13	67	54	15	97	94	60	3	49	82	27	83	33	41	5	58	62	94	2	34	100	12	31	95	90	
96	10	38	95	65	99	89	84	58	46	23	2	37	42	35	25	70	85	18	36	58	65	72	91	65	51	86	99	6	41	
65	46	61	25	94	15	9	36	59	78	75	9	41	10	27	2	78	26	22	19	76	75	12	53	11	80	54	73	32	67	
86	22	99	83	50	88	58	37	87	94	78	72	15	81	45	52	68	17	60	33	94	93	60	75	47	2	72	33	98	53	
17	88	58	86	52	97	39	55	47	62	89	52	86	37	21	86	52	1	64	67	99	53	87	91	72	10	35	12	38	52	
16	23	64	56	25	12	5	9	25	37	56	65	41	36	48	5	84	70	22	11	20	4	100	54	51	84	28	31	84	91	
22	3	39	38	66	81	86	89	57	2	14	100	18	70	66	64	88	5	18	64	18	41	34	12	98	69	24	61	49	98	
98	79	87	42	89	7	26	15	47	38	5	52	100	90	40	13	84	65	13	23	10	51	12	3	75	51	10	53	52	34	
31	88	18	87	58	23	29	91	85	20	71	49	65	36	21	79	7	71	14	3	96	46	3	68	86	82	76	76	87	94	
1	99	73	16	78	97	19	60	75	68	63	74	26	82	44	17	3	57	38	4	14	42	28	51	19	75	58	9	35	20	
31	9	17	3	88	46	48	27	5	28	22	6	79	28	8	39	43	59	17	67	66	46	99	53	94	12	29	79	88	92	
18	15	34	37	66	20	23	87	62	30	80	68	52	95	2	15	49	50	17	19	14	4	59	43	53	74	1	64	21	46	
13	88	51	29	17	18	59	68	71	58	22	98	98	75	92	37	35	77	45	20	79	16	68	85	64	54	28	47	82	36	
31	90	8	92	100	2	20	85	56	92	63	55	58	90	100	45	87	30	23	5	56	58	1	94	62	78	30	83	5	85	
93	19	43	16	23	84	91	41	42	97	32	52	4	55	72	72	57	98	95	16	53	60	10	37	42	97	64	71	84	11	
98	36	13	33	94	80	11	17	50	59	8	10	49	100	74	77	59	74	59	19	25	96	86	56	100	40	54	26	58	7	
59	97	20	51	79	90	62	58	74	58	4	36	65	8	46	67	92	21	15	1	54	51	69	21	89	48	84	49	82	80	
8	48	62	46	52	52	50	35	84	78	80	19	77	60	82	36	47	10	18	64	68	93	51	2	32	33	71	68	87	86	
90	52	30	40	74	72	36	97	15	3	4	23	76	88	93	15	23	65	93	5	22	93	14	57	46	73	4	54	80	65	
98	69	69	61	88	20	82	37	17	79	45	26	55	26	47	2	40	60	39	100	2	76	77	40	77	75	58	91	54	65	
39	58	71	27	68	55	26	40	16	13	72	30	77	65	47	79	21	36	6	57	6	67	11	7	34	49	85	61	100	48	
39	30	45	83	96	87	90	78	41	75	45	82	8	49	67	39	42	22	29	83	79	100	25	92	76	98	15	13	26	68	
On machine	2
7	29	57	1	1	21	92	83	64	3	7	87	79	74	64	10	26	32	51	15	47	78	79	26	88	27	62	68	84	95	
60	84	40	81	30	81	20	95	10	49	46	61	85	86	2	60	14	15	94	89	97	41	57	1	22	3	74	18	87	26	
78	75	39	1	46	12	89	96	54	41	36	90	75	48	52	9	5	93	65	77	1	49	58	34	80	8	29	70	24	7	
53	96	77	78	88	46	34	27	50	56	94	71	53	14	55	53	62	8	89	68	85	8	64	76	21	80	46	72	46	72	
2	66	70	94	64	71	57	84	36	53	12	26	40	14	9	33	44	59	89	23	90	93	78	24	62	2	62	20	27	72	
23	22	91	25	40	51	68	35	67	52	39	86	21	54	33	5	20	95	55	78	56	13	55	53	12	44	61	16	33	81	
99	100	74	2	3	10	6	21	52	24	35	83	24	46	8	79	89	25	66	15	63	19	98	23	72	10	87	58	17	69	
6	45	45	61	45	28	7	9	31	42	61	12	80	88	26	82	49	91	27	1	27	82	30	49	37	22	70	75	39	24	
15	42	1	42	93	38	82	26	95	4	61	7	74	10	49	42	6	69	40	32	12	37	79	52	44	64	8	60	49	33	
32	71	59	42	18	61	76	23	63	54	14	73	87	28	48	79	92	92	15	16	58	31	79	81	34	21	82	56	95	73	
84	82	62	99	12	37	77	6	66	21	63	6	41	87	53	37	43	22	88	23	94	54	93	40	5	98	1	17	48	46	
30	91	60	65	29	39	94	91	74	5	10	82	94	80	3	15	15	17	98	87	17	19	10	43	18	58	42	23	22	71	
65	45	97	56	32	70	26	33	51	65	61	1	97	69	59	45	57	83	13	77	89	35	58	72	84	75	93	43	13	40	
38	57	17	66	60	1	65	30	83	19	16	78	35	96	54	19	4	4	46	50	71	5	2	69	21	6	32	99	55	37	
18	46	90	45	46	76	99	42	99	20	58	10	16	10	74	40	86	50	64	99	8	97	93	13	94	73	17	52	57	62	
90	1	30	12	12	44	81	75	11	19	77	64	45	54	33	42	44	38	1	25	79	8	32	6	32	65	64	75	54	8	
88	72	4	83	29	58	14	33	45	55	38	88	52	27	2	98	7	41	51	82	82	85	86	76	40	84	90	13	54	80	
73	8	8	62	15	19	35	13	63	62	84	41	9	24	51	56	20	100	3	7	93	16	21	80	87	55	36	99	20	92	
40	71	80	93	62	31	25	29	10	84	26	49	98	12	1	29	43	71	86	14	9	69	77	39	51	9	83	65	19	16	
23	59	47	81	48	2	49	3	49	88	89	23	41	47	16	16	4	49	99	9	26	33	36	82	26	68	76	77	10	61	
46	26	13	26	3	44	81	17	26	31	55	89	82	95	39	16	90	90	92	88	72	80	23	89	21	30	50	7	43	6	
33	37	28	49	24	89	75	82	16	16	77	61	54	48	5	75	88	84	91	69	87	4	81	79	65	46	55	26	72	12	
5	27	82	23	2	34	35	95	40	59	23	84	37	40	48	65	47	15	84	15	56	13	31	72	91	71	72	8	59	40	
60	63	89	48	59	84	64	56	41	50	81	13	68	9	71	69	48	92	76	15	91	76	36	83	75	87	6	70	92	46	
5	43	38	87	64	58	90	56	29	87	24	8	23	66	53	15	30	14	82	36	27	52	5	4	48	94	54	34	69	3	
77	37	92	64	74	2	6	20	5	78	74	60	43	78	97	82	44	61	59	2	26	90	49	45	54	7	95	94	58	13	
33	71	75	25	8	93	52	10	30	46	30	92	98	33	42	24	76	67	72	13	93	22	9	2	25	63	66	61	70	91	
18	80	89	56	66	58	34	85	8	36	93	24	63	8	90	97	45	26	4	11	100	69	57	56	37	36	84	12	34	46	
61	54	86	10	38	52	67	23	74	84	59	20	58	87	91	43	65	69	28	19	36	45	26	66	98	50	35	80	26	18	
16	45	75	14	58	65	19	95	20	74	87	35	67	57	98	47	42	81	28	59	47	24	64	46	45	44	57	44	43	69	
On machine	3
94	13	2	79	45	64	18	27	81	35	71	1	94	41	49	1	24	58	4	42	38	74	74	85	26	1	17	46	98	4	
18	33	69	43	82	69	62	23	62	29	11	98	30	65	2	99	2	14	21	22	1	85	84	50	97	94	59	10	34	50	
8	60	94	14	6	98	78	40	7	75	3	59	6	92	7	98	44	3	36	89	84	86	21	3	74	48	88	99	50	17	
56	6	100	4	61	45	37	46	12	23	19	28	67	24	34	63	8	100	44	7	13	66	78	38	84	61	75	27	64	68	
53	11	75	31	73	18	53	77	32	97	2	17	59	55	99	86	38	9	43	74	49	63	43	72	79	83	42	25	12	72	
95	20	32	95	80	49	88	84	56	48	37	13	34	21	14	55	92	91	3	2	83	93	32	77	20	57	2	64	48	31	
32	61	30	96	24	78	25	84	29	78	69	48	68	61	94	8	94	56	88	72	20	92	99	69	52	59	51	87	68	42	
84	21	40	40	2	24	77	18	99	31	2	34	7	90	54	54	97	54	100	47	77	17	54	9	97	14	30	8	92	83	
8	51	35	69	35	9	94	48	6	17	23	88	6	18	4	70	59	19	27	3	22	47	97	66	13	28	12	44	9	53	
82	53	91	41	82	56	34	34	69	3	72	55	15	89	63	89	39	4	58	92	64	35	12	32	6	42	40	34	80	11	
90	17	11	89	28	36	39	98	17	9	73	7	42	22	61	39	86	68	8	64	31	22	88	33	5	11	7	95	23	90	
1	38	64	84	82	6	4	74	20	79	15	53	69	34	57	88	43	10	42	38	55	73	36	99	79	54	2	19	20	87	
59	72	75	50	12	34	15	70	79	37	35	55	25	83	100	41	32	1	11	81	28	7	76	72	98	65	49	86	55	84	
12	7	80	64	35	43	42	76	79	99	84	53	98	85	58	10	60	76	88	51	47	65	59	15	79	61	24	100	43	57	
7	66	69	90	97	35	11	49	81	77	24	2	91	92	16	98	90	38	24	35	89	44	65	79	12	95	25	52	88	99	
99	31	94	18	90	98	59	24	68	36	50	38	47	2	86	4	33	59	51	36	84	37	70	27	44	41	87	42	52	17	
42	34	30	39	77	19	59	41	89	19	66	75	60	13	68	13	18	84	56	1	95	62	12	55	43	29	96	75	3	12	
17	11	79	21	9	50	4	14	72	16	52	21	34	39	48	92	16	1	18	73	27	63	34	43	33	45	58	53	65	43	
44	90	93	8	95	25	42	40	50	70	10	43	20	73	66	8	37	23	69	84	88	86	17	52	37	28	81	19	8	15	
27	4	79	87	34	38	65	81	67	49	12	55	35	58	4	95	88	62	44	48	25	100	4	19	30	11	32	63	13	9	
24	75	58	57	36	44	10	82	2	45	22	57	77	29	92	53	25	24	90	85	9	73	94	41	19	12	39	89	66	91	
29	63	48	42	66	39	2	63	39	76	93	10	77	80	26	45	42	3	6	35	98	64	63	98	38	85	21	86	78	70	
48	44	50	20	24	31	23	22	18	42	59	71	99	19	35	33	95	22	27	42	51	52	67	89	94	81	63	63	9	36	
48	38	77	23	74	69	9	71	2	45	20	4	17	12	23	56	63	41	75	68	4	16	2	76	85	18	47	80	63	58	
55	71	85	52	42	51	19	22	63	68	41	58	95	38	44	92	6	85	27	28	87	92	50	98	5	54	40	16	58	10	
77	43	41	41	54	70	54	80	15	7	89	8	9	3	59	23	26	57	100	83	94	54	70	93	20	75	16	42	83	82	
54	20	61	74	84	48	53	90	18	95	44	7	64	23	11	1	85	35	58	7	28	69	28	50	56	67	17	93	100	76	
36	54	20	13	87	94	47	32	48	9	62	3	1	60	3	15	45	40	69	79	52	32	87	8	93	86	71	3	31	78	
61	69	15	34	96	93	75	1	64	47	1	63	1	8	33	52	31	42	81	8	62	53	4	2	16	43	17	64	57	88	
65	15	74	48	34	99	45	21	61	77	11	59	74	59	79	10	66	28	11	100	18	69	77	51	90	79	28	62	64	57	
On machine	4
54	34	3	72	27	14	46	29	59	55	65	59	69	11	62	39	30	70	11	16	52	31	51	82	13	29	38	41	42	29	
27	77	23	49	13	5	78	49	95	72	84	49	19	3	98	92	56	45	7	12	92	64	98	21	14	84	95	70	89	89	
51	25	96	36	16	70	78	21	25	80	97	44	89	83	75	53	25	69	18	62	93	14	85	7	68	69	2	43	75	50	
1	6	58	37	100	17	40	28	65	50	44	76	97	36	36	32	30	69	23	18	71	6	26	26	46	34	90	20	11	99	
88	45	79	34	68	65	28	73	31	48	87	38	48	55	73	69	77	100	98	66	3	64	39	32	66	19	15	85	34	93	
33	96	34	20	48	63	1	22	2	60	11	17	9	86	92	8	35	75	20	51	77	49	18	6	78	98	66	61	44	56	
5	56	96	45	34	6	42	6	76	63	80	38	61	51	75	18	5	43	57	14	32	46	45	38	96	56	76	30	70	49	
74	27	54	85	92	27	32	59	83	95	58	56	12	3	88	58	81	5	23	41	85	90	1	72	96	41	36	6	85	93	
77	6	87	66	71	37	45	31	63	32	73	14	50	82	56	50	18	47	72	77	89	32	21	70	44	13	40	86	10	57	
61	87	80	85	20	92	84	79	11	42	20	4	98	66	65	64	95	85	39	13	38	12	88	23	75	96	97	46	39	88	
71	24	53	16	58	32	90	46	34	24	14	87	87	51	57	45	86	6	80	78	60	20	89	43	43	95	50	78	23	9	
64	81	39	95	79	52	84	57	63	88	65	26	7	61	71	42	65	93	42	53	61	70	17	57	47	26	55	14	18	29	
7	37	6	19	9	43	56	38	53	96	53	98	60	23	44	27	68	76	88	7	97	32	89	5	33	75	54	33	28	19	
47	96	60	59	7	43	86	47	65	87	22	47	59	75	48	27	43	54	3	9	73	7	26	79	76	66	25	50	96	55	
41	63	41	69	83	97	18	44	82	67	52	83	98	68	92	73	28	28	90	46	88	65	48	92	10	42	38	3	64	27	
47	6	50	9	32	66	31	2	47	40	12	8	35	42	51	50	82	30	9	64	3	43	58	93	93	24	4	14	19	2	
47	36	90	52	48	65	20	84	89	23	10	93	4	49	20	56	6	74	40	39	70	83	28	56	74	68	36	41	37	34	
31	20	29	44	97	46	39	19	73	47	29	99	43	60	23	86	89	48	77	83	26	44	68	39	83	99	87	31	17	76	
12	51	87	53	87	40	16	23	62	100	19	91	78	66	99	77	9	92	17	47	8	49	48	13	31	42	15	86	6	12	
64	77	74	91	25	28	57	46	15	13	2	87	23	48	93	88	8	72	9	46	80	17	59	40	30	61	30	3	68	74	
63	41	50	12	39	28	90	15	30	41	10	58	82	64	47	89	49	58	19	57	80	12	86	62	52	85	48	61	9	83	
22	83	13	42	65	72	98	78	91	12	23	34	65	55	99	100	20	91	83	95	33	63	13	63	74	18	66	71	54	73	
86	21	21	40	4	98	46	98	83	35	30	96	11	63	92	92	93	38	67	31	86	47	92	43	81	81	18	24	3	19	
88	5	18	65	9	7	42	53	18	86	3	41	49	7	23	27	23	5	75	98	14	86	75	27	93	69	91	64	90	62	
23	40	70	89	40	12	26	18	52	83	47	16	70	80	82	25	82	83	2	18	98	17	55	79	22	70	17	65	28	52	
24	74	44	42	37	9	22	64	80	6	89	57	55	92	3	14	71	97	1	57	22	6	21	2	45	92	26	8	87	43	
84	96	25	81	71	93	39	36	80	7	79	79	58	37	9	66	99	85	47	77	48	96	25	3	12	13	39	19	7	38	
46	34	90	60	61	66	71	58	77	59	67	5	27	9	98	50	24	13	26	12	45	19	50	44	37	91	13	83	95	50	
79	15	20	55	51	84	100	55	97	28	68	22	79	61	97	43	63	13	2	94	59	24	67	48	23	10	32	39	38	91	
32	50	75	87	48	10	46	89	7	74	100	23	75	21	51	95	91	95	1	8	22	57	82	32	44	24	12	57	32	38	
