Factories	4
Families	40
Machines	2
SetupType	3

Number of Jobs in each Family
10	7	6	3	9	10	1	5	2	8	10	10	1	2	3	3	6	6	4	10	2	10	6	9	2	9	6	5	8	6	9	4	7	10	4	5	1	6	5	10	

Jobs in each Family
0	1	2	3	4	5	6	7	8	9	
10	11	12	13	14	15	16	
17	18	19	20	21	22	
23	24	25	
26	27	28	29	30	31	32	33	34	
35	36	37	38	39	40	41	42	43	44	
45	
46	47	48	49	50	
51	52	
53	54	55	56	57	58	59	60	
61	62	63	64	65	66	67	68	69	70	
71	72	73	74	75	76	77	78	79	80	
81	
82	83	
84	85	86	
87	88	89	
90	91	92	93	94	95	
96	97	98	99	100	101	
102	103	104	105	
106	107	108	109	110	111	112	113	114	115	
116	117	
118	119	120	121	122	123	124	125	126	127	
128	129	130	131	132	133	
134	135	136	137	138	139	140	141	142	
143	144	
145	146	147	148	149	150	151	152	153	
154	155	156	157	158	159	
160	161	162	163	164	
165	166	167	168	169	170	171	172	
173	174	175	176	177	178	
179	180	181	182	183	184	185	186	187	
188	189	190	191	
192	193	194	195	196	197	198	
199	200	201	202	203	204	205	206	207	208	
209	210	211	212	
213	214	215	216	217	
218	
219	220	221	222	223	224	
225	226	227	228	229	
230	231	232	233	234	235	236	237	238	239	

Total number of jobs
240

Processing times of jobs
3	10	
3	8	
6	10	
3	3	
10	4	
9	9	
1	9	
10	9	
5	10	
1	7	
6	2	
2	7	
10	3	
6	3	
1	7	
6	2	
9	6	
7	1	
8	8	
10	3	
6	6	
7	4	
5	10	
7	8	
3	2	
4	3	
6	5	
7	9	
5	4	
4	3	
1	9	
3	8	
6	8	
2	6	
9	3	
6	6	
4	1	
1	4	
8	7	
8	6	
6	4	
6	5	
2	7	
7	3	
2	10	
9	4	
3	8	
3	9	
10	8	
5	9	
5	2	
6	8	
5	7	
9	9	
2	5	
2	2	
8	3	
4	2	
8	5	
10	3	
6	5	
2	7	
1	3	
3	7	
6	10	
8	5	
2	8	
6	7	
5	8	
1	6	
1	8	
8	1	
8	7	
5	1	
4	10	
4	6	
7	3	
8	2	
2	10	
9	1	
3	7	
4	7	
7	6	
1	8	
7	9	
8	9	
6	2	
3	1	
7	6	
10	2	
5	3	
6	6	
1	9	
8	3	
10	7	
2	8	
5	1	
7	6	
8	7	
8	2	
6	2	
8	9	
9	8	
4	6	
1	7	
1	10	
1	6	
4	4	
4	7	
1	5	
9	9	
1	10	
9	8	
4	8	
6	2	
7	1	
4	7	
2	9	
7	9	
7	5	
7	10	
6	3	
4	3	
3	9	
8	4	
8	9	
6	9	
3	1	
3	3	
6	1	
6	10	
2	10	
3	6	
3	5	
5	5	
3	3	
5	5	
6	10	
8	4	
4	7	
7	6	
8	4	
3	3	
5	10	
9	7	
2	9	
8	7	
4	8	
4	4	
10	2	
9	6	
3	3	
1	2	
9	4	
7	1	
6	3	
7	7	
7	7	
7	1	
3	4	
7	8	
1	10	
10	5	
5	5	
3	2	
8	5	
1	6	
2	8	
9	8	
4	1	
7	6	
6	9	
1	4	
2	4	
1	2	
10	2	
1	2	
9	6	
6	4	
2	3	
3	2	
2	4	
2	5	
7	6	
5	6	
4	8	
6	1	
9	6	
9	5	
2	5	
3	6	
2	5	
5	10	
9	5	
8	7	
4	5	
6	2	
3	10	
5	4	
7	5	
7	9	
9	5	
2	4	
6	1	
1	6	
4	3	
8	1	
10	5	
7	2	
2	1	
3	1	
10	2	
1	10	
3	8	
2	8	
3	10	
7	2	
7	9	
7	7	
5	2	
1	7	
3	7	
10	9	
10	8	
3	4	
5	6	
5	4	
7	5	
6	3	
9	2	
10	9	
10	4	
4	2	
7	7	
4	3	
5	10	
3	1	
2	2	
8	7	
7	5	

Stepup times between Families, where [f][f] represents initial setup time
On machine	1
25	10	97	93	5	78	100	71	55	31	13	99	55	79	72	90	50	26	9	56	73	1	77	76	23	57	86	32	76	92	96	99	80	29	47	89	39	19	34	42	
10	68	3	93	99	86	52	22	64	89	8	6	86	50	42	82	15	7	60	87	20	60	85	72	76	66	68	9	64	34	52	58	2	65	64	11	80	25	50	70	
57	82	69	49	73	42	51	3	43	65	32	41	72	25	90	45	63	41	19	29	36	21	30	84	1	69	15	98	90	10	46	26	47	69	88	57	20	41	75	76	
4	3	35	76	74	87	70	5	67	98	69	9	76	42	35	43	92	82	10	8	53	59	39	4	36	2	71	4	49	10	43	11	72	48	15	90	64	49	3	68	
98	29	58	50	34	30	24	55	80	90	45	44	25	28	90	22	43	52	96	52	10	18	43	71	8	81	20	18	84	85	62	11	83	81	33	99	63	89	12	65	
79	34	61	82	30	11	83	87	67	45	79	68	90	74	82	20	21	2	77	49	73	5	74	41	61	91	51	81	15	58	72	84	23	6	2	47	89	67	57	68	
58	55	49	33	37	79	28	11	1	31	83	78	99	22	60	58	90	79	7	62	71	83	31	80	58	54	19	42	20	59	76	96	47	15	38	6	67	84	42	31	
54	76	78	9	34	51	63	23	45	85	6	28	81	6	46	86	86	78	73	44	77	24	97	31	82	8	85	23	96	100	4	88	3	93	9	31	78	14	84	26	
78	69	59	71	59	12	93	93	49	29	95	11	10	66	100	94	91	72	6	100	36	10	53	26	15	97	28	6	67	65	78	22	93	11	83	57	83	52	71	89	
45	12	62	81	73	93	52	99	86	61	91	62	99	71	54	46	48	21	64	76	65	62	98	52	78	78	70	40	67	16	9	59	17	23	53	1	76	12	50	93	
95	89	33	48	33	39	59	12	69	81	85	29	40	34	80	26	33	23	87	43	54	63	54	78	25	38	93	96	73	73	9	77	94	14	71	7	78	74	47	46	
94	85	34	28	56	48	87	15	42	86	6	75	55	20	79	18	45	89	42	69	43	58	38	53	75	89	79	33	14	72	86	70	91	24	60	81	42	71	8	79	
74	59	77	15	12	52	15	47	1	95	3	36	30	88	37	16	46	81	9	65	14	32	1	63	76	76	54	12	60	6	18	15	75	53	17	27	100	95	51	26	
33	62	88	58	14	51	29	22	96	80	54	52	84	92	44	2	13	39	13	18	39	31	54	6	10	2	93	84	91	84	62	78	29	12	83	70	38	6	58	88	
63	28	78	24	34	58	54	57	82	98	9	78	40	20	7	37	60	24	3	1	93	29	21	88	29	58	9	92	49	19	65	61	37	86	88	88	66	71	96	26	
11	57	53	44	53	89	94	14	51	92	59	74	42	40	20	34	54	63	69	48	84	84	78	13	52	70	97	60	86	10	57	5	81	7	66	21	40	88	55	43	
97	62	10	79	10	98	42	59	2	45	1	47	52	74	80	81	62	80	24	36	96	25	18	45	50	58	39	16	88	72	53	60	24	45	16	33	65	19	60	64	
62	74	85	4	29	25	16	28	1	39	34	93	66	34	47	66	95	40	41	53	20	28	44	87	74	75	8	67	44	23	41	79	67	75	10	83	83	13	18	78	
87	21	26	83	63	58	71	76	41	38	47	1	26	85	73	50	38	34	22	21	45	34	6	31	99	56	4	89	23	49	77	20	51	20	45	68	87	89	7	16	
95	20	6	38	93	39	76	32	92	27	8	48	69	11	34	4	24	81	34	41	15	15	41	65	9	81	39	90	6	55	98	21	12	78	5	23	73	90	13	46	
87	10	52	15	49	83	30	15	88	34	45	36	64	61	15	25	57	8	99	4	48	20	40	83	66	19	41	89	18	5	66	63	1	63	46	94	47	50	54	38	
21	82	20	80	71	76	95	68	75	52	90	7	45	83	59	62	76	40	54	86	80	93	14	19	49	45	95	42	61	48	57	80	70	82	16	95	2	47	68	63	
91	55	15	10	25	85	33	43	13	57	19	69	75	27	51	10	71	42	70	90	17	48	79	38	27	10	64	76	91	40	11	1	17	7	23	33	52	30	66	6	
95	6	21	79	51	53	1	29	84	56	24	14	81	60	58	74	4	62	37	100	69	81	91	39	77	57	65	8	50	30	87	57	57	75	87	58	57	19	78	59	
54	44	13	71	8	94	11	43	57	86	15	54	100	72	33	92	47	37	2	80	15	97	48	66	15	40	82	4	39	11	83	49	66	82	100	92	94	99	57	62	
30	49	49	2	79	47	21	40	19	67	1	72	4	46	56	32	1	60	81	85	42	83	15	73	52	97	58	89	27	27	30	42	11	9	67	89	36	14	26	19	
66	50	3	16	7	35	11	80	63	52	97	51	79	93	19	69	25	6	62	86	67	98	94	23	40	4	39	2	66	51	12	34	74	79	60	25	82	14	7	64	
33	84	85	96	92	35	78	37	15	78	1	48	34	3	66	73	37	63	70	41	25	1	1	12	85	34	91	22	15	80	53	98	88	76	42	92	91	6	18	99	
36	35	35	90	84	4	58	89	74	33	47	82	9	79	2	77	49	79	61	75	64	24	92	94	90	36	36	21	50	41	67	81	46	50	63	1	37	31	69	26	
4	16	88	50	7	6	54	82	36	98	41	97	11	16	18	23	16	91	10	13	11	10	70	31	59	18	25	84	45	49	24	72	61	30	93	12	9	70	46	38	
64	31	76	11	46	22	15	17	59	86	17	40	45	19	67	91	97	89	38	83	28	29	70	40	94	52	99	45	4	94	97	89	35	1	50	21	84	15	96	4	
93	25	44	20	92	77	85	3	70	29	90	58	2	45	80	5	4	6	18	39	80	44	81	71	28	17	90	39	77	67	61	9	76	92	28	15	87	100	45	98	
69	91	44	46	52	39	49	71	5	40	69	64	58	46	62	81	11	79	28	26	5	26	1	79	14	27	5	100	36	36	54	41	66	51	5	26	56	92	66	35	
63	86	77	32	88	37	61	47	28	71	73	18	84	4	33	94	97	58	22	60	6	36	49	19	81	1	49	26	32	52	7	56	57	63	77	1	92	89	26	87	
11	61	5	29	94	52	60	62	60	28	99	26	65	58	53	52	54	88	27	15	90	71	39	90	47	44	42	41	48	6	92	51	72	72	47	85	47	59	47	52	
90	70	65	38	77	60	15	53	1	13	31	76	44	73	22	54	12	89	19	100	78	68	20	50	35	17	92	93	23	13	49	59	25	72	88	16	79	71	7	28	
94	61	62	69	5	13	5	55	46	42	33	68	61	54	93	88	12	56	79	33	98	42	75	8	12	70	43	93	65	55	92	47	81	5	60	99	48	57	28	33	
56	3	12	83	8	81	88	66	95	5	17	66	48	42	29	86	87	91	47	44	32	47	91	10	30	72	4	49	51	67	55	56	2	87	91	60	37	1	37	11	
24	36	58	99	50	80	2	5	98	45	91	57	77	53	47	72	90	73	83	47	21	11	72	53	88	4	50	28	23	38	95	48	24	100	93	49	74	93	79	9	
77	98	4	65	26	47	29	21	23	7	24	65	30	95	94	11	38	8	39	22	46	52	10	91	97	11	86	10	98	86	31	3	37	67	26	43	8	6	96	73	
On machine	2
79	59	32	88	86	26	87	83	25	12	15	26	46	70	20	22	1	27	78	88	56	100	23	18	72	56	68	15	48	78	65	5	16	69	14	79	93	47	12	15	
99	79	13	100	67	93	50	49	70	65	17	2	22	50	78	47	63	56	83	46	5	46	8	52	16	61	24	11	87	39	52	13	65	27	71	85	17	89	91	70	
58	24	54	49	30	83	41	76	34	13	98	83	34	64	56	82	69	47	83	35	72	86	15	49	40	58	69	64	69	30	80	19	31	94	54	36	86	50	48	59	
98	21	46	14	93	90	97	24	53	22	25	15	17	8	67	18	58	65	96	66	93	24	20	52	75	49	49	47	21	8	26	72	77	65	70	40	37	49	45	64	
59	8	54	59	20	60	94	43	37	24	80	97	62	83	69	23	21	82	50	15	3	81	59	53	81	81	51	8	86	37	33	89	58	71	49	88	82	4	12	83	
71	31	24	43	81	54	39	46	85	9	73	15	32	97	88	4	96	93	44	74	60	22	56	40	44	72	67	97	36	2	22	47	46	2	69	100	16	54	3	64	
62	62	75	31	4	87	13	21	96	8	46	42	43	39	64	95	52	18	31	98	44	19	51	81	20	72	66	42	4	7	93	82	66	29	56	31	83	17	89	26	
36	91	97	57	87	94	65	85	70	75	46	44	4	91	20	57	43	98	72	55	78	1	24	31	92	49	51	24	33	93	97	73	84	58	36	78	76	61	24	43	
34	25	52	66	79	57	69	37	6	24	86	71	37	31	77	39	85	16	41	97	14	20	73	5	91	9	19	10	90	21	97	24	96	5	100	8	60	59	65	19	
21	10	13	64	12	59	84	58	3	76	45	83	22	78	12	67	27	68	4	31	45	54	31	48	25	3	79	59	9	75	29	22	44	72	33	56	69	87	71	9	
87	93	92	92	13	43	98	94	75	11	57	3	53	11	94	63	67	31	52	85	53	54	76	31	19	77	65	78	35	16	21	35	97	21	14	14	16	66	76	82	
67	29	18	62	63	50	16	78	23	49	60	65	48	80	11	25	34	15	69	39	74	54	72	40	6	35	18	17	53	68	78	91	52	7	68	59	81	25	15	28	
73	72	78	20	18	41	30	8	29	60	47	30	46	76	89	29	100	22	56	44	14	37	27	10	24	77	62	86	89	33	31	13	82	37	27	84	51	28	16	16	
24	73	8	47	43	28	91	61	52	31	50	19	53	33	4	18	64	63	29	15	93	2	33	26	60	32	66	72	71	34	13	46	60	33	67	2	25	60	58	28	
83	58	29	10	60	52	49	60	32	69	5	62	3	35	76	54	37	65	96	5	30	23	23	21	51	78	14	52	16	89	92	83	28	23	32	29	53	58	56	74	
41	58	33	24	58	2	9	81	56	32	25	53	80	63	67	25	34	58	13	64	72	71	19	37	2	61	1	69	18	18	12	26	81	75	30	41	97	9	36	84	
40	44	68	94	41	58	64	43	94	82	1	83	50	66	87	66	43	34	24	98	6	73	59	12	61	56	55	95	94	65	84	2	67	38	46	24	30	12	15	46	
29	42	90	31	36	65	73	75	98	48	26	62	69	31	34	86	74	85	73	16	52	18	42	35	60	34	90	74	29	36	19	38	21	54	99	46	83	70	72	59	
99	4	7	87	19	36	92	66	23	38	24	79	7	84	17	79	91	72	69	28	87	43	30	20	100	14	53	72	80	79	42	46	57	17	74	44	8	67	50	32	
63	71	19	69	27	15	78	23	48	80	62	10	53	81	56	15	48	9	87	67	9	97	60	88	6	25	7	82	80	78	15	54	68	99	46	49	80	66	49	86	
67	38	86	93	37	38	34	11	92	12	42	69	56	31	64	2	21	19	64	91	15	55	48	38	89	87	66	95	66	98	45	49	4	45	1	91	53	34	88	25	
76	83	65	58	67	27	82	99	98	38	70	78	25	87	4	79	62	87	83	59	17	71	38	51	59	54	38	31	80	28	1	99	60	66	45	24	60	63	62	16	
46	83	32	24	54	2	28	34	3	39	36	6	65	17	93	60	48	5	37	18	57	49	14	76	20	61	46	73	46	88	15	88	23	66	92	91	79	63	88	58	
48	98	10	79	39	71	94	76	7	58	80	2	30	61	22	85	80	51	35	20	41	59	37	7	70	58	34	18	38	72	43	63	77	14	28	66	1	7	88	24	
17	56	20	10	74	100	14	56	80	42	24	58	89	29	21	65	75	49	83	21	76	27	9	25	22	81	55	100	13	95	76	23	8	1	88	83	93	70	2	80	
8	92	99	58	66	57	79	79	15	13	39	29	98	5	96	49	63	84	95	56	1	48	50	89	93	43	17	72	95	10	53	6	4	78	17	36	16	41	82	60	
40	11	73	81	74	14	98	66	96	63	59	90	27	82	56	99	69	55	54	37	16	66	63	48	88	31	77	20	15	47	91	16	88	27	66	29	78	98	71	37	
33	73	36	3	45	77	41	56	46	93	45	86	96	84	13	12	29	37	53	83	3	41	25	84	77	61	5	70	45	40	96	48	67	60	49	6	81	56	31	60	
18	4	83	72	36	49	47	70	77	30	57	76	88	96	61	27	45	100	19	11	42	26	72	85	40	18	2	55	26	8	15	40	28	18	99	90	70	13	60	16	
33	35	46	60	6	87	98	1	71	54	75	36	7	10	96	92	46	100	69	19	31	93	4	83	31	53	33	85	67	67	9	44	82	96	80	73	66	60	93	27	
91	81	50	45	39	17	84	39	55	74	64	41	54	75	3	73	5	46	99	71	59	68	74	6	54	9	26	6	34	61	62	19	84	98	28	79	2	75	11	96	
61	32	75	49	46	54	71	23	37	21	46	50	79	17	90	16	63	90	65	16	48	43	76	56	16	69	32	57	96	47	10	91	66	13	3	7	59	30	57	39	
99	22	41	30	89	76	53	20	72	74	8	13	74	58	31	71	98	49	59	12	17	35	68	14	92	50	48	100	77	10	4	24	11	44	14	97	55	13	12	86	
61	86	84	83	82	66	81	66	26	80	16	87	93	77	66	83	42	23	89	51	84	3	77	71	9	73	41	53	4	70	11	48	53	66	56	93	70	91	67	100	
44	84	80	2	88	46	75	45	68	4	10	97	29	21	64	74	13	43	7	38	95	21	49	32	98	78	61	80	68	32	28	62	45	10	38	57	62	18	24	77	
38	45	73	85	58	12	12	84	55	11	68	42	26	12	15	61	83	70	15	34	43	22	18	34	35	58	51	29	8	40	97	78	68	22	8	75	52	28	26	49	
20	53	19	99	52	89	24	52	84	41	69	55	55	29	53	30	75	80	86	41	48	62	69	80	90	30	23	3	91	56	97	78	6	64	1	84	33	5	45	83	
25	17	83	49	99	29	42	54	69	79	52	25	43	70	9	43	20	18	31	22	52	89	14	74	58	62	57	90	25	47	10	61	78	4	26	74	5	30	81	40	
42	16	65	62	82	21	4	20	86	54	55	55	45	87	48	2	45	45	8	16	84	73	34	19	64	95	74	61	64	43	57	18	28	3	12	7	51	39	3	94	
36	90	24	42	80	14	36	56	73	70	46	6	98	9	61	55	53	5	43	23	37	85	15	80	17	4	26	60	8	88	45	42	31	2	74	68	63	70	66	90	
