Factories	4
Families	30
Machines	2
SetupType	1

Number of Jobs in each Family
5	9	6	9	5	1	4	4	5	5	1	5	2	7	1	4	10	2	3	5	10	8	2	7	4	2	8	8	4	8	

Jobs in each Family
0	1	2	3	4	
5	6	7	8	9	10	11	12	13	
14	15	16	17	18	19	
20	21	22	23	24	25	26	27	28	
29	30	31	32	33	
34	
35	36	37	38	
39	40	41	42	
43	44	45	46	47	
48	49	50	51	52	
53	
54	55	56	57	58	
59	60	
61	62	63	64	65	66	67	
68	
69	70	71	72	
73	74	75	76	77	78	79	80	81	82	
83	84	
85	86	87	
88	89	90	91	92	
93	94	95	96	97	98	99	100	101	102	
103	104	105	106	107	108	109	110	
111	112	
113	114	115	116	117	118	119	
120	121	122	123	
124	125	
126	127	128	129	130	131	132	133	
134	135	136	137	138	139	140	141	
142	143	144	145	
146	147	148	149	150	151	152	153	

Total number of jobs
154

Processing times of jobs
2	9	
3	8	
6	5	
10	8	
10	8	
2	8	
3	8	
3	4	
9	10	
10	5	
8	4	
8	8	
9	3	
10	9	
9	7	
2	9	
8	9	
8	9	
2	3	
6	8	
3	2	
9	3	
3	8	
3	1	
3	1	
9	4	
8	2	
10	3	
7	5	
7	5	
8	5	
8	9	
2	9	
8	2	
8	7	
3	3	
7	7	
10	7	
6	10	
8	10	
2	10	
4	8	
6	7	
6	1	
3	2	
7	6	
8	3	
4	3	
1	5	
5	2	
3	10	
1	3	
3	7	
2	2	
7	4	
2	8	
7	8	
8	5	
7	5	
9	3	
9	10	
4	4	
5	7	
8	9	
10	9	
3	1	
6	5	
3	6	
9	1	
5	6	
1	2	
1	6	
1	9	
9	3	
9	1	
10	8	
6	1	
2	7	
2	6	
7	5	
2	5	
10	3	
3	9	
3	8	
7	6	
7	2	
6	7	
4	4	
3	1	
6	9	
7	6	
7	8	
7	8	
9	8	
8	3	
7	10	
1	9	
9	1	
10	6	
8	6	
5	8	
10	5	
9	10	
9	6	
1	7	
1	7	
7	1	
5	3	
1	8	
1	4	
7	6	
4	7	
3	1	
2	1	
10	4	
3	1	
8	8	
8	1	
7	9	
2	7	
4	9	
1	1	
2	8	
2	2	
9	9	
10	9	
10	7	
6	4	
4	5	
7	7	
8	7	
8	1	
4	7	
6	8	
1	9	
1	5	
1	3	
4	5	
10	10	
8	9	
8	5	
7	1	
1	5	
9	1	
8	4	
6	4	
8	5	
5	4	
10	3	
7	10	
10	3	
2	6	
3	9	
1	4	

Stepup times between Families, where [f][f] represents initial setup time
On machine	1
6	3	3	6	15	9	11	3	5	1	15	4	16	19	3	4	8	20	10	10	8	5	15	13	1	13	1	13	19	18	
15	6	7	3	19	12	9	13	14	17	16	20	4	7	16	6	12	19	15	6	15	18	3	6	13	14	11	18	8	20	
4	4	8	5	10	4	15	1	3	17	5	3	11	4	2	2	13	13	19	8	13	19	7	17	18	16	15	2	18	5	
20	11	15	18	3	5	20	17	1	9	5	19	4	16	15	7	14	19	8	16	4	15	5	5	18	3	4	15	5	3	
17	18	17	3	3	19	16	4	9	14	6	11	14	2	11	18	4	9	14	20	4	14	16	7	8	19	4	8	10	12	
3	15	9	1	3	16	5	20	8	9	8	15	11	8	18	15	18	11	1	1	3	15	18	7	5	18	9	14	4	20	
12	2	5	7	9	3	9	17	1	3	17	7	13	13	14	8	15	20	13	20	6	19	18	6	13	3	12	10	13	13	
20	6	1	10	16	7	10	3	13	4	2	14	12	15	2	15	1	19	18	11	13	5	16	7	1	1	14	7	6	8	
8	12	8	20	1	2	14	11	11	18	3	11	17	1	10	9	4	13	10	13	18	8	12	13	19	17	14	6	12	14	
17	20	17	11	18	20	5	12	16	2	17	11	5	11	9	18	10	1	10	8	19	13	13	18	7	18	14	2	4	20	
9	20	19	1	12	15	15	3	13	4	3	18	11	2	20	8	3	11	19	14	17	3	7	17	19	17	7	2	2	18	
14	6	14	10	15	5	6	15	11	9	16	1	5	9	18	11	8	18	19	16	15	10	4	10	17	19	5	17	14	14	
10	11	14	17	9	6	9	6	3	20	2	9	3	19	19	12	2	7	18	16	12	19	9	15	13	17	15	4	19	11	
6	14	15	3	19	17	18	3	8	17	2	20	13	8	14	14	6	2	18	5	8	20	18	2	17	2	4	17	8	8	
4	5	17	2	12	9	5	6	4	14	14	2	4	9	10	3	12	18	17	5	7	5	15	12	10	16	2	7	7	13	
20	14	5	10	13	1	10	6	20	11	12	9	14	17	5	7	19	12	9	12	15	7	20	20	12	13	4	10	18	1	
7	6	15	4	17	7	1	1	1	1	20	6	18	7	20	5	4	16	18	19	14	4	14	14	10	1	5	14	11	15	
12	14	6	11	1	20	9	10	17	12	8	10	17	5	13	1	16	3	9	2	1	2	19	4	1	12	12	8	16	5	
16	7	16	16	8	16	6	3	16	18	12	15	4	5	3	9	5	6	18	16	5	20	7	15	11	18	12	10	19	10	
16	4	6	6	15	20	9	13	7	5	7	12	4	5	20	7	11	5	15	2	10	18	16	15	7	20	19	17	19	11	
19	18	1	17	14	5	11	2	12	7	6	9	14	3	20	12	17	15	15	11	7	9	1	17	9	10	11	15	18	14	
10	17	3	12	14	2	8	11	1	9	13	13	4	9	12	19	20	2	2	1	4	9	20	4	1	19	5	17	14	5	
13	20	1	2	11	16	17	7	15	20	13	19	13	11	6	7	14	8	4	13	20	6	3	17	15	10	19	2	15	13	
20	5	3	19	12	7	13	11	5	10	11	5	16	14	16	6	18	16	19	3	5	3	3	5	14	9	12	11	12	11	
4	4	5	13	9	15	11	8	2	16	10	14	17	17	12	19	17	17	18	20	12	19	13	20	10	2	7	2	18	8	
18	14	7	5	5	3	15	17	14	17	17	4	12	2	5	16	3	2	5	8	20	7	20	9	9	14	5	14	16	3	
9	8	19	11	9	17	4	12	20	16	2	9	12	14	8	15	10	11	11	11	19	16	10	4	4	19	17	15	5	4	
3	10	14	7	10	6	6	18	18	20	1	8	1	6	3	2	20	5	13	1	14	5	16	16	7	13	4	7	6	1	
6	16	7	1	17	18	18	10	13	11	4	11	13	18	17	6	3	20	5	11	2	14	11	2	15	4	2	4	11	5	
6	2	15	3	12	9	5	12	5	13	11	4	12	16	9	5	20	2	16	5	3	3	4	7	6	20	9	1	5	6	
On machine	2
17	3	19	7	9	20	9	18	7	1	2	9	3	18	11	1	12	5	8	9	9	4	3	11	19	3	2	8	18	18	
19	3	3	11	16	19	20	7	8	12	10	9	5	3	6	16	6	16	7	19	3	5	7	5	7	8	20	2	9	18	
9	7	12	10	9	17	16	8	3	4	12	2	11	5	18	10	19	14	7	6	14	10	19	4	9	5	5	2	15	12	
14	5	14	8	4	5	15	11	1	4	10	8	13	6	17	8	5	12	11	13	4	3	12	14	11	12	12	7	15	9	
19	2	9	15	19	14	7	6	3	3	2	8	2	6	19	2	1	11	18	19	18	20	7	6	14	8	3	7	7	11	
11	17	13	15	2	2	17	4	13	6	4	16	15	4	3	7	15	11	19	9	5	12	15	7	2	5	3	7	15	2	
19	18	12	9	8	4	2	11	19	7	7	5	4	3	15	12	20	6	11	5	2	2	18	11	10	15	4	18	4	11	
2	20	4	15	5	18	13	20	15	2	15	9	3	18	15	15	12	16	10	15	12	19	3	2	9	8	5	7	9	18	
16	12	10	3	5	6	4	8	20	7	14	7	1	4	18	19	2	20	1	7	17	6	7	7	1	2	14	3	13	15	
5	5	12	7	19	5	10	12	8	11	4	5	3	5	18	16	5	10	9	6	7	18	3	20	10	19	9	1	18	19	
5	7	12	7	3	19	15	7	13	15	1	19	5	7	7	1	2	3	10	12	15	6	20	13	3	20	14	8	6	15	
19	9	7	20	10	7	14	5	19	13	11	14	11	19	4	12	8	16	8	15	19	13	5	3	13	16	19	14	12	2	
17	13	7	13	3	17	3	18	17	3	3	7	19	14	14	12	5	20	8	3	9	4	2	13	7	18	2	19	20	3	
3	4	14	14	12	15	18	11	3	1	15	3	11	12	7	9	18	15	3	8	13	13	12	4	5	11	19	5	16	9	
17	10	10	8	8	10	4	19	16	1	10	6	9	1	8	6	3	10	4	9	19	3	5	13	18	9	7	9	20	2	
1	7	7	7	15	4	19	2	2	4	8	3	20	17	18	11	12	19	8	17	2	5	9	5	15	10	2	14	15	13	
20	13	19	1	1	14	9	5	1	5	17	19	7	5	1	8	3	7	1	20	18	19	5	2	20	7	18	5	1	20	
7	16	20	16	8	15	16	4	16	15	15	3	19	17	12	8	6	1	3	9	13	1	20	7	9	11	8	3	20	6	
19	18	18	5	19	13	18	5	15	8	12	6	16	9	3	19	16	15	5	9	3	3	2	9	19	17	3	13	6	4	
4	5	11	12	16	18	10	20	15	14	7	7	13	13	13	9	13	4	14	10	12	4	11	15	11	10	10	10	9	16	
2	19	14	18	10	11	1	1	8	11	13	12	4	8	11	18	9	18	9	3	15	18	1	14	10	1	19	10	18	13	
1	8	3	14	6	16	19	13	17	8	14	8	15	13	9	11	2	7	14	5	3	3	18	14	14	11	20	7	20	14	
14	2	10	16	6	16	12	12	7	16	20	9	11	2	13	14	7	16	2	5	17	8	11	1	17	18	14	10	19	19	
17	2	11	2	15	6	18	2	16	2	17	20	11	9	16	2	7	2	17	8	19	16	13	6	1	9	5	15	12	4	
12	8	2	9	1	16	14	16	20	18	3	2	10	12	12	7	5	3	9	15	20	18	5	3	10	7	10	7	20	4	
2	2	10	11	3	5	3	12	10	3	4	18	19	20	9	4	12	1	1	17	3	19	15	11	9	16	10	20	16	18	
14	1	7	17	7	10	16	4	5	7	3	7	5	2	1	19	8	8	8	17	16	16	9	16	3	13	5	5	18	8	
20	12	6	10	19	16	7	8	9	7	17	19	9	11	7	8	18	1	20	17	2	16	4	1	7	20	11	2	19	3	
17	16	19	3	13	12	6	14	15	10	15	10	16	19	20	13	16	3	12	16	11	14	4	6	3	19	1	19	5	2	
5	10	5	10	19	20	11	6	16	18	15	2	16	5	9	8	8	15	17	20	5	1	17	19	12	7	5	3	19	15	
