Factories	4
Families	30
Machines	4
SetupType	2

Number of Jobs in each Family
8	5	8	5	4	2	4	10	6	10	2	1	5	6	5	3	10	3	8	4	1	7	2	5	7	7	6	2	1	6	

Jobs in each Family
0	1	2	3	4	5	6	7	
8	9	10	11	12	
13	14	15	16	17	18	19	20	
21	22	23	24	25	
26	27	28	29	
30	31	
32	33	34	35	
36	37	38	39	40	41	42	43	44	45	
46	47	48	49	50	51	
52	53	54	55	56	57	58	59	60	61	
62	63	
64	
65	66	67	68	69	
70	71	72	73	74	75	
76	77	78	79	80	
81	82	83	
84	85	86	87	88	89	90	91	92	93	
94	95	96	
97	98	99	100	101	102	103	104	
105	106	107	108	
109	
110	111	112	113	114	115	116	
117	118	
119	120	121	122	123	
124	125	126	127	128	129	130	
131	132	133	134	135	136	137	
138	139	140	141	142	143	
144	145	
146	
147	148	149	150	151	152	

Total number of jobs
153

Processing times of jobs
3	3	5	3	
8	1	5	2	
7	7	7	2	
6	7	1	10	
10	7	5	8	
10	8	8	10	
3	3	7	5	
10	5	3	2	
10	1	9	5	
3	9	5	5	
8	4	9	2	
8	5	5	3	
6	8	6	3	
10	8	5	2	
10	3	6	3	
4	8	10	3	
8	5	1	1	
6	1	2	6	
9	1	8	4	
3	7	3	7	
9	3	5	2	
8	1	6	9	
10	10	10	5	
3	8	6	4	
6	5	3	6	
6	6	5	6	
5	6	2	10	
2	10	6	7	
10	10	1	6	
5	2	3	6	
9	6	5	10	
9	7	2	2	
2	9	4	6	
5	1	2	7	
3	1	3	3	
4	5	3	8	
6	9	10	4	
9	5	6	3	
4	5	1	8	
7	2	8	2	
5	7	8	3	
8	9	6	6	
1	4	3	7	
4	8	4	9	
8	8	5	10	
2	1	8	6	
5	8	9	5	
8	8	9	9	
4	7	3	4	
5	4	1	7	
2	9	7	6	
1	10	6	10	
8	1	5	6	
6	6	9	2	
2	9	9	10	
9	1	4	2	
3	5	1	3	
4	4	10	6	
6	8	7	1	
7	2	1	7	
5	6	7	2	
10	9	1	2	
4	8	8	7	
5	8	5	6	
1	9	2	7	
6	1	9	10	
4	6	3	4	
9	6	1	10	
10	9	10	9	
8	5	6	4	
2	7	6	8	
1	9	4	5	
10	7	1	10	
10	3	8	3	
4	8	1	10	
6	4	4	1	
8	6	4	7	
4	2	6	4	
10	1	4	10	
6	1	9	5	
1	1	7	10	
7	4	5	3	
3	5	3	3	
5	3	2	10	
2	9	8	10	
3	5	7	5	
5	9	8	7	
8	9	8	6	
6	3	4	2	
4	6	2	6	
10	5	9	1	
5	2	7	3	
3	7	8	7	
7	7	7	5	
3	1	1	5	
2	5	3	7	
2	1	3	6	
7	3	2	9	
8	6	3	5	
7	10	5	6	
10	1	6	2	
7	8	2	4	
9	2	1	1	
2	7	2	9	
4	2	8	5	
2	9	6	3	
4	5	1	7	
2	1	7	9	
7	4	8	4	
2	8	5	2	
7	7	1	8	
3	4	2	10	
3	1	7	9	
6	3	2	10	
4	5	5	7	
6	1	7	7	
9	10	2	1	
6	1	6	8	
2	4	7	6	
9	4	7	4	
2	10	6	4	
1	2	9	4	
5	2	8	8	
8	4	8	9	
7	9	10	9	
4	3	6	7	
9	10	6	1	
2	7	3	7	
8	2	3	1	
2	5	5	9	
5	1	6	1	
4	6	5	6	
4	4	4	9	
2	2	4	5	
4	5	2	9	
10	5	4	6	
3	2	8	4	
10	8	8	6	
1	3	1	10	
1	7	6	4	
9	10	8	9	
3	4	2	8	
6	2	9	8	
8	9	8	9	
10	6	8	7	
8	9	2	2	
7	6	5	5	
3	3	9	2	
5	4	6	4	
7	9	2	4	
3	6	1	4	
2	4	7	8	
3	1	9	5	

Stepup times between Families, where [f][f] represents initial setup time
On machine	1
43	41	29	42	50	19	12	40	33	4	35	42	47	34	47	10	43	9	39	8	44	43	50	37	32	46	9	26	12	45	
34	50	9	27	35	17	39	13	28	29	46	24	35	2	29	34	37	21	2	2	26	30	19	28	50	46	46	35	38	25	
36	1	34	30	19	6	9	14	42	48	41	43	34	33	41	33	24	2	48	38	9	32	17	44	37	44	23	46	17	45	
9	26	38	12	21	24	35	32	5	10	34	15	48	27	6	45	32	43	50	42	2	13	15	15	33	31	37	27	24	40	
26	10	36	6	31	46	31	26	43	25	26	18	11	41	31	27	44	4	10	8	50	22	41	3	41	22	10	38	8	5	
11	36	24	48	37	46	36	4	41	21	18	47	43	25	30	4	20	27	25	45	5	12	22	40	19	2	18	42	16	5	
5	35	4	44	8	15	40	10	29	9	48	45	13	6	6	49	21	6	11	49	11	17	15	2	38	48	24	20	16	20	
1	18	33	50	7	11	46	49	45	50	27	17	32	18	47	22	33	34	1	50	34	30	25	28	34	17	28	2	43	40	
30	14	33	20	9	17	40	20	44	50	26	24	9	27	4	1	7	11	39	5	49	25	13	15	28	3	42	31	47	47	
26	50	43	44	44	39	37	7	21	23	21	28	15	23	36	31	6	24	29	27	39	26	16	40	28	50	41	37	15	22	
5	26	25	36	16	43	31	25	48	6	2	46	17	3	37	6	35	22	46	32	9	44	15	29	11	26	17	1	41	10	
48	18	38	22	40	26	48	18	24	46	45	46	47	45	11	11	49	24	19	47	34	47	34	9	28	3	16	29	24	4	
12	43	29	18	21	19	5	27	12	7	20	5	21	2	41	18	24	43	29	27	41	36	42	21	48	1	40	36	18	19	
6	14	27	20	35	28	38	39	48	8	23	11	12	11	31	43	46	28	19	8	48	36	48	26	26	47	34	5	13	37	
33	35	15	23	4	20	39	18	28	23	17	17	3	5	44	9	30	35	26	28	33	39	14	11	41	37	8	37	3	5	
5	36	16	2	9	11	49	32	11	15	24	34	26	12	13	45	10	44	21	23	43	40	6	14	13	26	30	50	40	19	
36	29	10	31	27	28	4	23	7	8	7	12	14	1	2	31	5	32	32	3	26	42	25	6	25	41	18	30	16	36	
27	44	6	50	50	9	36	18	40	30	19	27	30	45	9	42	21	17	8	27	4	5	26	10	48	20	10	23	45	7	
22	32	1	36	29	1	1	24	49	31	47	36	24	14	47	14	27	43	10	3	22	18	13	5	23	38	40	13	48	5	
13	9	47	50	14	31	38	11	50	2	37	45	47	15	29	21	46	40	33	48	12	37	4	42	47	14	17	13	6	21	
25	46	8	9	30	2	48	24	15	18	35	36	22	12	35	28	8	44	40	15	7	45	15	41	21	42	43	46	23	19	
39	46	20	32	13	19	32	40	37	29	11	44	43	26	2	31	45	5	27	10	47	17	42	36	45	3	11	28	41	33	
22	37	43	45	22	11	8	15	26	10	9	11	20	35	11	22	32	10	23	14	12	6	31	28	21	49	37	16	19	50	
6	28	28	5	7	11	23	9	41	16	22	40	12	40	7	29	5	45	8	19	30	25	24	29	6	29	31	24	46	10	
17	7	40	18	49	26	19	10	25	12	24	22	3	33	7	38	47	48	27	50	17	10	15	9	5	40	50	43	3	15	
10	17	50	40	10	16	50	43	47	24	39	36	5	22	46	8	22	32	22	6	25	35	4	6	19	13	49	9	9	10	
8	15	30	6	20	36	30	14	23	18	11	22	29	43	10	44	14	6	32	50	3	27	15	44	50	31	3	32	26	18	
11	24	7	1	24	33	18	23	49	28	43	34	44	28	2	19	33	30	18	33	49	21	2	33	10	29	48	20	7	45	
13	12	31	47	20	26	26	5	27	32	47	26	18	39	46	50	21	48	33	29	1	24	12	19	8	5	24	24	50	30	
41	43	42	14	27	30	36	36	50	34	5	14	19	30	24	10	32	2	41	41	34	43	4	21	27	44	31	20	35	19	
On machine	2
41	38	10	29	8	6	6	41	42	41	44	2	49	19	43	48	10	32	33	31	9	5	10	10	36	16	3	23	20	33	
3	42	21	42	36	12	9	1	11	20	25	12	22	10	47	24	47	6	23	37	29	6	42	39	49	3	18	27	40	34	
2	8	38	3	44	40	24	37	18	22	11	28	2	14	14	28	10	1	5	19	43	18	15	33	17	41	7	16	26	49	
11	7	42	25	32	20	19	38	27	36	46	37	43	6	26	24	31	31	28	17	27	4	44	48	38	2	3	49	4	47	
9	24	36	41	15	41	27	11	17	22	48	11	50	9	11	24	44	44	15	31	40	49	19	49	39	7	23	27	22	50	
10	29	10	18	48	26	49	19	11	47	13	38	20	47	7	11	1	48	7	44	27	38	31	5	5	10	36	26	43	19	
39	23	9	15	8	16	15	18	15	26	8	19	26	12	45	5	50	47	49	1	28	34	26	39	28	1	38	46	26	40	
44	47	11	10	36	47	12	39	3	10	43	48	7	25	44	28	38	30	26	48	2	23	39	36	35	18	10	2	40	5	
48	35	31	49	33	48	5	31	31	9	26	14	50	6	8	9	49	20	31	48	49	37	12	44	49	18	43	50	2	29	
15	35	27	8	44	33	10	16	34	16	4	9	18	15	14	27	15	8	30	29	3	29	26	18	41	26	7	10	22	43	
31	21	45	23	32	46	3	41	35	42	19	18	25	12	22	31	34	5	14	26	49	26	34	11	5	7	37	20	34	32	
43	11	21	5	34	41	19	33	12	3	43	45	24	21	43	6	33	18	19	24	37	3	9	12	21	48	26	47	30	47	
45	22	25	1	31	7	14	47	3	35	9	36	44	8	9	31	36	43	15	37	31	17	16	33	39	27	39	18	32	41	
46	31	28	25	6	1	12	47	17	38	42	43	44	43	19	41	38	7	4	14	41	14	11	23	19	45	5	11	48	33	
30	24	16	32	8	2	1	33	25	8	7	28	29	24	19	14	8	49	18	11	16	26	23	48	37	16	7	6	13	15	
41	42	26	4	46	32	21	36	10	3	1	47	49	2	38	11	48	41	43	15	11	23	7	12	17	25	14	26	28	4	
34	34	40	16	22	23	13	26	28	25	17	40	49	2	37	16	44	26	34	35	9	49	38	11	45	35	13	33	50	29	
25	45	4	38	19	9	11	29	40	37	45	45	36	27	48	24	32	8	34	9	21	48	23	10	9	49	10	15	35	29	
32	31	12	3	22	30	19	13	25	34	33	38	11	1	29	30	19	20	31	9	31	8	40	12	33	30	13	8	3	22	
1	43	17	47	46	9	5	7	8	25	3	44	16	2	41	24	11	21	12	33	38	31	20	15	20	18	33	22	36	17	
20	19	36	21	4	24	4	28	35	23	42	7	8	47	41	44	40	6	24	42	40	25	15	7	41	18	21	22	8	9	
33	39	40	13	38	28	34	46	42	46	30	33	21	31	27	1	46	29	21	22	47	50	1	10	35	27	39	3	5	3	
32	45	6	8	8	23	10	6	37	35	33	17	50	32	47	30	7	34	16	40	2	19	39	28	27	29	3	13	39	42	
47	27	36	7	24	44	37	29	21	41	50	19	35	17	9	12	21	50	47	47	18	16	28	10	40	42	11	47	9	40	
16	11	38	26	11	21	5	20	16	39	17	46	1	19	34	8	32	26	25	31	42	37	36	17	15	47	10	46	16	11	
22	40	43	43	2	37	32	8	14	30	42	41	50	31	9	5	35	19	2	7	6	40	8	47	37	3	23	18	35	28	
16	13	12	45	43	33	44	20	24	31	49	18	16	49	49	15	18	41	22	3	7	27	30	9	18	29	17	37	49	18	
25	49	24	35	49	40	19	38	4	33	46	16	26	35	1	23	27	50	11	50	15	48	8	26	8	25	5	16	8	39	
34	36	13	39	26	12	31	17	10	26	34	39	49	34	7	49	33	16	12	8	45	1	44	42	9	37	36	12	4	32	
38	11	5	41	38	12	35	31	28	14	17	43	6	6	8	16	4	49	49	47	17	48	20	26	47	30	22	19	40	28	
On machine	3
14	35	3	44	37	13	50	37	35	33	20	12	46	14	18	4	9	6	12	45	19	7	32	16	21	33	1	28	29	29	
49	22	36	39	46	14	38	43	20	20	35	47	6	9	40	8	24	4	37	11	40	29	49	34	3	27	46	43	6	48	
39	14	1	8	31	37	43	37	10	34	28	36	36	47	46	6	22	6	41	31	26	12	14	18	19	48	34	33	16	6	
39	31	18	36	39	6	34	3	19	42	31	50	24	47	10	41	7	11	19	32	31	19	30	3	43	14	49	8	17	20	
23	28	48	13	7	3	3	37	36	19	17	50	30	1	6	17	3	42	48	10	16	25	43	28	10	8	33	37	20	39	
24	33	20	17	42	5	34	48	32	44	35	16	23	3	1	22	21	47	6	13	29	50	38	32	24	14	37	28	22	10	
32	42	43	14	48	22	31	3	36	34	46	39	22	49	45	7	42	14	47	43	31	40	10	45	36	47	20	13	3	42	
16	12	12	12	28	43	22	20	7	39	44	17	49	4	26	18	19	26	39	3	31	26	29	8	47	12	47	39	7	34	
7	39	3	7	27	23	32	23	49	33	44	48	25	50	25	41	36	4	49	24	23	44	31	26	11	44	18	21	7	10	
13	4	25	40	17	27	1	27	21	40	43	13	17	4	22	30	28	18	11	16	4	4	10	18	8	39	12	6	8	46	
31	36	32	23	7	39	11	44	16	41	31	18	25	22	30	45	18	15	25	12	21	36	35	3	31	40	36	48	5	10	
24	14	35	8	3	39	38	46	35	30	27	36	10	32	39	15	4	2	4	42	28	50	25	48	42	29	18	46	23	23	
23	3	22	19	39	8	50	41	17	30	38	28	15	34	8	48	38	46	10	4	12	23	22	46	23	9	40	12	30	4	
7	22	37	43	1	13	50	48	13	37	45	38	5	1	48	50	37	29	32	41	16	38	47	21	3	34	38	40	45	31	
48	43	46	18	46	30	33	47	37	18	29	37	37	30	46	15	38	25	29	47	20	29	8	6	35	21	16	50	4	22	
37	4	29	22	25	10	2	12	50	29	24	37	4	2	25	43	43	4	36	33	11	40	11	27	36	16	18	23	9	17	
22	14	10	35	2	22	32	12	50	14	2	49	44	18	40	33	33	10	24	10	34	36	27	1	3	33	32	46	35	2	
6	12	7	6	12	31	4	43	16	44	41	6	40	18	33	17	3	19	30	23	17	38	47	15	4	24	15	22	11	42	
41	17	1	49	12	10	2	2	16	42	31	28	18	21	26	4	24	5	14	29	6	5	33	3	16	41	2	8	29	14	
38	3	42	30	5	26	46	41	22	11	20	5	44	38	48	48	7	6	19	29	37	8	22	38	12	1	4	47	44	7	
32	10	41	17	20	39	38	29	11	20	31	10	25	47	35	3	36	12	29	48	47	47	38	35	3	35	48	18	50	28	
20	23	50	17	17	40	32	32	25	13	16	45	38	15	16	41	5	38	15	25	21	36	41	14	50	23	40	15	44	40	
16	40	37	49	34	9	42	14	8	27	7	6	7	31	13	17	32	11	14	9	38	33	41	47	11	42	15	11	6	50	
10	10	19	17	47	29	27	33	42	2	19	21	34	16	25	49	48	42	6	2	9	6	18	24	1	47	40	12	17	17	
27	17	32	20	19	8	7	9	28	18	43	20	44	19	30	28	36	1	27	2	39	28	2	35	43	14	24	2	50	41	
30	19	50	39	48	2	34	34	17	8	42	2	3	2	34	40	27	23	24	34	6	44	48	42	36	7	36	17	33	49	
24	15	16	43	35	2	9	5	5	49	30	46	17	22	12	39	16	49	31	27	1	5	2	40	32	9	21	19	34	2	
36	27	32	27	50	20	15	36	1	34	12	50	12	13	8	3	43	2	21	38	21	28	20	48	50	26	20	9	14	37	
26	42	38	32	3	14	23	4	44	17	24	11	29	28	31	4	7	37	30	23	10	7	14	19	23	46	2	27	14	47	
42	33	29	44	41	42	6	46	9	11	19	46	47	44	36	3	49	29	37	25	14	48	45	6	10	34	8	24	21	39	
On machine	4
35	8	42	45	49	36	1	39	50	17	49	2	25	5	32	17	50	24	16	39	6	31	14	12	15	28	4	5	36	34	
7	39	2	2	35	17	31	19	16	45	38	18	29	34	25	2	27	42	17	34	27	22	29	28	28	3	16	10	44	2	
3	26	38	33	2	4	11	26	29	21	24	45	27	48	37	41	20	8	30	5	22	19	11	14	49	21	26	27	2	33	
40	14	30	41	46	37	16	33	5	39	38	5	5	2	14	40	9	19	36	40	35	30	23	30	30	10	30	38	39	30	
14	25	36	20	48	2	41	28	48	1	19	42	10	36	43	42	23	17	47	23	20	24	37	23	19	26	9	20	11	24	
16	21	41	42	10	15	40	42	34	14	25	17	21	41	4	32	36	13	33	13	1	9	47	30	45	16	17	13	40	27	
4	48	5	5	5	15	35	46	3	35	33	42	49	15	27	25	3	2	46	3	31	44	5	3	48	45	3	37	14	25	
31	33	12	24	1	32	4	41	37	36	37	7	31	30	29	12	37	10	46	14	4	13	44	1	42	1	10	26	34	7	
15	7	24	42	13	46	50	10	29	42	21	6	49	40	21	28	1	33	49	6	50	21	2	4	25	23	40	50	12	16	
12	9	48	48	5	45	42	21	44	47	12	19	44	29	24	12	21	11	2	14	41	18	17	32	36	18	49	6	15	19	
7	46	43	23	14	35	30	38	40	12	29	22	4	17	8	36	31	31	7	39	31	38	11	48	10	1	30	37	49	11	
27	32	36	14	15	39	7	26	22	1	22	32	29	2	36	29	3	9	2	47	47	4	41	31	19	3	16	13	44	11	
31	43	6	29	36	8	16	22	46	16	45	33	13	36	18	39	7	37	27	14	25	24	31	41	15	16	28	13	10	45	
16	25	10	50	26	38	29	33	30	40	19	22	36	24	9	42	2	21	46	23	20	40	28	34	42	34	19	24	10	38	
27	37	20	6	22	27	49	6	30	50	28	29	9	26	48	30	31	44	6	40	18	44	45	13	27	16	31	21	32	1	
43	47	8	24	13	31	33	13	32	2	46	2	24	10	21	35	11	26	23	17	48	5	14	5	17	7	1	15	16	11	
36	36	17	28	36	18	13	41	42	26	31	14	40	23	21	47	19	35	7	10	6	28	49	36	34	37	38	5	50	40	
30	48	25	12	20	17	32	44	24	41	28	9	35	46	13	45	32	32	4	8	35	13	22	7	30	45	29	14	19	22	
13	45	35	29	44	9	42	9	27	19	14	14	39	20	2	12	12	14	21	32	38	15	38	25	20	47	41	5	48	25	
6	32	20	11	47	40	4	18	21	17	9	41	1	33	35	46	49	6	4	28	2	35	22	44	14	48	9	15	32	42	
26	34	29	22	47	14	28	49	31	38	26	23	19	35	17	23	29	28	32	45	31	23	3	42	16	41	24	43	37	9	
35	13	42	38	48	35	1	10	22	49	31	1	25	29	12	22	30	30	47	12	33	50	42	9	20	1	35	2	28	22	
41	22	50	50	11	38	21	18	39	47	24	32	13	32	20	7	13	14	36	4	48	15	5	43	27	6	28	34	2	16	
16	48	35	7	6	3	28	4	27	37	21	20	26	43	48	31	43	49	3	21	32	27	38	1	46	16	36	32	3	10	
30	34	30	43	6	12	1	25	38	45	36	27	45	33	19	2	12	49	10	16	41	17	30	38	45	13	5	48	36	46	
21	29	8	15	28	9	30	15	29	22	34	17	5	46	22	20	30	43	18	9	21	23	42	14	9	46	2	38	15	23	
8	25	36	45	47	33	48	39	26	3	34	3	28	41	43	32	34	28	29	21	27	35	20	4	41	8	12	27	36	6	
4	23	22	16	6	33	34	40	44	9	1	27	42	48	41	42	18	18	2	28	40	48	50	4	21	49	19	5	47	29	
47	12	34	7	18	15	35	20	29	49	4	19	22	30	47	5	2	14	50	16	25	22	15	18	46	30	19	46	46	17	
40	4	39	9	1	31	49	30	27	37	29	17	15	16	30	19	21	11	12	40	25	44	22	7	10	46	7	34	22	6	
