Factories	4
Families	40
Machines	2
SetupType	2

Number of Jobs in each Family
9	8	10	6	7	6	10	7	1	6	10	10	2	7	2	9	7	4	1	6	3	10	10	5	1	8	6	6	4	2	9	8	8	4	4	10	6	1	6	2	

Jobs in each Family
0	1	2	3	4	5	6	7	8	
9	10	11	12	13	14	15	16	
17	18	19	20	21	22	23	24	25	26	
27	28	29	30	31	32	
33	34	35	36	37	38	39	
40	41	42	43	44	45	
46	47	48	49	50	51	52	53	54	55	
56	57	58	59	60	61	62	
63	
64	65	66	67	68	69	
70	71	72	73	74	75	76	77	78	79	
80	81	82	83	84	85	86	87	88	89	
90	91	
92	93	94	95	96	97	98	
99	100	
101	102	103	104	105	106	107	108	109	
110	111	112	113	114	115	116	
117	118	119	120	
121	
122	123	124	125	126	127	
128	129	130	
131	132	133	134	135	136	137	138	139	140	
141	142	143	144	145	146	147	148	149	150	
151	152	153	154	155	
156	
157	158	159	160	161	162	163	164	
165	166	167	168	169	170	
171	172	173	174	175	176	
177	178	179	180	
181	182	
183	184	185	186	187	188	189	190	191	
192	193	194	195	196	197	198	199	
200	201	202	203	204	205	206	207	
208	209	210	211	
212	213	214	215	
216	217	218	219	220	221	222	223	224	225	
226	227	228	229	230	231	
232	
233	234	235	236	237	238	
239	240	

Total number of jobs
241

Processing times of jobs
3	4	
10	5	
10	1	
8	9	
1	1	
9	4	
9	10	
2	8	
5	4	
1	6	
3	9	
5	7	
4	6	
6	10	
1	9	
4	3	
2	8	
5	2	
10	1	
6	8	
6	1	
6	6	
4	1	
4	10	
5	3	
10	8	
1	9	
2	9	
4	9	
6	6	
8	1	
9	2	
10	10	
1	1	
5	9	
4	8	
3	3	
10	2	
3	10	
10	9	
4	1	
1	7	
7	8	
6	8	
10	9	
8	2	
7	7	
3	1	
2	9	
1	9	
4	5	
9	8	
7	1	
2	8	
9	3	
1	5	
1	1	
10	5	
8	8	
6	2	
5	4	
1	7	
9	7	
9	6	
10	10	
2	3	
6	10	
10	1	
5	3	
9	7	
3	4	
3	10	
4	10	
7	6	
5	9	
2	1	
1	3	
1	3	
6	10	
1	7	
7	9	
8	1	
7	3	
3	7	
8	1	
9	8	
6	2	
4	5	
6	1	
2	9	
3	2	
1	4	
9	3	
3	2	
5	5	
1	9	
2	7	
10	3	
4	2	
4	8	
4	3	
1	1	
1	8	
8	2	
3	6	
8	3	
1	8	
7	8	
3	8	
8	9	
3	8	
1	5	
8	2	
8	9	
5	6	
9	6	
7	1	
6	10	
6	9	
7	3	
2	4	
5	10	
2	3	
3	6	
6	9	
1	4	
3	10	
5	3	
2	7	
5	4	
2	10	
10	2	
8	7	
7	7	
6	9	
4	7	
9	8	
2	4	
1	1	
5	3	
3	9	
5	2	
6	3	
6	5	
4	1	
1	1	
2	6	
8	8	
1	5	
5	7	
3	1	
7	10	
1	6	
6	10	
3	10	
8	2	
8	10	
10	4	
5	6	
4	6	
9	4	
7	10	
6	6	
5	8	
9	1	
10	9	
3	4	
1	1	
9	1	
3	6	
10	5	
10	2	
6	2	
1	7	
3	6	
6	2	
3	1	
4	9	
7	9	
3	3	
7	9	
3	3	
1	8	
2	9	
9	7	
5	10	
3	2	
4	6	
5	8	
4	5	
8	9	
8	9	
4	5	
3	8	
6	10	
7	8	
8	9	
10	7	
10	8	
1	3	
2	9	
2	6	
3	5	
8	1	
10	8	
4	8	
9	4	
7	5	
3	10	
3	10	
3	6	
9	7	
1	3	
5	3	
5	6	
10	7	
10	7	
6	3	
9	7	
8	3	
3	10	
1	8	
7	4	
3	1	
7	5	
6	7	
6	6	
2	2	
1	8	
4	8	
9	9	
5	3	
4	10	
6	2	
10	1	
4	10	
7	2	
4	3	
7	6	
8	8	
7	5	

Stepup times between Families, where [f][f] represents initial setup time
On machine	1
35	17	37	22	3	8	3	43	35	16	46	28	7	23	24	5	2	15	25	19	18	15	35	47	16	43	14	14	45	2	26	38	2	33	19	50	26	13	11	14	
8	33	23	9	17	23	15	44	8	44	49	19	41	10	18	50	1	50	17	46	8	41	42	15	45	9	43	17	10	27	8	41	7	2	33	28	31	3	50	48	
48	11	12	40	39	47	3	37	8	23	39	7	50	11	5	38	14	4	40	16	37	18	15	6	50	15	23	48	6	25	42	32	46	49	35	16	45	11	4	20	
9	47	13	14	11	29	27	26	11	32	19	18	36	7	25	50	18	33	32	1	32	40	48	9	42	32	13	37	19	12	26	23	28	30	32	5	32	47	21	16	
14	37	42	21	33	17	7	43	41	26	5	39	35	5	43	35	24	50	11	27	40	5	35	28	20	28	10	5	37	21	48	50	21	22	49	3	40	28	38	15	
18	8	43	48	37	26	50	12	32	48	8	33	34	6	19	49	39	6	4	7	46	28	1	9	10	9	35	2	15	20	49	47	42	2	39	23	24	31	43	35	
18	39	49	20	9	45	35	26	41	26	45	27	15	11	39	17	29	3	20	2	2	27	30	6	9	18	46	5	18	33	5	11	19	9	43	22	5	41	24	11	
40	42	34	44	46	38	22	31	35	18	13	31	5	50	30	10	45	49	20	12	23	16	45	44	35	10	37	43	49	34	9	34	42	23	36	1	10	9	36	34	
6	48	15	12	32	1	19	2	43	43	10	24	21	18	26	31	35	17	34	29	43	32	7	5	12	11	50	32	21	31	42	20	50	10	33	14	38	34	43	22	
44	50	21	35	49	26	23	13	50	38	30	1	42	28	26	24	32	50	3	2	32	10	10	30	23	26	2	30	25	50	3	39	22	43	32	28	37	2	29	42	
46	5	28	29	1	40	46	23	17	21	47	35	41	42	43	45	15	33	41	20	49	13	30	44	32	28	32	17	36	8	17	35	5	34	19	41	36	32	8	13	
47	24	19	4	47	41	10	29	32	27	47	35	26	8	20	29	14	31	12	14	25	9	47	35	22	42	4	46	3	43	22	31	37	28	20	2	14	6	16	39	
28	34	10	21	8	26	31	47	20	33	9	4	2	9	2	28	9	4	40	31	32	46	25	26	29	43	35	11	2	10	24	8	38	21	23	5	11	26	14	27	
4	34	49	3	11	11	41	47	25	28	26	42	7	21	30	40	3	9	13	32	8	25	5	2	50	42	3	6	19	18	25	42	18	4	47	40	15	11	31	37	
16	10	17	38	27	12	50	11	34	39	5	15	8	45	20	12	46	17	9	38	26	18	7	44	12	14	9	50	38	33	29	18	23	16	25	23	37	21	14	42	
14	1	22	5	13	18	39	22	10	4	10	28	17	12	32	49	3	25	33	35	39	12	46	42	4	45	37	46	3	32	20	26	50	29	32	7	29	9	19	49	
24	16	9	30	16	36	30	16	21	49	24	6	30	14	23	4	15	37	32	16	34	3	7	3	32	12	10	4	17	4	43	32	36	34	41	43	4	34	33	30	
15	50	11	2	30	27	37	25	14	34	41	23	8	44	22	6	49	43	36	42	13	43	20	11	10	26	8	44	40	14	17	23	50	16	43	40	13	24	23	10	
36	11	9	30	3	15	2	16	39	34	35	43	25	50	13	1	26	12	41	5	34	40	15	24	36	1	1	32	35	35	43	17	37	1	33	18	25	34	9	39	
38	49	3	11	21	23	11	10	27	50	22	43	28	32	18	2	35	27	33	20	48	40	28	8	34	38	20	23	2	1	31	10	16	40	11	6	41	11	25	47	
23	17	32	35	11	43	39	5	39	10	48	5	23	4	21	49	14	8	1	48	36	41	40	44	23	11	4	36	18	13	42	7	25	44	5	39	22	44	50	14	
42	29	43	34	42	30	1	4	41	2	13	38	38	41	20	31	44	3	34	4	22	2	39	36	24	31	47	22	35	30	14	50	19	33	24	32	26	28	9	33	
3	48	18	15	40	17	30	8	27	11	10	9	32	4	34	9	10	48	38	46	3	13	48	45	44	29	21	1	6	4	8	22	10	40	35	32	49	31	1	24	
3	49	14	24	2	45	18	41	7	17	39	36	12	27	13	13	3	39	3	5	46	7	33	1	28	28	7	1	18	2	5	3	36	33	5	35	29	41	40	26	
2	15	42	27	30	41	10	43	37	8	17	22	13	35	46	32	3	49	33	15	47	34	37	15	25	17	13	26	7	7	21	9	34	38	3	49	25	27	13	4	
16	32	27	4	34	22	14	35	15	8	22	9	36	17	49	13	28	24	43	22	2	32	26	21	39	2	34	45	47	11	37	9	28	27	29	33	24	10	29	24	
7	15	21	13	18	45	5	4	23	31	10	44	9	40	43	26	34	24	50	50	28	4	22	15	21	46	20	5	8	22	9	45	39	32	19	20	8	47	21	11	
5	34	13	9	34	23	47	16	7	12	47	12	33	5	29	8	48	47	40	22	14	37	41	37	37	41	12	1	20	8	4	33	14	49	15	44	8	13	42	44	
4	39	23	41	42	34	32	2	9	4	22	2	35	20	24	33	7	25	3	36	1	30	4	16	23	44	50	21	3	41	3	25	27	1	34	25	16	25	38	22	
34	47	1	40	43	4	12	10	7	26	37	3	45	37	10	48	42	10	41	6	46	44	14	32	4	46	47	12	34	24	34	23	24	39	40	41	14	46	17	42	
11	30	47	39	46	39	38	14	40	39	6	28	7	12	32	22	19	9	30	30	22	37	12	35	39	19	26	6	20	3	40	31	37	36	26	13	48	13	5	11	
7	7	33	12	10	3	36	41	14	26	46	17	42	49	36	3	27	41	17	31	15	18	9	40	24	39	5	50	41	42	26	43	45	31	35	24	7	47	17	17	
38	38	1	7	48	39	17	12	30	11	14	6	35	4	7	8	42	25	25	39	19	12	34	33	22	28	3	11	22	42	2	21	31	41	18	10	34	33	17	48	
10	27	41	16	2	31	25	21	22	28	33	32	36	27	24	8	8	20	27	29	36	39	13	4	21	47	16	36	37	17	7	4	42	16	31	10	16	33	44	44	
37	9	50	7	50	31	27	10	36	31	11	1	3	45	41	42	30	5	2	15	13	20	48	35	49	50	6	42	46	33	3	18	47	8	4	5	30	17	18	10	
37	40	14	20	4	16	20	8	36	37	43	11	49	20	45	43	9	31	27	19	40	43	49	13	22	39	30	9	14	17	13	4	11	41	19	46	41	48	10	37	
43	16	26	33	49	17	7	5	41	48	33	36	46	7	1	10	40	36	5	33	4	31	15	21	21	38	2	34	27	4	8	7	7	34	16	32	14	46	33	28	
35	30	2	37	12	8	37	20	49	34	12	36	34	30	20	44	47	33	24	13	26	4	5	43	15	3	49	5	46	49	16	30	43	7	33	25	36	32	8	29	
42	22	26	37	6	6	50	43	17	47	9	12	17	32	47	28	2	22	36	26	43	32	21	7	37	11	2	49	44	18	22	38	15	26	28	32	50	18	46	9	
7	9	19	33	44	29	20	10	40	13	48	49	22	8	4	2	33	29	26	3	34	8	31	5	44	10	5	48	18	46	11	31	45	49	24	44	36	7	3	29	
On machine	2
10	28	40	23	29	25	44	16	17	17	29	26	29	12	38	21	21	36	23	4	5	42	3	41	40	49	1	4	35	46	16	40	32	43	31	39	13	34	10	29	
38	1	6	49	6	47	26	35	4	7	33	50	7	7	20	21	14	11	32	4	16	25	48	38	34	3	42	19	1	25	15	36	44	27	30	34	23	47	47	43	
17	45	46	12	20	31	3	7	8	7	12	8	19	19	17	34	18	39	8	12	39	38	44	4	16	10	12	6	21	49	15	34	14	24	29	11	4	7	16	34	
11	46	21	47	1	30	49	15	12	37	31	45	36	34	22	16	19	1	23	45	20	29	15	27	1	23	41	14	19	49	10	48	43	23	32	44	19	36	39	11	
29	49	6	22	19	9	14	48	13	24	36	34	12	45	23	48	14	3	33	16	7	3	34	23	26	38	10	49	24	15	26	34	13	1	37	46	13	16	12	40	
28	37	38	44	13	12	24	9	24	2	8	4	42	40	19	11	26	7	40	25	21	48	22	39	41	20	1	26	39	7	45	22	38	32	19	45	30	48	6	44	
15	38	33	46	48	48	12	25	47	1	35	31	46	23	47	25	42	1	14	2	7	6	3	22	5	42	26	34	45	39	37	31	36	34	27	4	13	1	10	41	
38	45	46	35	50	42	28	2	36	30	35	9	20	22	29	14	36	18	34	17	43	25	37	48	38	36	2	3	44	44	22	11	32	2	16	18	49	14	15	45	
35	9	47	10	32	3	11	47	37	48	20	49	41	31	20	31	35	38	27	42	41	10	30	33	9	34	13	38	40	19	17	19	41	46	4	27	47	15	43	18	
29	4	39	27	35	38	21	10	43	8	13	19	7	32	3	34	2	39	26	16	9	50	33	22	30	14	3	48	15	41	5	14	38	14	34	43	25	44	37	47	
23	47	41	27	13	48	21	17	39	41	35	15	17	47	34	9	37	45	46	2	22	25	42	23	49	8	8	2	39	19	34	11	21	28	2	15	24	30	40	47	
14	12	48	47	27	42	35	15	13	19	48	14	50	21	18	21	32	35	35	19	23	19	37	19	48	11	29	49	5	42	17	36	23	12	8	33	17	28	5	4	
32	7	41	37	49	44	37	3	37	16	32	36	5	17	46	32	30	8	43	22	6	44	39	38	24	3	4	3	46	15	7	50	41	31	36	19	15	8	15	36	
35	23	21	12	13	10	1	4	10	1	8	19	24	21	12	36	10	2	28	4	26	48	9	24	8	32	32	38	30	30	19	35	38	16	2	26	4	44	33	18	
12	23	9	24	2	43	4	43	37	44	46	7	16	29	2	23	31	38	35	46	5	2	14	40	31	6	10	24	36	41	45	4	8	48	40	11	40	34	36	48	
30	1	37	47	4	10	21	38	10	47	26	42	2	44	47	23	11	27	26	46	17	1	49	35	40	48	37	21	13	50	6	33	44	33	29	50	13	46	5	8	
40	44	27	38	15	19	31	18	6	29	34	9	1	17	16	28	45	4	39	1	15	22	17	30	15	1	15	40	34	31	37	47	33	1	1	4	34	7	30	13	
32	35	10	8	28	35	2	47	41	43	49	48	36	34	16	11	31	3	22	37	20	9	36	15	2	23	32	8	3	10	34	32	13	19	39	2	34	47	11	31	
15	19	37	33	21	2	36	46	28	25	23	17	24	13	15	1	39	6	15	45	13	47	8	43	11	10	13	42	5	42	48	16	38	34	1	22	4	49	4	47	
40	36	29	8	16	29	45	20	39	12	1	39	33	25	40	36	18	6	27	6	27	35	30	17	40	13	12	11	12	50	37	41	17	46	7	25	45	43	20	2	
42	8	47	38	39	4	41	19	42	39	8	38	1	20	10	25	39	14	48	9	31	33	10	13	43	31	34	37	47	48	21	2	22	16	2	6	50	30	48	43	
8	32	31	23	7	37	3	10	15	19	12	49	48	30	3	10	47	40	12	15	35	22	8	37	1	23	21	2	18	3	38	3	4	41	35	10	29	2	11	21	
36	26	13	27	33	40	37	44	29	5	28	47	25	28	13	35	21	7	1	9	13	27	10	38	34	10	15	39	15	45	12	15	10	38	34	2	20	37	9	16	
15	45	15	15	48	36	41	21	15	12	14	10	1	37	39	16	36	2	4	17	27	2	41	32	19	44	18	43	25	9	6	10	37	20	44	28	1	30	41	14	
23	23	35	43	34	28	40	2	14	35	46	7	9	29	6	4	40	20	10	14	32	33	37	3	3	38	46	9	42	1	49	8	10	8	35	48	42	30	5	18	
2	43	38	21	9	50	6	42	31	12	33	42	22	25	37	16	23	12	4	5	50	11	42	29	14	5	5	20	41	5	9	50	18	1	22	30	18	29	16	2	
20	18	35	28	26	15	49	17	23	24	47	45	17	39	22	14	50	40	28	22	44	22	25	32	10	16	27	32	46	30	47	48	47	23	49	22	6	26	20	49	
28	44	10	17	4	35	16	44	18	22	43	4	11	21	30	3	29	36	43	42	48	2	22	44	18	49	39	50	43	12	41	2	8	11	17	21	15	17	24	44	
31	36	17	19	24	24	27	17	21	7	14	45	18	36	37	11	23	2	21	1	11	17	8	45	38	32	17	2	25	10	1	33	19	14	20	26	7	10	5	38	
33	35	8	29	43	4	25	3	50	29	4	24	38	2	26	5	5	5	32	19	23	38	46	45	45	12	15	29	20	43	33	45	28	6	20	5	29	18	30	49	
36	9	21	14	16	34	40	24	27	44	26	36	46	15	30	6	5	2	2	13	5	23	35	25	50	10	34	30	29	25	3	4	49	44	44	26	37	15	17	37	
10	15	20	19	13	4	50	39	8	29	44	5	18	3	22	26	41	27	22	38	29	7	18	7	8	20	37	28	22	33	18	41	37	26	9	25	10	25	8	7	
30	24	25	45	34	42	34	11	46	22	34	44	14	4	40	18	48	28	37	46	11	30	8	26	7	32	45	40	6	16	47	24	30	37	18	18	38	31	33	50	
5	44	9	5	50	1	24	15	17	10	42	41	43	33	14	15	20	28	19	42	17	18	36	29	15	20	6	37	36	1	4	14	41	32	10	9	40	30	16	34	
47	32	17	12	3	26	32	3	25	10	49	43	41	42	48	5	24	31	11	24	31	17	26	10	10	8	6	35	12	15	21	5	50	8	23	39	27	7	17	50	
34	48	8	28	25	20	31	14	30	11	30	49	9	16	47	14	35	18	26	43	34	9	47	40	44	7	45	47	19	31	32	26	11	10	12	46	38	20	45	15	
3	42	15	9	2	3	41	27	20	23	38	20	16	46	31	8	20	2	38	39	25	6	30	48	50	37	30	6	21	28	16	6	12	4	13	29	28	21	43	30	
49	24	16	49	4	31	47	26	40	3	35	45	31	25	22	9	47	20	45	12	19	34	50	22	11	32	42	30	19	48	7	30	8	42	43	22	27	8	28	37	
32	4	7	8	33	20	41	50	10	41	6	48	44	31	24	16	48	34	9	25	40	16	28	45	50	14	27	29	10	21	47	31	36	23	18	31	13	5	46	15	
13	48	26	7	40	18	24	10	27	15	17	40	35	43	44	39	5	17	15	19	13	17	35	40	44	7	21	12	18	19	4	39	1	45	39	28	30	43	41	19	
