Factories	4
Families	40
Machines	4
SetupType	2

Number of Jobs in each Family
8	3	8	9	2	1	9	10	10	3	2	4	7	2	3	2	8	8	5	9	8	6	9	9	9	1	1	3	8	1	5	7	1	10	6	5	5	3	6	1	

Jobs in each Family
0	1	2	3	4	5	6	7	
8	9	10	
11	12	13	14	15	16	17	18	
19	20	21	22	23	24	25	26	27	
28	29	
30	
31	32	33	34	35	36	37	38	39	
40	41	42	43	44	45	46	47	48	49	
50	51	52	53	54	55	56	57	58	59	
60	61	62	
63	64	
65	66	67	68	
69	70	71	72	73	74	75	
76	77	
78	79	80	
81	82	
83	84	85	86	87	88	89	90	
91	92	93	94	95	96	97	98	
99	100	101	102	103	
104	105	106	107	108	109	110	111	112	
113	114	115	116	117	118	119	120	
121	122	123	124	125	126	
127	128	129	130	131	132	133	134	135	
136	137	138	139	140	141	142	143	144	
145	146	147	148	149	150	151	152	153	
154	
155	
156	157	158	
159	160	161	162	163	164	165	166	
167	
168	169	170	171	172	
173	174	175	176	177	178	179	
180	
181	182	183	184	185	186	187	188	189	190	
191	192	193	194	195	196	
197	198	199	200	201	
202	203	204	205	206	
207	208	209	
210	211	212	213	214	215	
216	

Total number of jobs
217

Processing times of jobs
6	1	7	1	
5	1	3	3	
2	5	8	3	
10	5	5	2	
3	9	8	9	
3	8	7	4	
5	10	9	3	
8	10	2	8	
1	10	6	3	
8	6	5	7	
7	3	6	8	
6	4	6	4	
5	7	5	8	
3	8	2	3	
8	8	8	8	
1	10	6	8	
4	5	10	7	
7	8	8	4	
1	4	8	3	
8	2	2	1	
5	9	5	6	
4	9	3	4	
9	5	1	10	
6	5	7	1	
9	5	10	8	
7	1	7	4	
2	10	5	1	
2	6	10	1	
8	7	8	8	
9	7	10	8	
6	1	3	10	
1	6	2	5	
8	2	5	6	
2	3	1	9	
4	9	6	7	
1	8	7	7	
2	10	9	3	
5	3	9	4	
3	10	1	1	
7	9	3	8	
9	4	2	6	
5	1	2	8	
7	4	1	9	
5	2	10	6	
9	5	4	1	
6	9	5	4	
4	6	3	4	
10	5	7	4	
10	9	1	1	
5	3	9	8	
9	6	3	9	
9	9	4	2	
2	1	6	1	
6	7	1	7	
5	5	7	7	
5	2	6	9	
1	2	5	9	
5	7	10	3	
4	9	1	1	
8	8	7	7	
9	10	10	6	
10	3	10	6	
1	8	10	3	
7	2	10	8	
10	2	10	3	
10	2	10	7	
8	3	8	2	
8	2	4	1	
1	1	8	8	
5	6	3	7	
10	4	4	7	
6	10	4	2	
4	6	3	8	
2	3	3	10	
4	1	1	2	
7	7	7	3	
2	6	1	8	
3	5	4	3	
4	7	2	1	
2	10	9	10	
1	2	6	8	
10	6	6	10	
10	9	9	1	
7	3	1	1	
7	1	9	5	
1	8	7	10	
10	3	9	1	
3	2	9	4	
3	8	3	6	
4	3	10	1	
8	7	1	9	
8	2	2	5	
2	1	5	3	
1	7	9	9	
6	7	10	6	
9	7	9	5	
10	4	2	9	
2	10	4	1	
2	10	3	1	
4	8	3	4	
5	8	3	8	
7	9	4	1	
3	7	10	1	
1	2	3	9	
8	6	8	9	
6	10	5	6	
8	2	8	9	
9	5	1	5	
6	10	4	1	
5	8	1	4	
2	7	10	6	
1	6	6	10	
1	5	9	8	
2	1	1	10	
2	8	2	5	
8	3	8	4	
7	1	3	3	
1	8	5	5	
5	8	1	4	
2	3	10	4	
7	3	3	1	
10	7	9	7	
2	2	1	7	
1	4	5	8	
9	4	9	9	
1	6	4	6	
3	4	4	2	
6	9	6	8	
4	6	10	9	
10	3	10	5	
1	8	4	4	
4	2	2	5	
3	8	1	3	
7	8	6	8	
8	2	1	5	
4	6	3	2	
1	6	3	3	
8	5	1	4	
8	3	6	1	
1	8	10	10	
1	9	1	2	
10	10	4	10	
3	4	7	7	
10	8	5	10	
10	2	5	5	
7	10	7	7	
7	1	5	9	
4	3	9	4	
8	1	6	3	
2	9	2	3	
10	4	4	8	
10	2	6	1	
4	7	3	5	
3	8	5	1	
3	9	1	8	
5	6	6	9	
2	4	10	8	
8	1	9	7	
4	3	6	1	
1	10	7	2	
10	9	8	3	
3	1	10	3	
10	1	7	6	
2	3	10	4	
3	3	3	10	
5	6	10	6	
4	9	1	9	
3	8	2	5	
10	4	8	7	
8	8	1	5	
10	7	5	2	
10	2	6	2	
3	5	8	5	
7	5	7	2	
9	2	1	1	
3	6	8	5	
4	10	9	9	
6	9	7	1	
7	2	8	7	
9	6	9	7	
6	10	4	4	
6	3	10	1	
6	9	3	7	
8	1	2	1	
1	10	10	3	
3	9	10	10	
8	2	7	1	
8	10	5	4	
9	6	6	8	
3	6	7	1	
1	2	6	7	
6	5	5	3	
3	8	5	3	
8	10	3	1	
1	7	1	9	
2	9	7	10	
6	7	5	5	
7	2	2	5	
3	1	9	1	
8	8	2	2	
9	4	7	1	
2	6	3	7	
1	3	1	2	
9	7	7	3	
6	7	5	7	
6	8	6	4	
10	7	8	3	
5	6	4	8	
7	1	3	4	
7	8	9	2	
7	9	4	10	
9	6	6	8	
10	3	4	1	
1	6	9	1	
7	8	8	9	
10	5	2	8	
10	6	2	3	

Stepup times between Families, where [f][f] represents initial setup time
On machine	1
6	36	32	36	9	22	49	2	32	40	36	37	38	30	15	28	32	4	18	48	22	47	22	31	38	14	37	3	38	37	27	21	25	40	9	11	23	30	10	11	
26	7	26	13	33	46	12	3	45	34	25	43	26	26	23	7	5	20	39	9	37	14	41	50	20	19	39	9	47	45	36	25	40	19	15	11	30	27	18	27	
22	9	26	1	20	43	26	15	10	20	45	13	37	36	22	40	11	43	28	48	31	5	37	11	14	16	1	29	44	16	26	12	23	20	46	29	14	5	32	50	
39	34	24	35	20	31	7	32	34	12	25	38	49	19	31	12	44	42	3	24	4	27	5	12	24	17	42	8	3	22	40	5	8	2	19	8	33	13	26	11	
23	49	38	31	29	16	37	18	37	49	21	2	28	42	14	46	17	12	20	33	45	25	32	13	16	47	29	39	38	18	17	10	43	31	31	31	46	10	40	43	
20	38	38	28	27	32	17	41	29	45	18	40	17	30	17	8	50	15	9	17	50	17	23	33	44	4	25	29	26	37	8	2	30	12	2	27	45	3	37	4	
46	17	25	49	25	39	30	30	21	4	10	40	30	1	13	39	23	48	15	34	41	33	3	50	24	14	10	5	44	46	22	49	41	24	9	39	42	43	10	2	
42	31	35	4	4	14	46	23	43	35	3	11	31	23	44	22	24	20	41	27	18	27	10	26	21	10	23	13	41	50	40	37	27	18	47	29	48	22	21	31	
16	17	33	6	50	3	9	46	32	30	8	40	7	8	26	25	2	38	16	9	43	22	21	14	20	38	48	31	2	23	46	30	6	18	22	45	20	33	31	14	
2	41	34	47	19	44	43	44	6	12	25	6	15	42	20	1	50	37	15	24	10	4	16	6	35	20	44	27	41	48	32	12	37	44	3	50	12	39	16	35	
50	1	11	42	13	28	37	34	23	27	49	46	9	41	6	19	49	36	30	1	17	3	14	2	17	10	48	9	41	1	16	3	17	14	9	40	4	2	31	25	
1	7	7	49	37	42	23	8	39	49	20	7	49	20	13	28	28	17	15	1	26	41	15	37	41	30	14	11	2	3	22	26	4	17	38	11	49	36	7	7	
27	46	10	16	17	25	9	42	32	11	9	41	22	41	43	48	1	27	6	33	42	13	1	7	8	27	48	23	31	41	34	44	19	19	4	41	5	47	7	26	
47	24	20	11	30	19	24	48	47	5	44	7	4	9	50	32	33	30	18	4	2	24	4	43	5	11	12	40	43	36	48	22	32	44	17	2	20	46	19	24	
5	4	25	16	38	11	43	37	1	23	16	18	28	26	7	39	4	2	3	38	29	46	36	2	35	43	39	15	8	27	50	24	7	44	38	3	2	39	22	26	
47	23	37	24	12	6	26	11	5	42	34	12	39	13	12	14	15	45	18	14	24	10	25	43	11	37	28	38	43	16	12	46	9	46	19	23	50	42	35	49	
39	18	40	42	21	30	24	20	50	46	43	44	38	21	30	34	27	29	32	3	39	36	7	38	1	48	17	15	23	14	27	26	25	18	27	17	16	25	32	25	
49	46	26	24	45	12	37	33	31	17	43	29	32	28	23	37	43	7	50	41	29	26	25	1	47	36	40	50	48	30	29	46	34	30	20	18	23	3	33	15	
47	6	46	35	47	28	5	25	31	31	7	41	31	32	38	20	19	18	38	39	44	30	6	43	15	17	21	20	36	48	38	38	16	2	50	21	24	18	35	44	
49	19	37	28	21	40	37	18	8	43	28	5	44	12	23	9	46	34	28	1	26	43	17	21	24	27	3	18	38	41	4	15	25	7	10	15	13	44	11	27	
40	16	49	14	21	34	17	41	48	9	18	46	21	48	39	41	45	30	10	31	10	21	43	3	39	15	39	38	45	40	11	40	29	25	11	17	45	22	28	5	
9	4	38	14	45	31	16	22	29	7	36	28	27	4	24	35	19	33	25	50	45	48	10	30	37	10	13	31	37	41	44	24	46	4	13	28	8	42	36	17	
32	10	34	22	8	3	24	31	42	6	47	10	19	3	7	27	6	35	45	30	33	9	36	50	14	12	39	38	30	20	39	5	18	10	49	22	25	42	31	25	
34	30	22	26	23	12	38	44	13	11	42	7	18	44	5	14	27	5	19	6	3	6	41	44	7	33	1	10	43	37	4	31	5	39	23	47	14	34	16	2	
15	26	6	4	8	3	2	41	37	5	33	7	30	30	19	7	14	21	12	21	14	15	11	49	9	4	33	22	10	35	44	1	20	30	36	44	6	14	44	35	
40	28	34	8	15	4	19	21	21	39	21	27	18	37	11	1	38	28	41	5	15	45	15	5	17	50	1	20	40	5	49	43	2	40	14	39	26	15	46	14	
40	3	48	17	39	35	35	49	29	9	10	16	47	1	12	3	26	45	13	28	28	25	29	24	33	9	22	25	49	49	12	6	35	34	24	4	39	41	40	31	
3	21	46	20	24	43	45	46	37	29	37	37	12	26	17	34	49	9	17	1	34	14	41	46	50	22	40	32	30	13	37	49	32	33	40	24	14	11	43	47	
16	18	1	30	24	31	41	22	25	48	15	15	45	4	4	13	31	27	39	22	42	19	49	2	15	29	29	49	13	2	46	49	35	47	38	49	7	16	30	30	
39	38	17	10	50	30	24	26	18	28	42	40	1	23	3	29	4	17	38	25	21	29	1	34	42	42	38	17	4	7	43	33	49	13	5	39	46	45	39	20	
39	41	26	15	33	37	35	17	17	34	34	44	17	30	46	20	6	27	30	17	43	37	43	28	11	6	16	50	27	1	49	23	34	1	25	32	15	28	36	46	
34	30	40	30	13	7	6	46	23	14	3	27	13	24	1	45	19	38	44	3	22	4	29	23	10	16	48	12	35	31	41	42	5	17	21	14	38	20	18	35	
26	2	34	1	4	40	47	25	25	2	40	3	27	14	23	5	19	10	41	31	35	37	21	28	42	12	30	22	35	11	24	17	10	44	28	10	24	6	48	34	
1	42	11	33	49	26	20	16	37	44	31	13	35	4	27	49	41	5	48	42	30	29	39	1	5	26	10	13	41	3	14	35	4	4	24	22	33	23	49	28	
48	34	12	10	41	12	10	2	15	1	27	42	31	7	3	44	39	26	47	37	45	43	12	3	32	7	2	41	35	23	43	28	38	16	39	16	37	40	19	37	
22	14	26	35	29	17	31	10	20	38	31	15	22	10	18	39	38	20	43	6	28	48	47	29	23	42	23	41	29	27	39	8	39	20	14	9	11	13	29	28	
26	7	43	11	23	24	27	41	9	18	48	31	34	42	10	37	7	37	50	4	48	26	13	9	41	22	48	30	35	6	40	3	48	36	6	15	46	9	32	17	
5	11	49	39	25	12	39	8	21	12	45	34	30	13	43	10	2	6	27	48	38	10	19	19	26	47	31	16	28	38	9	5	14	27	47	49	38	44	50	23	
45	15	24	6	39	12	36	13	12	46	7	50	22	25	39	21	47	28	7	27	16	44	29	1	28	34	50	39	7	2	46	8	29	46	12	26	39	43	25	32	
10	49	33	41	39	18	21	15	21	41	43	6	22	9	2	33	31	34	27	18	20	25	41	15	49	25	41	22	30	36	15	21	47	13	27	32	41	13	4	4	
On machine	2
31	32	8	42	30	1	31	4	16	35	35	5	7	37	39	28	19	9	32	7	4	47	37	34	47	2	16	33	26	34	3	49	31	16	46	34	48	42	24	47	
11	25	6	14	38	47	31	6	15	23	30	18	43	14	45	50	25	21	20	30	10	44	42	44	24	16	4	40	24	25	30	7	10	36	43	22	8	39	38	5	
47	15	4	20	21	49	16	28	35	21	12	22	42	9	50	22	26	2	21	17	49	27	38	4	18	32	26	48	31	25	50	10	41	17	33	23	16	16	34	35	
7	48	11	50	50	12	14	31	36	18	14	13	15	14	13	23	32	16	26	24	38	28	33	46	3	31	35	36	21	29	44	21	27	46	38	36	47	43	11	30	
22	9	2	25	14	20	10	42	5	25	21	8	23	2	42	4	42	46	49	38	40	28	28	10	7	28	10	29	14	24	26	40	29	25	14	24	19	33	7	17	
10	50	10	25	31	8	9	18	44	6	41	11	31	31	27	23	11	30	47	38	39	34	2	43	5	50	21	12	20	44	5	34	35	19	20	24	22	42	21	50	
15	21	19	10	16	17	4	43	2	22	44	21	36	5	4	14	28	5	46	50	23	47	48	20	34	30	48	14	20	18	23	42	41	6	12	21	17	13	48	46	
24	12	38	9	43	18	24	8	42	34	26	13	46	22	19	35	9	50	37	18	17	39	32	44	24	44	41	38	2	3	38	37	4	27	22	15	38	47	41	41	
43	46	33	35	42	20	10	45	29	32	47	4	20	11	27	6	50	27	34	36	25	3	12	15	3	49	12	11	6	12	27	26	21	23	18	30	13	27	36	17	
44	35	35	16	33	8	5	50	35	27	25	37	1	36	27	9	27	8	2	32	4	40	12	48	18	17	34	40	43	32	34	40	20	35	45	47	27	7	43	28	
44	21	25	33	50	28	1	23	2	11	22	41	20	47	45	11	25	13	44	50	17	30	36	36	21	8	12	46	9	41	37	42	27	23	15	4	20	5	28	11	
16	43	12	10	39	45	23	8	14	37	21	8	13	34	10	2	13	10	14	43	43	29	42	15	46	35	23	17	41	15	21	48	9	2	35	27	47	39	11	48	
23	49	22	24	31	8	17	15	43	5	32	13	1	5	38	18	14	11	26	39	11	9	37	43	16	30	29	3	44	19	18	29	6	10	18	35	49	4	9	13	
2	3	25	9	15	45	13	34	28	20	15	29	42	40	5	49	42	46	3	49	48	25	26	17	33	40	1	6	49	12	29	26	22	44	9	29	35	9	7	7	
13	25	1	23	46	18	30	26	39	16	25	18	24	36	39	35	22	7	2	15	38	8	6	17	44	22	3	30	26	11	8	23	46	40	37	23	17	49	40	35	
40	48	9	23	2	2	23	36	7	16	11	48	45	36	17	7	44	39	21	1	17	50	39	19	19	45	1	22	31	33	3	27	31	47	33	40	29	22	45	35	
38	44	9	40	12	44	7	15	14	28	50	22	40	14	49	36	22	44	27	41	15	1	45	32	24	45	39	7	1	20	2	22	32	5	20	18	14	1	15	50	
8	10	34	22	38	9	45	16	30	42	22	32	39	41	15	12	37	4	24	25	47	2	9	1	33	11	36	23	41	42	34	36	18	28	24	3	23	9	7	44	
13	31	36	24	13	23	37	36	14	27	9	1	25	31	29	6	22	34	27	38	47	45	19	7	49	8	45	34	3	45	6	13	10	23	8	38	39	42	43	35	
20	50	25	27	29	1	26	11	14	44	36	9	22	2	30	26	1	32	28	22	40	15	21	31	26	17	37	26	41	9	21	37	47	14	6	18	18	32	22	4	
34	15	31	8	20	26	14	18	29	1	32	27	38	39	35	35	26	31	6	3	3	6	50	13	24	15	47	35	47	43	18	3	41	43	19	6	9	19	30	2	
18	16	36	14	5	4	43	38	13	34	30	40	13	19	48	14	10	47	31	34	24	41	16	34	31	27	31	48	8	1	27	40	34	6	30	29	32	35	44	46	
5	35	8	25	20	1	26	49	13	45	15	1	36	36	45	19	45	14	39	11	1	27	44	26	44	9	21	13	21	46	13	48	1	31	3	5	42	12	36	42	
7	13	34	49	21	42	42	9	36	45	43	27	21	41	10	11	13	39	47	49	41	15	30	41	31	14	13	36	29	30	35	9	14	39	8	33	31	41	48	35	
30	44	24	48	33	5	44	12	38	32	2	1	15	45	34	1	26	38	11	9	9	19	6	31	8	34	50	8	36	19	34	32	48	1	49	50	17	2	42	4	
32	4	19	28	41	6	22	14	32	39	11	3	32	28	4	47	26	10	14	35	20	47	22	22	28	33	48	33	21	36	37	41	41	31	37	31	39	40	27	31	
12	41	5	28	26	12	42	8	18	49	13	24	49	2	43	33	38	21	47	31	39	42	38	24	42	19	6	24	22	38	30	29	43	20	35	39	19	29	41	12	
39	20	31	43	21	46	21	40	30	19	31	6	33	16	12	12	11	46	46	2	39	34	48	11	33	4	39	18	39	23	30	32	23	10	9	9	34	27	19	30	
5	33	6	44	30	50	30	43	8	48	40	48	38	40	20	46	41	44	28	42	28	38	43	6	3	15	48	31	36	46	23	48	13	39	35	47	22	11	25	19	
23	6	20	30	32	47	15	10	41	41	33	2	47	25	5	15	11	43	37	28	40	25	28	4	19	33	23	40	15	15	16	35	30	11	1	25	49	41	20	11	
41	19	17	13	32	38	35	48	45	11	43	50	38	40	19	18	3	12	49	48	1	18	16	12	1	36	14	1	17	34	35	32	12	36	42	3	27	31	38	13	
20	19	18	9	26	16	21	22	48	13	48	38	36	43	28	37	24	9	18	11	28	37	11	36	42	37	49	30	18	47	13	7	28	37	25	9	10	35	35	43	
46	24	48	22	8	2	10	5	3	10	14	14	42	49	11	29	35	4	17	11	27	49	13	6	34	9	50	32	36	47	17	1	27	21	30	6	19	7	29	22	
41	42	41	18	15	22	20	32	25	39	17	27	40	35	35	33	15	8	39	8	7	23	46	12	34	46	20	27	7	27	28	26	4	22	44	4	21	12	31	24	
48	45	12	1	43	7	48	19	43	34	37	44	30	18	45	20	40	32	17	32	24	47	36	30	46	45	15	2	17	11	27	13	3	48	35	19	37	38	47	10	
31	35	7	39	29	13	9	16	41	31	9	28	18	41	44	41	29	1	27	37	21	46	17	18	24	40	47	12	6	50	14	13	18	50	29	24	39	31	8	50	
42	11	9	17	42	19	29	31	21	2	20	26	22	15	47	5	24	36	30	39	48	23	26	43	43	50	43	21	14	27	34	16	15	31	4	49	24	26	48	15	
2	18	18	31	41	20	22	33	35	38	9	18	29	37	46	12	43	29	44	1	40	2	39	4	16	32	6	16	32	28	41	33	18	31	38	45	42	30	23	5	
2	13	15	15	11	43	49	47	42	15	20	26	49	11	29	33	13	32	48	2	44	45	29	26	32	1	21	3	11	21	17	21	5	37	35	23	6	12	46	29	
9	41	16	38	9	47	21	16	12	43	22	11	38	33	18	25	20	18	32	35	30	18	1	24	36	2	16	31	12	50	43	40	44	27	32	25	34	20	37	9	
On machine	3
13	4	29	16	43	47	44	40	10	26	42	2	31	20	8	37	40	5	11	38	37	35	33	5	17	45	14	50	24	48	40	19	18	37	41	40	34	20	26	10	
41	9	33	7	11	44	29	8	39	44	29	2	7	31	2	42	41	18	7	7	8	31	15	21	9	2	23	16	39	31	49	4	25	36	22	30	50	40	31	17	
10	5	40	15	17	1	43	34	21	10	38	48	48	8	9	27	34	43	46	22	47	31	31	31	34	10	4	50	42	33	3	20	41	11	17	11	37	50	4	4	
50	33	19	24	5	34	23	6	26	27	37	49	34	9	34	15	40	24	30	38	49	32	25	49	41	21	42	49	9	18	10	8	9	8	22	46	40	7	30	24	
13	21	33	11	36	22	27	40	12	4	25	42	29	17	50	18	42	45	6	37	21	31	26	27	12	3	28	34	30	39	1	8	25	15	45	7	43	13	6	37	
24	14	38	40	26	18	43	3	36	17	21	9	43	33	21	21	35	27	21	39	30	14	21	11	40	1	4	24	9	31	50	45	26	23	10	23	30	40	19	2	
5	5	42	29	13	40	44	29	25	8	10	22	16	1	41	33	34	5	38	34	2	42	4	50	39	1	20	24	31	37	23	31	19	11	30	38	33	3	13	34	
20	40	32	7	11	44	31	3	32	26	42	14	27	16	13	17	11	38	7	3	1	17	5	14	11	28	21	38	20	11	5	12	32	26	26	45	2	33	20	40	
43	31	7	8	46	8	34	19	42	43	31	37	13	23	37	37	13	49	40	41	42	6	18	4	17	2	41	14	11	15	27	14	9	24	44	1	28	48	46	12	
30	47	45	9	1	40	2	50	40	40	3	25	13	16	16	45	15	42	1	23	7	39	29	19	17	47	42	42	6	12	4	9	7	50	26	16	2	16	6	10	
40	33	3	9	15	4	42	27	46	35	1	5	24	43	43	46	39	26	10	21	10	1	50	3	18	36	7	14	35	25	42	40	24	48	18	8	12	22	23	11	
50	15	45	10	32	29	27	12	45	7	35	27	2	1	3	48	42	31	27	7	49	37	33	3	6	42	5	14	50	22	19	12	12	28	10	11	29	10	12	14	
39	23	7	9	45	15	3	45	23	23	3	44	43	16	20	27	44	8	27	18	7	13	2	46	2	43	34	12	31	12	4	43	23	11	9	43	16	21	19	3	
22	45	40	48	1	39	6	50	16	26	35	49	43	21	1	36	2	33	22	44	37	1	16	1	29	45	15	18	27	29	7	10	31	8	50	42	18	25	16	7	
31	46	40	3	18	44	49	34	14	40	43	16	25	29	20	36	10	33	23	33	1	38	29	18	40	50	20	22	40	10	48	41	29	20	28	17	25	29	24	7	
2	8	4	1	8	33	25	7	28	2	2	50	48	32	23	4	5	25	43	33	30	16	41	42	15	1	38	27	36	47	23	44	32	36	18	45	31	20	34	17	
32	6	49	7	6	48	20	43	34	42	22	12	32	37	27	29	14	19	36	28	9	22	23	35	50	24	41	10	4	4	5	30	37	25	50	41	49	30	20	18	
48	43	30	41	5	34	9	29	28	48	48	7	30	10	1	27	36	28	50	18	19	13	37	25	35	16	47	45	15	36	50	23	49	12	18	50	9	24	49	16	
29	7	49	36	39	43	50	14	50	38	31	19	18	15	4	21	6	5	23	12	24	13	9	20	22	12	25	10	1	42	50	11	33	43	14	42	23	35	46	19	
5	13	48	7	43	31	5	2	10	19	22	41	46	47	39	25	40	1	14	6	3	9	19	25	12	48	2	16	15	21	41	5	23	35	14	8	47	17	8	45	
5	40	23	12	15	6	40	3	31	17	40	33	4	34	26	34	29	44	50	44	1	6	48	36	32	20	6	18	38	15	12	39	2	34	1	35	34	30	14	12	
32	21	15	13	28	30	42	25	35	26	48	6	32	48	17	33	22	39	4	21	1	24	34	2	21	22	15	47	49	12	43	20	6	24	8	48	42	24	31	43	
46	8	14	13	38	9	21	15	49	13	16	38	6	41	17	44	19	12	38	27	27	47	12	45	2	46	44	4	50	21	18	34	41	24	8	1	35	18	45	8	
18	22	37	22	24	38	12	40	18	14	13	17	49	37	50	12	13	19	8	35	20	25	15	1	48	10	39	48	21	29	42	39	32	40	5	3	19	1	28	42	
7	25	43	40	11	16	8	9	5	3	23	47	2	8	39	8	15	39	33	2	40	42	27	25	13	4	47	42	28	41	46	28	2	11	1	11	9	8	10	50	
3	20	36	2	46	13	37	1	34	38	50	30	22	18	19	44	46	30	49	38	13	36	6	40	8	8	39	4	4	50	7	49	35	1	22	8	49	8	42	34	
31	4	12	34	25	31	49	6	47	8	3	25	39	18	35	13	7	7	12	28	40	25	4	41	41	9	41	21	8	21	45	24	17	18	43	7	12	44	49	14	
34	47	40	28	20	5	40	11	32	31	34	30	6	47	50	45	31	16	32	38	5	9	14	49	30	1	48	6	39	9	14	15	23	7	5	35	3	18	46	27	
49	12	11	38	12	16	30	6	27	6	4	38	33	10	36	47	45	8	31	29	29	28	25	36	10	4	24	29	14	48	22	48	23	30	2	10	33	22	42	30	
3	40	40	6	36	15	9	39	17	46	43	5	9	6	39	12	43	5	37	3	15	8	45	22	32	7	30	45	23	36	21	1	45	44	19	26	8	8	20	50	
32	12	23	9	13	37	39	25	18	14	7	45	46	25	46	26	24	27	3	24	4	4	41	32	41	18	36	26	25	33	15	6	46	4	2	7	15	15	12	3	
30	22	36	24	1	36	33	13	41	50	36	2	30	40	6	48	10	41	18	29	9	27	45	44	9	40	49	14	18	23	21	35	5	25	33	33	2	10	19	1	
13	22	39	47	38	11	3	17	20	23	26	18	19	30	19	41	41	7	43	1	39	29	1	18	2	17	17	10	7	20	42	33	28	24	28	26	26	18	17	4	
23	32	31	22	25	50	23	7	25	46	37	6	30	5	14	32	32	15	45	10	3	27	34	32	30	21	22	26	31	37	33	32	33	49	47	29	50	12	12	45	
42	4	22	44	26	26	41	32	15	41	34	26	10	27	42	14	44	18	4	37	35	26	2	39	16	33	41	11	31	2	16	1	24	9	32	4	41	2	10	3	
45	1	3	50	16	20	47	42	40	25	41	4	21	33	40	24	18	38	22	14	2	16	44	4	20	11	40	24	7	14	35	23	7	20	35	50	5	23	30	5	
40	32	14	21	1	38	43	12	5	30	41	26	33	29	6	23	24	32	28	36	20	32	39	49	38	28	34	7	29	27	2	39	32	20	21	9	23	45	28	7	
20	17	23	19	22	46	21	6	32	28	34	17	44	40	35	32	12	39	25	12	36	9	43	40	2	6	6	31	50	42	39	10	41	41	31	7	3	29	2	16	
38	25	21	36	39	47	45	20	44	8	29	20	10	11	41	33	2	27	18	17	23	21	39	12	12	13	38	14	25	40	48	6	34	19	26	12	33	29	28	3	
2	4	37	9	31	49	28	19	32	4	31	19	22	28	3	37	38	30	24	12	1	31	2	26	47	43	7	19	37	33	36	18	20	23	32	41	30	27	5	29	
On machine	4
26	48	8	6	38	27	10	19	33	48	8	14	11	36	30	22	49	16	32	15	23	9	46	46	48	5	21	20	35	13	35	5	49	4	22	22	45	3	1	35	
17	3	33	33	32	45	3	34	31	44	28	50	34	25	26	12	16	36	35	11	23	1	3	35	15	37	48	21	17	43	18	42	28	18	2	6	10	18	3	11	
32	35	43	34	9	6	45	21	20	14	30	42	7	49	34	1	4	16	25	23	28	23	30	9	23	7	6	47	37	1	16	49	22	2	50	25	20	26	6	21	
41	9	33	17	11	8	26	11	44	47	45	7	30	1	49	12	20	32	10	36	23	44	5	22	5	9	10	9	21	31	26	38	23	49	30	2	27	41	39	5	
47	38	25	12	11	42	22	45	39	28	39	12	24	15	5	33	33	8	30	46	49	2	20	27	25	42	17	12	30	4	50	31	23	49	23	22	9	14	27	28	
17	49	38	42	46	17	41	10	42	2	37	12	5	27	8	23	8	20	25	1	23	21	35	49	16	27	20	37	22	3	43	3	36	1	30	21	14	27	14	32	
12	35	32	43	25	8	15	18	14	13	13	19	30	1	35	33	15	10	40	31	39	30	43	16	12	45	9	39	14	7	48	14	47	49	26	17	42	22	9	19	
15	28	47	14	22	6	21	32	11	48	10	38	38	9	41	21	9	42	26	48	49	37	7	40	42	41	19	46	22	45	16	27	35	36	49	43	17	38	36	11	
10	18	3	41	36	50	38	12	43	44	10	28	40	18	48	19	45	13	50	15	45	42	49	36	14	31	14	23	1	48	31	7	35	43	44	15	14	2	28	1	
43	19	24	19	37	22	15	22	2	32	18	23	9	30	33	5	37	41	16	21	42	8	48	22	4	41	36	47	37	35	48	44	4	9	45	41	40	39	11	46	
25	10	42	28	26	16	30	1	23	49	46	41	22	44	34	18	5	42	21	4	30	36	4	37	4	18	20	10	50	45	15	21	6	35	5	37	26	36	28	38	
28	7	40	39	41	35	11	22	6	17	48	46	39	17	15	26	2	13	6	48	46	5	42	15	7	22	42	31	17	1	4	40	17	5	26	30	46	13	26	19	
24	6	8	43	25	36	18	32	42	21	31	29	28	36	37	15	2	37	12	4	44	42	44	10	40	16	17	39	17	27	17	6	43	33	12	45	45	44	12	6	
12	32	30	32	7	22	46	30	50	16	16	45	13	11	7	13	13	4	22	4	1	19	45	41	26	46	17	15	9	41	50	24	6	48	34	36	13	23	10	35	
23	46	15	38	33	6	9	8	50	49	21	40	41	45	43	28	24	8	18	8	6	31	12	31	26	44	40	26	4	45	9	44	8	22	5	12	27	36	42	30	
49	18	36	8	31	14	38	33	47	22	34	25	26	39	33	22	13	14	9	4	10	1	31	39	30	4	43	6	33	27	17	47	39	33	44	46	15	10	29	49	
10	28	8	12	5	42	37	47	35	40	40	30	3	42	37	28	5	40	10	22	7	23	25	1	12	17	1	23	47	30	6	11	22	32	7	41	33	21	45	13	
11	5	6	27	27	18	46	27	5	34	25	39	16	7	12	13	15	16	48	14	39	32	50	40	28	14	23	15	11	25	47	20	12	15	36	46	36	1	50	34	
29	38	17	14	31	14	28	2	7	42	4	11	46	20	50	43	35	19	37	15	41	9	38	19	36	6	19	48	20	35	49	8	28	9	22	17	36	33	20	8	
28	12	8	47	37	37	17	10	37	32	4	32	6	28	11	47	50	41	1	7	2	46	36	34	36	44	15	44	30	4	36	26	20	30	27	19	34	29	19	43	
23	43	3	34	7	9	9	28	19	15	49	41	16	31	22	27	50	5	12	40	31	5	19	1	5	2	16	33	42	32	36	2	49	40	23	37	24	49	37	43	
8	14	40	46	32	43	49	31	16	10	38	38	17	34	2	15	39	3	22	25	27	27	32	11	37	17	23	17	40	12	5	49	44	36	39	14	34	20	10	15	
32	11	7	39	38	43	4	43	9	49	49	26	41	42	15	5	7	6	40	42	34	2	32	18	41	25	7	31	42	50	9	27	8	33	8	36	40	34	42	50	
1	18	8	27	18	15	36	13	45	36	14	14	19	41	9	1	26	37	39	29	18	28	8	48	6	1	36	31	15	49	1	16	16	47	34	15	39	9	15	43	
35	48	28	27	36	36	35	6	43	1	8	46	46	2	25	45	18	45	10	24	9	46	10	35	24	9	36	5	18	22	17	31	31	44	38	49	15	32	17	42	
16	32	12	40	39	38	14	22	2	33	9	28	15	7	39	8	8	46	47	39	18	23	11	43	13	4	28	32	47	13	20	22	3	50	34	42	11	5	12	4	
19	31	33	12	23	15	27	34	50	2	6	3	19	2	24	18	32	19	31	37	24	45	13	10	46	9	3	11	40	43	7	49	21	46	39	12	26	21	43	38	
30	27	12	50	34	13	9	10	34	43	30	21	2	34	41	27	31	32	4	34	18	27	46	8	15	22	11	23	13	32	42	39	13	19	21	21	19	35	41	1	
48	24	25	1	37	36	43	9	32	33	28	47	41	39	48	8	6	33	20	18	20	8	41	21	27	16	42	20	38	50	3	20	23	1	26	21	17	28	9	3	
35	24	8	8	33	25	43	9	30	48	16	47	5	27	43	42	33	28	47	18	12	39	18	18	17	18	34	23	30	25	6	32	43	40	1	24	18	6	1	28	
7	32	16	41	19	20	27	43	43	13	28	6	16	26	17	29	8	16	7	8	10	27	9	31	22	35	2	30	38	2	30	12	38	27	33	41	31	42	31	5	
32	3	20	42	24	49	22	16	5	13	42	41	45	38	33	14	8	47	16	3	45	23	28	37	4	19	37	47	27	12	12	6	42	14	14	42	7	17	28	13	
15	7	45	28	34	29	1	41	17	5	41	34	14	46	22	4	9	39	1	44	22	21	24	35	31	17	7	21	1	46	38	27	14	5	14	24	41	46	40	48	
31	38	24	41	45	18	26	30	30	33	43	37	50	48	6	11	20	33	24	36	10	16	27	15	5	11	1	8	2	49	39	47	44	30	30	36	9	26	45	21	
33	3	4	12	41	8	10	28	32	6	43	22	20	15	46	35	12	21	50	40	45	5	24	18	24	31	4	30	41	22	23	1	14	17	14	21	25	34	21	27	
5	32	2	42	31	12	5	38	39	46	46	25	34	16	48	48	30	1	23	22	42	14	34	1	17	48	46	21	32	47	22	43	40	44	13	22	25	36	33	23	
20	6	48	28	47	37	18	18	24	12	2	28	41	30	17	14	20	41	29	1	24	3	1	22	9	26	9	46	20	15	20	11	41	33	39	41	48	30	49	39	
48	45	12	40	24	48	27	13	49	25	48	10	27	30	15	38	9	18	1	33	12	13	13	6	36	4	9	37	26	35	50	33	27	45	17	13	2	3	20	14	
46	31	48	24	36	42	36	12	10	11	20	22	47	15	50	22	6	25	37	49	42	21	34	19	37	2	34	27	22	47	28	12	20	48	31	17	39	20	39	41	
10	1	25	20	8	27	6	34	15	43	30	5	38	20	22	5	36	18	44	26	12	4	26	46	25	13	2	23	13	2	8	2	39	18	28	39	17	5	18	29	
