Factories	4
Families	20
Machines	4
SetupType	2

Number of Jobs in each Family
6	10	2	1	1	2	3	9	5	8	10	3	3	2	1	2	9	7	10	7	

Jobs in each Family
0	1	2	3	4	5	
6	7	8	9	10	11	12	13	14	15	
16	17	
18	
19	
20	21	
22	23	24	
25	26	27	28	29	30	31	32	33	
34	35	36	37	38	
39	40	41	42	43	44	45	46	
47	48	49	50	51	52	53	54	55	56	
57	58	59	
60	61	62	
63	64	
65	
66	67	
68	69	70	71	72	73	74	75	76	
77	78	79	80	81	82	83	
84	85	86	87	88	89	90	91	92	93	
94	95	96	97	98	99	100	

Total number of jobs
101

Processing times of jobs
5	3	4	2	
3	3	2	6	
3	8	7	4	
5	7	9	3	
4	3	10	5	
8	7	7	1	
6	3	1	8	
10	4	10	1	
1	2	2	4	
9	8	5	9	
4	7	9	6	
9	5	10	5	
5	8	8	6	
7	2	6	1	
5	3	3	3	
10	5	1	2	
3	2	2	6	
4	7	7	3	
10	8	1	10	
1	5	4	9	
5	6	3	7	
2	2	2	5	
3	3	3	3	
2	2	8	4	
10	2	2	9	
5	1	10	4	
1	2	3	10	
9	10	2	5	
1	3	8	5	
7	2	4	5	
7	3	9	10	
3	6	3	7	
4	8	10	10	
9	9	5	7	
8	8	9	6	
7	5	6	10	
2	3	9	6	
9	8	4	4	
1	8	8	8	
1	8	7	4	
10	3	2	6	
9	5	8	8	
4	10	5	10	
6	6	7	10	
9	9	2	2	
10	2	5	8	
6	1	6	6	
7	4	7	6	
2	8	2	6	
3	6	7	3	
8	8	6	1	
1	10	3	1	
4	2	7	9	
5	7	7	2	
8	6	2	7	
3	9	5	3	
1	3	10	6	
5	1	2	7	
9	10	8	8	
10	2	6	4	
4	1	5	4	
5	8	2	2	
5	4	9	4	
10	6	1	3	
6	5	2	6	
6	2	5	6	
7	6	3	5	
5	6	8	4	
5	8	8	8	
3	2	10	10	
10	5	9	7	
10	5	1	4	
8	8	3	4	
10	6	8	10	
6	8	9	10	
7	4	5	2	
10	3	9	9	
6	6	5	1	
10	6	4	2	
7	5	7	8	
8	7	5	1	
4	8	5	2	
7	10	10	5	
2	7	9	7	
9	2	3	5	
10	6	2	1	
2	2	2	10	
3	9	10	2	
4	9	5	4	
9	8	5	1	
10	4	1	3	
7	4	5	4	
1	8	8	8	
4	4	9	2	
7	1	9	7	
3	5	3	7	
1	4	6	6	
8	1	9	5	
4	4	3	5	
2	5	3	6	
9	5	2	7	

Stepup times between Families, where [f][f] represents initial setup time
On machine	1
24	7	23	43	11	31	4	23	45	14	14	33	37	9	22	14	36	4	33	14	
20	17	18	32	19	27	2	36	27	31	21	23	14	2	23	6	28	35	19	25	
29	23	44	12	16	39	27	41	2	43	2	30	23	2	3	31	36	41	37	25	
16	16	45	25	37	49	31	21	3	32	22	17	18	2	5	33	45	12	18	16	
49	32	14	9	32	44	8	1	3	25	38	11	8	23	48	44	10	23	33	29	
30	43	9	2	28	35	27	50	35	19	34	50	33	36	37	6	20	45	5	3	
5	34	5	14	4	22	10	3	38	27	47	1	44	33	24	38	46	33	8	31	
30	9	11	26	13	12	39	50	4	35	14	18	33	15	30	22	14	45	6	13	
22	41	5	33	42	28	45	49	37	31	42	33	18	46	2	14	26	31	35	1	
6	23	35	3	20	28	27	44	35	38	14	15	16	8	22	21	39	18	48	18	
50	14	24	34	44	4	23	18	11	24	37	41	3	26	20	44	24	46	39	9	
8	22	42	12	16	49	27	33	12	36	25	25	48	22	28	48	8	22	42	47	
3	17	10	5	2	27	2	19	6	2	24	13	14	30	32	5	41	44	2	37	
43	27	34	5	33	15	13	38	5	29	7	47	43	48	32	49	46	49	13	39	
41	6	21	10	24	7	6	29	21	4	8	39	19	30	14	34	10	27	38	27	
15	34	32	30	10	32	18	11	4	30	32	6	38	31	8	36	31	9	38	45	
39	49	21	33	6	45	21	18	30	48	23	19	16	8	15	17	12	30	40	4	
49	36	26	34	34	45	38	16	40	6	32	47	20	48	3	31	10	36	27	36	
32	6	10	8	1	33	2	44	24	12	10	8	34	8	3	14	23	10	34	10	
11	25	9	49	45	26	12	49	38	11	48	36	28	17	33	38	11	1	20	34	
On machine	2
34	15	37	25	31	3	45	20	2	2	48	50	9	41	3	16	23	7	38	21	
45	18	42	4	8	11	16	43	42	19	31	33	36	14	8	24	3	35	24	13	
49	36	17	17	25	40	49	21	34	42	21	38	22	9	39	9	16	12	8	38	
12	34	8	3	45	1	31	44	38	32	4	27	11	44	9	17	8	37	34	39	
15	23	2	39	22	22	25	11	2	39	44	48	32	26	30	11	22	8	29	32	
18	33	40	26	10	34	42	37	47	37	4	26	26	45	15	20	17	11	31	36	
11	7	8	47	36	18	17	29	12	16	22	13	40	8	40	15	43	41	49	6	
3	46	43	14	5	23	33	13	37	40	23	15	9	23	17	13	49	9	45	45	
42	16	43	40	3	31	41	36	13	14	10	3	49	45	29	3	43	21	43	17	
6	20	15	48	19	7	49	41	36	45	17	34	38	9	32	48	39	12	35	15	
48	29	41	8	27	27	10	27	9	48	25	6	35	20	19	22	5	10	4	19	
20	1	38	43	22	42	5	8	20	50	41	47	33	39	4	43	38	46	33	12	
42	5	35	18	28	7	13	29	41	38	28	31	14	10	28	7	40	7	44	29	
47	10	45	36	8	11	29	46	27	17	40	14	41	6	18	13	47	23	41	9	
4	31	13	4	21	2	6	23	41	40	48	9	8	32	50	30	40	3	43	42	
39	2	7	29	44	28	41	40	24	24	31	43	31	21	6	28	38	3	22	18	
2	40	33	10	50	3	4	22	21	4	5	42	17	6	44	39	31	40	34	14	
17	45	5	31	34	37	47	18	49	32	42	31	38	16	43	20	27	18	24	20	
46	49	9	45	22	28	9	47	5	24	10	39	45	11	23	7	27	31	47	24	
29	20	34	7	42	23	27	40	33	5	10	37	38	46	46	35	45	32	8	40	
On machine	3
26	25	47	5	10	12	26	28	37	7	45	14	29	42	10	45	42	7	27	13	
18	17	11	37	40	37	22	17	45	21	13	9	29	11	23	38	45	35	32	19	
48	24	31	13	4	3	2	45	44	16	21	17	26	18	3	40	41	23	43	49	
43	18	30	32	23	3	30	31	37	7	33	25	29	41	27	45	21	1	23	13	
27	36	33	16	40	1	18	35	46	47	47	7	15	13	45	7	23	24	46	37	
30	34	29	11	13	40	37	24	33	12	31	39	27	17	9	10	15	39	14	12	
10	20	4	6	28	18	11	33	36	50	9	22	12	5	8	46	3	20	33	45	
37	9	7	50	37	39	1	2	18	30	5	48	23	41	2	46	39	17	30	49	
26	12	43	42	5	13	2	33	44	4	48	14	34	41	8	9	42	5	1	34	
35	1	31	11	32	40	8	31	45	24	33	46	46	40	4	39	29	34	31	31	
37	10	33	1	38	18	26	17	15	4	48	30	11	27	2	31	44	41	22	33	
37	13	7	32	8	9	31	9	39	23	42	49	25	36	24	47	28	15	19	27	
7	45	28	39	49	22	5	33	4	17	43	27	10	6	30	19	16	18	42	47	
35	43	17	37	26	25	50	46	48	47	25	28	21	36	45	8	10	32	16	21	
49	47	6	12	35	33	36	27	9	15	41	22	22	4	4	43	29	12	45	13	
32	44	34	15	6	48	49	9	27	32	5	23	40	23	39	36	38	38	36	38	
26	25	28	38	26	8	31	39	33	14	39	34	33	47	17	49	14	7	26	46	
24	23	8	36	30	50	6	1	22	41	8	12	18	15	39	3	38	22	10	12	
25	22	26	27	48	23	25	45	8	9	26	44	34	50	31	43	25	43	35	12	
44	24	31	39	22	1	20	10	50	7	19	25	2	8	36	49	33	36	46	23	
On machine	4
21	38	13	49	11	38	6	47	10	44	40	13	37	33	31	13	24	26	39	41	
46	36	34	24	31	38	14	28	31	42	13	5	46	11	1	43	20	41	35	4	
8	12	10	30	41	21	33	36	20	25	25	10	1	22	29	39	43	5	16	9	
10	48	26	32	50	50	23	12	31	19	18	6	48	25	7	28	4	7	29	41	
15	46	8	38	29	11	30	42	3	34	1	12	13	47	33	18	6	47	5	41	
37	19	4	49	37	32	21	11	12	17	9	49	17	36	50	31	23	27	44	20	
4	5	14	3	24	2	34	7	29	31	44	39	25	42	5	49	34	20	42	15	
45	10	11	35	13	30	27	48	13	37	23	33	10	33	39	5	32	48	41	20	
23	31	15	36	19	36	20	10	44	7	10	29	22	35	8	11	10	44	1	37	
34	20	24	25	28	7	36	12	2	17	1	11	49	35	44	26	1	28	28	16	
42	6	29	17	35	24	18	41	7	6	12	28	15	34	34	45	21	43	39	36	
39	19	6	3	45	44	25	29	46	7	22	27	13	8	3	7	35	48	28	8	
27	7	18	40	25	30	4	28	44	6	4	24	6	43	3	6	4	19	45	46	
34	5	29	21	31	27	18	34	13	11	41	49	36	30	9	13	41	21	19	28	
8	3	48	30	21	22	33	36	26	48	45	3	22	15	9	14	9	15	42	17	
50	10	5	7	35	35	25	37	12	17	47	19	30	36	38	8	29	32	4	24	
5	18	47	8	35	28	35	6	6	30	11	14	35	36	38	38	38	49	21	41	
45	2	19	31	5	20	44	15	46	32	8	42	1	39	38	8	28	10	32	49	
33	5	22	33	47	27	20	24	47	37	31	38	6	43	33	24	49	30	29	46	
32	21	17	28	41	38	20	2	42	6	40	4	43	22	41	3	23	14	33	47	
