Factories	4
Families	30
Machines	4
SetupType	3

Number of Jobs in each Family
3	4	2	5	3	5	3	8	9	4	10	5	1	2	9	4	9	2	4	10	8	1	3	5	10	10	2	8	9	1	

Jobs in each Family
0	1	2	
3	4	5	6	
7	8	
9	10	11	12	13	
14	15	16	
17	18	19	20	21	
22	23	24	
25	26	27	28	29	30	31	32	
33	34	35	36	37	38	39	40	41	
42	43	44	45	
46	47	48	49	50	51	52	53	54	55	
56	57	58	59	60	
61	
62	63	
64	65	66	67	68	69	70	71	72	
73	74	75	76	
77	78	79	80	81	82	83	84	85	
86	87	
88	89	90	91	
92	93	94	95	96	97	98	99	100	101	
102	103	104	105	106	107	108	109	
110	
111	112	113	
114	115	116	117	118	
119	120	121	122	123	124	125	126	127	128	
129	130	131	132	133	134	135	136	137	138	
139	140	
141	142	143	144	145	146	147	148	
149	150	151	152	153	154	155	156	157	
158	

Total number of jobs
159

Processing times of jobs
3	4	7	2	
9	4	1	3	
10	10	9	2	
8	5	6	9	
6	5	2	3	
6	10	9	1	
10	3	10	3	
8	8	9	3	
1	8	7	1	
10	3	10	8	
8	3	3	2	
1	4	3	9	
2	8	7	5	
10	10	10	1	
6	4	3	8	
10	1	5	5	
10	10	2	1	
3	5	9	2	
6	6	9	5	
4	9	1	10	
9	5	5	7	
2	3	1	6	
8	7	9	8	
9	4	2	10	
8	6	6	5	
1	3	9	10	
8	9	9	4	
3	9	9	5	
5	1	8	5	
7	10	9	6	
2	4	9	8	
5	1	1	10	
6	2	4	4	
2	5	1	3	
10	4	9	6	
6	4	1	5	
6	6	1	10	
6	8	5	3	
10	2	6	1	
6	2	1	8	
5	3	10	1	
2	7	7	3	
10	4	8	9	
5	2	2	6	
7	4	1	9	
6	4	6	8	
6	1	5	6	
6	9	1	5	
7	6	1	4	
7	10	4	2	
4	7	5	3	
10	3	1	9	
2	10	8	10	
6	7	7	2	
4	3	5	5	
5	2	4	1	
7	9	5	5	
3	6	4	9	
2	9	3	7	
8	4	5	1	
8	2	3	6	
2	10	9	2	
8	9	7	4	
10	5	7	4	
1	8	7	5	
9	1	4	9	
6	3	8	6	
8	8	3	2	
9	9	8	10	
9	4	1	10	
4	9	2	8	
1	2	8	3	
7	10	4	1	
1	7	10	9	
8	7	5	9	
4	5	10	4	
2	7	6	10	
9	5	2	4	
7	3	5	8	
3	6	6	9	
3	5	9	9	
6	3	1	3	
5	6	7	2	
9	3	5	10	
9	2	3	4	
1	5	1	4	
3	4	9	8	
1	6	6	5	
1	7	9	6	
5	10	8	1	
1	9	5	10	
5	6	1	3	
7	5	6	1	
3	6	4	5	
1	5	6	1	
5	9	1	8	
3	5	2	1	
2	2	8	3	
3	3	2	1	
10	4	1	8	
8	2	6	8	
8	1	10	5	
8	6	5	8	
7	7	10	8	
1	1	5	4	
5	9	2	7	
2	2	6	6	
2	6	1	3	
1	5	8	2	
6	8	8	10	
8	1	9	9	
5	6	4	5	
4	10	3	4	
8	9	6	5	
8	9	8	2	
1	7	8	10	
6	9	7	8	
2	7	1	9	
1	4	3	7	
7	9	2	8	
4	4	3	4	
5	1	7	1	
5	7	4	3	
7	9	1	3	
10	6	7	4	
8	6	4	2	
10	5	8	3	
6	3	3	2	
4	1	5	8	
5	1	10	7	
2	6	5	2	
3	4	1	8	
7	4	1	2	
3	7	4	10	
4	9	7	3	
5	1	3	7	
1	2	7	7	
8	5	8	9	
1	6	7	9	
1	1	5	7	
1	6	3	9	
5	9	2	6	
9	1	3	8	
8	9	7	2	
10	5	7	10	
1	4	8	2	
3	4	3	1	
8	10	6	10	
4	10	4	10	
5	5	10	4	
8	3	6	8	
4	1	3	8	
10	4	7	3	
8	3	9	5	
2	2	2	7	
5	9	5	3	
4	5	4	7	
1	2	5	3	
1	1	1	2	

Stepup times between Families, where [f][f] represents initial setup time
On machine	1
61	87	15	7	29	34	60	88	36	86	36	3	53	36	44	57	94	5	6	66	82	65	84	23	11	24	18	4	4	41	
41	41	85	9	76	70	82	82	24	92	17	85	98	90	32	49	32	16	51	78	36	7	61	60	95	53	73	11	34	14	
99	94	81	63	80	38	49	2	26	66	56	70	8	6	94	52	69	88	18	99	15	65	17	40	57	31	51	77	9	98	
72	47	64	17	48	5	27	67	54	31	63	38	92	75	71	75	64	62	100	38	35	98	29	92	67	75	93	90	39	88	
2	3	15	43	7	38	77	16	32	85	34	17	12	2	74	37	39	60	35	55	73	37	23	86	39	21	55	19	81	100	
87	57	63	72	4	35	88	41	13	54	40	59	25	13	5	50	52	35	8	63	28	96	25	45	97	46	52	49	16	73	
77	83	68	32	74	26	7	50	16	94	40	93	27	19	20	66	90	61	14	54	7	86	22	43	2	76	10	38	76	12	
68	95	21	41	90	5	78	89	79	13	77	20	49	85	34	71	35	85	67	32	61	28	98	39	18	51	1	60	57	70	
51	13	91	12	69	99	72	17	55	52	32	38	12	29	72	56	31	85	77	73	48	83	28	32	7	64	7	33	71	50	
43	59	17	62	54	73	93	69	39	47	81	13	39	39	42	79	82	80	60	6	11	30	98	82	96	90	60	77	74	67	
38	18	75	100	78	33	49	60	46	15	90	60	96	2	60	60	69	23	59	9	23	9	24	48	91	89	17	35	83	28	
90	24	16	88	38	34	38	43	27	76	30	20	98	27	8	56	82	31	47	24	58	37	58	80	29	16	56	79	50	46	
98	72	89	4	64	40	56	12	33	40	29	93	98	22	43	64	26	79	14	18	11	8	72	74	100	69	30	17	70	17	
32	43	95	96	56	99	57	1	28	98	31	12	86	76	83	11	48	99	20	47	56	12	8	81	5	39	17	65	18	63	
91	87	34	30	97	29	5	66	21	93	59	100	1	15	87	80	67	64	37	9	27	71	31	2	8	36	32	61	40	92	
45	59	25	25	41	52	24	67	4	57	95	18	96	39	41	8	79	93	84	77	51	9	88	33	87	99	90	21	69	51	
39	78	21	4	94	19	41	32	28	42	12	82	3	33	92	10	16	88	31	32	45	33	62	31	1	15	97	47	18	4	
73	25	9	55	75	30	40	49	29	7	61	89	82	15	81	81	6	57	91	87	71	36	81	2	89	48	36	74	89	83	
72	37	44	51	14	54	98	26	82	6	77	24	75	50	22	23	53	28	43	1	28	9	82	13	6	6	89	47	59	65	
18	73	80	27	85	6	18	16	4	43	55	43	62	7	86	99	95	71	51	20	11	41	57	90	8	60	11	86	26	92	
72	18	93	12	18	68	41	9	82	13	61	29	13	60	72	92	42	81	57	81	31	30	57	85	73	73	15	3	40	6	
7	92	69	59	81	53	82	6	35	29	32	89	66	56	23	81	62	96	91	43	21	76	57	14	6	90	100	71	24	69	
53	81	8	66	84	26	75	46	44	5	24	73	29	56	3	97	1	45	33	42	82	7	59	65	13	12	21	23	65	64	
86	3	58	13	86	46	80	53	91	70	97	87	44	97	29	65	15	47	47	18	92	70	57	91	98	94	99	56	75	92	
94	4	35	19	43	88	33	45	49	44	68	97	47	23	70	37	93	2	34	67	41	10	88	29	29	21	23	98	96	25	
11	57	74	79	67	24	48	83	84	13	55	13	2	64	15	4	82	70	75	89	86	8	16	58	41	78	43	91	42	9	
98	24	50	83	97	12	35	50	61	58	48	21	22	3	82	62	74	43	6	87	97	87	84	22	14	82	46	90	73	66	
54	88	19	5	51	49	51	33	15	62	86	61	72	10	10	97	52	19	74	72	3	20	13	55	99	49	64	89	8	47	
61	77	51	22	53	80	47	48	88	36	74	51	44	91	49	70	11	80	47	52	89	75	12	18	77	27	61	98	78	9	
34	79	82	30	78	59	78	41	82	78	29	22	36	2	65	38	6	68	45	40	28	8	66	23	11	71	76	5	22	64	
On machine	2
49	20	76	57	39	99	43	80	85	35	67	90	24	94	51	61	71	40	85	84	5	4	11	95	40	42	16	82	58	94	
59	11	83	55	60	34	6	25	73	88	49	31	27	5	58	94	57	38	92	90	59	7	41	98	3	18	61	42	56	96	
74	34	8	96	38	2	16	73	54	56	53	83	28	17	57	61	79	64	14	69	10	4	50	72	10	88	100	72	92	52	
62	7	42	5	24	66	20	33	84	78	51	8	26	61	93	33	62	73	72	49	11	84	23	77	50	59	97	75	27	17	
49	24	44	18	73	87	24	69	87	75	77	5	1	32	29	47	100	39	17	97	15	33	59	45	45	67	94	93	20	95	
96	73	92	93	47	78	51	63	47	46	6	73	83	15	36	86	17	24	85	83	43	42	90	100	60	39	35	76	87	9	
61	24	42	25	69	53	61	46	52	54	58	64	65	59	61	51	56	60	39	5	36	28	96	19	8	74	71	15	41	65	
13	55	39	38	94	16	4	42	82	58	25	52	8	19	99	21	15	66	29	51	35	33	53	63	11	24	12	46	74	84	
18	78	58	24	33	16	35	83	9	93	78	66	76	49	10	3	26	63	87	91	84	91	100	8	88	28	60	93	48	78	
45	82	80	14	53	51	57	43	74	93	76	22	28	63	82	41	100	69	13	77	58	2	51	79	55	94	74	15	56	79	
23	68	12	14	82	27	68	20	26	39	43	74	45	96	80	88	87	63	69	32	76	6	55	87	59	57	11	52	25	67	
91	42	45	48	29	70	64	51	80	56	84	92	97	82	73	5	95	57	64	16	34	33	12	51	72	11	37	95	37	1	
74	54	89	52	22	28	11	76	51	47	40	97	7	30	52	2	30	59	5	67	19	9	34	43	67	28	49	85	11	74	
24	89	66	58	88	31	58	11	24	84	77	91	73	62	7	80	78	13	74	51	81	57	58	79	2	94	38	41	31	65	
7	74	89	93	63	20	31	38	93	76	96	5	63	15	78	76	92	43	68	55	71	97	72	11	83	77	25	46	69	82	
6	16	83	10	72	52	11	28	68	82	63	4	77	47	81	2	96	45	34	88	45	97	11	65	97	26	100	50	16	88	
21	94	97	85	65	72	36	62	68	29	23	13	72	43	40	10	48	58	38	20	77	16	46	70	24	10	17	9	44	81	
79	35	4	74	41	92	72	82	37	88	12	89	62	29	52	17	84	95	62	37	61	29	57	74	10	30	64	6	3	80	
15	27	5	99	7	74	77	73	27	33	21	17	34	22	90	6	8	77	98	93	77	84	93	13	79	37	91	33	30	47	
28	68	80	80	46	53	7	94	90	9	52	89	21	65	6	1	54	94	2	89	29	88	87	95	69	91	81	20	37	24	
34	46	12	83	5	32	43	96	59	94	100	56	66	82	100	12	51	82	39	60	67	43	79	97	42	85	98	91	97	8	
21	15	8	39	10	12	89	51	96	92	34	14	38	48	21	47	8	99	75	77	8	45	4	76	8	95	37	60	31	90	
97	21	39	8	64	77	18	52	60	100	92	30	54	17	40	67	1	58	17	26	65	13	95	2	72	88	69	54	51	74	
25	71	79	51	42	69	98	70	46	13	50	20	80	29	22	52	51	4	22	57	28	55	57	44	8	100	66	18	38	6	
78	68	43	66	77	57	11	93	54	40	35	50	52	15	64	69	90	23	91	95	33	89	97	80	36	36	64	79	84	76	
78	80	29	6	94	52	57	5	9	32	92	36	8	95	60	65	71	90	58	50	83	89	16	2	35	84	36	46	87	29	
17	40	82	96	96	35	22	48	82	57	65	7	52	58	23	93	35	82	85	97	10	76	28	13	16	15	14	15	6	18	
72	16	56	23	61	4	51	25	14	18	80	54	27	93	26	90	48	99	65	13	83	53	78	63	33	36	13	82	28	18	
46	79	92	51	63	45	88	50	54	30	63	75	15	100	66	63	55	71	92	14	79	15	65	51	10	57	79	40	20	61	
94	92	37	47	58	91	57	26	59	73	9	91	72	70	47	70	14	19	25	26	71	80	63	8	54	77	70	27	54	55	
On machine	3
43	13	23	5	41	56	91	3	30	57	57	41	4	36	14	39	68	14	25	23	10	4	40	91	75	52	99	82	2	61	
53	17	96	2	13	50	4	27	15	31	70	31	26	51	76	13	72	58	38	10	76	99	60	30	96	47	33	43	3	39	
70	66	12	76	50	95	20	46	20	68	65	35	29	48	99	26	11	21	71	84	81	79	6	65	81	95	10	26	59	13	
63	22	51	36	9	62	48	30	61	45	35	42	81	16	96	40	36	87	10	50	38	84	53	41	36	35	55	2	27	54	
4	97	99	98	35	85	93	46	28	13	72	24	71	63	80	85	53	43	84	44	26	38	14	34	10	24	53	85	16	6	
98	66	88	32	54	59	32	46	91	81	29	53	48	22	38	97	82	71	17	65	80	43	21	78	75	95	41	19	63	49	
15	52	16	11	91	94	61	30	32	71	65	62	55	98	10	71	27	33	18	72	41	13	56	52	81	86	8	34	64	28	
30	93	48	40	49	44	64	27	79	94	9	36	23	29	74	64	65	36	10	11	25	6	3	36	31	1	33	57	6	96	
100	49	43	76	63	18	36	37	21	78	56	63	17	64	78	3	58	35	18	4	75	59	15	33	53	82	49	52	24	49	
100	39	66	87	50	87	88	90	58	6	77	1	66	78	94	4	50	10	71	2	89	95	58	88	2	19	37	3	11	24	
52	96	67	33	13	81	50	5	71	79	70	76	45	46	39	73	27	53	34	97	81	22	29	21	15	99	81	50	33	23	
9	2	92	27	54	93	56	45	8	10	36	94	69	18	67	38	27	79	16	96	98	13	88	59	10	91	10	13	18	86	
19	97	26	61	72	54	82	76	77	57	72	38	95	67	22	49	88	5	11	53	81	8	84	92	20	45	61	72	31	68	
54	29	5	90	3	73	32	9	83	21	91	35	84	58	4	46	10	96	52	75	23	81	54	44	9	9	77	79	70	97	
10	56	100	33	34	98	35	6	32	7	24	8	41	97	11	29	7	67	48	31	100	83	90	78	51	51	96	84	20	35	
80	56	28	91	13	89	14	25	43	89	44	57	50	66	9	99	75	43	93	17	62	38	6	30	96	21	36	26	43	18	
43	51	28	39	83	3	20	38	17	39	75	77	24	15	80	30	38	35	89	49	32	42	49	78	75	56	47	44	57	89	
22	86	8	8	37	58	56	13	58	31	83	15	98	55	44	25	71	52	4	35	92	94	13	100	83	58	16	5	40	82	
42	8	10	44	5	18	24	23	8	93	2	96	16	99	4	70	24	19	22	92	83	29	76	50	73	8	12	62	96	21	
66	60	36	75	95	61	60	33	65	8	18	99	5	41	88	37	78	94	1	81	74	55	16	55	31	22	99	65	87	55	
54	19	35	100	33	1	36	12	32	72	87	77	77	43	23	51	67	78	28	63	89	14	6	60	41	82	63	5	22	97	
73	75	24	85	51	85	42	15	34	21	40	92	15	56	63	56	87	57	89	10	17	10	94	75	7	36	99	53	72	23	
28	74	70	77	41	73	39	59	56	2	64	57	42	53	24	3	67	24	70	31	87	88	70	58	94	8	5	53	26	14	
51	65	84	25	21	90	73	76	19	95	45	31	7	30	57	51	19	69	60	49	19	62	95	73	31	59	91	41	67	65	
95	43	79	42	2	98	74	56	83	54	30	28	71	93	86	67	73	54	91	31	36	88	87	13	11	62	2	98	63	25	
6	4	40	29	62	66	45	25	90	30	5	38	73	18	1	95	30	1	74	62	61	96	98	52	33	60	65	53	82	82	
76	98	69	40	95	88	29	41	63	62	97	9	34	30	35	89	58	68	79	14	44	82	100	32	98	39	62	24	87	14	
17	15	73	78	49	63	62	48	34	32	83	80	34	68	35	32	65	62	12	61	8	97	67	23	41	35	8	63	14	4	
7	19	52	65	82	78	9	1	39	1	53	98	82	73	82	31	34	85	98	49	46	10	70	87	91	97	40	98	44	29	
72	76	19	42	86	25	78	58	22	64	25	10	22	64	18	87	24	62	24	1	31	56	64	3	56	30	32	84	44	72	
On machine	4
43	25	92	29	82	29	8	82	23	34	100	6	83	8	64	77	68	86	57	6	1	23	48	21	82	47	67	88	35	72	
22	38	19	95	40	30	56	62	65	57	56	41	30	58	43	67	95	49	88	60	13	50	22	37	24	75	64	8	42	65	
46	80	69	70	5	35	17	55	96	90	62	57	33	100	41	97	68	91	56	20	87	80	35	30	9	29	60	43	58	28	
30	7	42	33	70	74	81	92	6	29	64	68	94	58	31	19	64	78	50	24	43	59	51	69	71	91	55	20	79	11	
96	80	19	12	36	59	100	14	12	35	89	50	79	22	46	92	32	26	44	1	17	77	43	25	85	40	11	88	13	70	
62	97	22	48	36	16	35	22	92	49	8	52	94	33	29	78	30	92	9	69	60	42	61	67	69	78	78	25	84	89	
6	75	48	77	33	75	85	69	14	22	37	34	99	87	22	67	71	33	77	13	14	48	5	58	38	14	88	3	97	76	
29	43	17	66	98	54	3	55	12	33	15	62	81	20	28	100	13	22	87	55	80	7	84	50	42	16	41	70	61	79	
93	64	55	5	36	13	100	96	93	66	62	16	9	52	97	16	86	70	50	77	30	80	18	23	65	48	40	29	88	63	
3	14	100	79	17	43	78	86	29	31	12	77	98	100	67	98	11	28	15	34	54	56	84	47	32	100	95	70	47	19	
4	84	23	81	69	99	73	74	59	62	53	80	82	8	82	15	63	49	79	24	6	13	88	96	66	2	17	78	52	96	
14	88	74	3	85	6	27	89	55	88	30	49	97	62	77	31	22	68	64	52	76	98	31	44	89	12	90	87	94	86	
2	57	66	16	16	50	76	20	92	97	4	56	5	30	45	89	20	5	63	80	6	29	35	8	78	58	68	28	38	87	
7	51	24	75	70	61	84	30	44	40	91	62	4	91	31	23	32	33	46	43	61	78	89	66	16	37	19	66	10	85	
56	54	55	61	45	20	3	25	60	51	59	84	4	74	6	23	89	46	59	31	77	46	75	6	81	92	98	34	38	35	
74	94	90	75	67	65	79	53	8	24	94	56	46	95	91	7	75	87	53	92	78	79	80	63	73	16	46	99	89	69	
71	18	26	51	82	12	22	74	17	18	78	80	100	27	92	78	29	26	79	31	4	53	100	67	7	1	33	73	17	55	
50	16	70	87	71	61	78	91	97	24	35	47	9	67	60	46	3	31	40	47	96	20	82	92	93	17	58	87	68	20	
88	60	5	71	99	70	91	7	53	77	51	19	57	59	68	32	53	98	79	52	69	5	77	57	32	11	18	40	81	96	
5	77	56	85	61	25	43	78	74	49	47	38	77	52	91	91	68	68	23	75	77	29	36	90	80	59	24	44	23	49	
8	61	74	45	50	39	55	98	64	77	15	27	68	14	82	46	25	3	24	14	50	68	9	80	82	8	38	20	35	64	
83	78	19	66	11	67	96	66	79	6	75	17	51	26	88	8	39	54	31	71	65	18	74	75	14	83	93	24	22	82	
2	15	95	93	11	15	65	63	20	78	48	26	73	39	90	41	79	2	72	86	62	27	54	76	71	26	85	14	75	86	
12	97	28	73	47	22	26	68	52	2	12	63	70	61	68	67	83	13	77	74	32	85	20	55	32	93	17	58	9	71	
10	94	66	91	84	89	85	52	25	64	67	95	98	36	42	11	22	12	54	93	86	41	60	52	58	90	78	52	84	75	
95	56	68	35	74	74	40	81	12	99	21	4	79	98	1	59	20	37	42	72	69	45	6	90	19	85	9	25	49	50	
13	53	10	25	100	87	40	65	95	71	22	75	100	5	59	12	73	22	47	62	19	97	65	77	74	11	2	75	55	68	
37	93	38	35	11	96	70	40	73	61	85	16	32	53	40	100	24	16	37	22	28	2	95	60	24	42	52	30	84	42	
30	83	13	99	64	70	46	51	93	11	57	5	6	43	49	32	63	16	97	34	79	58	86	37	93	49	66	3	10	44	
38	34	13	53	86	100	96	11	86	1	67	32	15	81	89	86	6	76	7	60	75	2	18	100	10	72	49	76	83	4	
