Factories	4
Families	20
Machines	4
SetupType	3

Number of Jobs in each Family
5	4	2	9	6	6	10	4	5	10	5	7	6	9	9	5	7	8	1	10	

Jobs in each Family
0	1	2	3	4	
5	6	7	8	
9	10	
11	12	13	14	15	16	17	18	19	
20	21	22	23	24	25	
26	27	28	29	30	31	
32	33	34	35	36	37	38	39	40	41	
42	43	44	45	
46	47	48	49	50	
51	52	53	54	55	56	57	58	59	60	
61	62	63	64	65	
66	67	68	69	70	71	72	
73	74	75	76	77	78	
79	80	81	82	83	84	85	86	87	
88	89	90	91	92	93	94	95	96	
97	98	99	100	101	
102	103	104	105	106	107	108	
109	110	111	112	113	114	115	116	
117	
118	119	120	121	122	123	124	125	126	127	

Total number of jobs
128

Processing times of jobs
8	10	10	10	
1	7	6	10	
9	2	7	5	
7	4	1	2	
3	3	4	5	
8	8	6	4	
5	7	9	10	
5	3	9	10	
7	7	4	1	
8	9	9	6	
10	1	2	2	
4	3	9	1	
9	10	4	5	
9	1	8	5	
9	8	1	2	
1	2	8	9	
2	6	4	1	
10	1	10	1	
2	8	1	8	
5	2	5	8	
3	2	1	6	
9	8	9	6	
2	2	10	2	
2	1	6	9	
7	5	4	5	
10	7	4	10	
9	7	10	3	
6	10	3	3	
8	9	7	6	
1	2	10	4	
3	7	4	3	
2	9	8	10	
5	3	5	1	
4	3	4	7	
10	9	1	5	
1	4	8	1	
6	4	7	8	
2	1	9	6	
4	2	8	10	
3	5	6	2	
7	10	7	3	
10	2	10	10	
2	5	4	9	
9	8	3	6	
1	4	9	1	
2	7	1	2	
8	6	2	8	
5	4	3	2	
6	3	7	9	
7	5	7	1	
3	1	1	4	
2	7	6	8	
6	6	10	1	
8	10	7	8	
1	4	6	8	
3	4	10	8	
1	5	1	6	
10	9	7	10	
1	4	6	9	
3	8	8	1	
3	8	6	6	
4	8	5	5	
3	3	5	10	
9	1	1	4	
9	1	8	9	
8	3	8	10	
9	4	7	2	
5	3	9	10	
5	8	4	9	
1	9	1	9	
5	1	9	8	
6	9	4	4	
1	7	4	6	
2	7	8	8	
3	8	9	1	
9	2	9	9	
1	2	1	2	
3	1	3	2	
8	2	5	4	
2	2	7	10	
5	5	1	7	
2	7	5	3	
10	9	8	3	
4	6	3	10	
10	8	6	1	
9	2	3	1	
10	1	10	5	
2	10	8	7	
6	10	2	8	
5	10	1	9	
4	8	9	1	
4	10	5	2	
1	10	8	5	
8	10	2	5	
9	7	2	1	
9	1	8	10	
8	7	10	8	
10	5	9	6	
5	3	1	4	
2	1	4	4	
9	2	3	2	
10	8	1	9	
4	6	2	4	
6	9	9	8	
8	3	1	4	
3	7	3	9	
5	2	8	2	
8	7	4	8	
7	2	2	2	
4	7	8	9	
1	9	1	2	
6	10	6	3	
8	2	2	9	
10	8	6	10	
6	3	6	3	
10	2	10	4	
3	2	8	10	
10	8	8	7	
1	5	2	7	
10	3	5	7	
2	9	3	6	
4	8	9	5	
1	6	7	9	
1	4	8	3	
6	1	3	2	
1	5	9	3	
5	8	2	8	
7	3	3	3	

Stepup times between Families, where [f][f] represents initial setup time
On machine	1
100	1	80	92	2	31	38	81	53	63	7	12	38	3	46	67	48	32	92	51	
73	49	11	51	62	49	13	56	39	18	98	66	15	56	31	42	54	17	15	50	
100	11	67	92	4	21	44	66	65	30	27	73	13	26	46	81	7	53	78	64	
3	53	21	11	43	10	92	65	92	64	23	57	25	97	75	11	20	22	92	74	
82	79	16	12	68	24	24	65	79	98	71	24	76	1	92	80	88	8	63	46	
49	64	41	60	82	96	91	81	72	60	5	70	50	19	68	65	73	95	22	63	
23	12	76	76	33	60	76	69	84	49	28	93	65	87	47	89	75	48	27	4	
56	77	94	39	79	15	41	48	73	30	14	73	43	12	57	43	23	5	37	16	
48	34	87	98	55	19	80	41	4	54	3	31	77	84	77	33	33	62	76	96	
52	1	9	62	94	81	34	39	37	92	4	23	59	85	89	72	72	87	52	84	
19	72	63	97	11	78	29	76	69	16	29	99	1	60	84	29	97	60	67	26	
72	86	71	68	50	24	32	17	79	96	99	22	3	96	27	63	9	94	62	60	
35	62	41	99	84	68	9	51	55	19	40	57	68	30	31	25	16	99	93	15	
45	65	29	30	22	10	67	5	64	16	52	80	66	79	30	57	11	64	90	68	
1	25	13	4	100	48	13	43	39	20	73	39	46	22	14	53	36	25	3	55	
7	4	7	69	91	7	2	89	59	68	97	60	90	35	98	54	24	5	72	73	
91	25	10	81	65	7	90	3	31	81	72	28	79	67	35	63	97	15	75	63	
51	9	36	74	35	75	24	89	65	12	99	1	37	46	70	53	94	73	93	64	
44	50	24	97	60	52	45	66	25	34	83	99	45	94	6	63	4	24	97	35	
59	93	84	17	33	45	92	50	98	83	91	56	10	93	60	87	37	24	71	22	
On machine	2
42	20	77	72	45	75	11	84	24	62	11	45	45	49	82	82	22	76	67	57	
17	45	53	71	82	37	97	4	38	53	22	38	73	62	89	43	28	16	14	58	
79	94	72	87	40	27	13	92	9	58	5	14	62	12	77	32	75	2	65	12	
1	93	67	68	66	39	34	60	9	26	85	48	78	55	70	53	100	15	65	79	
85	36	93	9	54	15	28	36	59	1	14	97	99	8	40	58	92	95	42	55	
14	92	87	53	21	5	43	82	20	17	54	46	3	49	35	54	21	63	39	83	
58	45	71	57	19	4	11	97	80	34	60	83	36	79	16	4	27	37	81	7	
4	46	100	67	34	65	87	76	30	10	4	9	93	38	16	86	14	67	78	77	
49	21	16	50	85	30	68	6	13	1	51	77	97	61	51	48	47	80	85	29	
57	54	53	86	40	12	8	90	87	29	11	89	12	83	86	82	5	33	40	35	
47	12	5	26	51	99	23	2	62	87	13	47	51	74	81	53	30	28	93	65	
72	64	4	67	68	9	67	92	16	52	90	99	92	75	79	74	57	6	64	45	
26	5	39	19	4	91	12	59	52	9	62	93	85	94	23	41	10	82	29	48	
45	100	11	78	64	96	89	35	84	76	55	28	76	47	80	89	11	36	73	84	
21	4	23	77	11	82	31	48	85	46	65	66	92	32	63	55	8	70	67	31	
36	81	6	5	7	88	66	84	77	89	90	80	42	92	32	36	46	41	56	96	
34	41	15	53	98	80	3	52	24	58	93	15	96	68	30	2	36	32	46	22	
13	7	86	67	11	45	61	79	21	58	26	24	89	36	68	2	15	93	85	87	
67	78	99	19	84	65	4	12	38	11	17	37	8	20	49	68	43	31	99	2	
81	97	33	50	1	58	94	90	62	90	35	89	86	49	97	31	29	44	70	99	
On machine	3
82	18	89	50	85	79	67	81	18	15	16	17	73	70	37	52	51	99	15	83	
72	7	71	53	84	12	16	27	35	53	70	30	56	8	60	37	13	37	28	32	
1	52	65	91	22	2	94	83	38	44	65	65	48	25	47	45	94	5	30	30	
77	25	43	11	7	29	4	25	100	64	85	58	84	94	47	13	56	24	28	99	
91	72	62	42	35	67	50	99	32	95	68	58	8	96	96	80	75	93	15	64	
93	7	88	26	82	58	12	56	82	17	96	92	57	59	41	36	16	69	28	20	
77	10	71	41	83	16	35	46	54	73	100	52	49	22	22	78	100	15	94	46	
76	35	84	21	13	42	81	92	88	12	32	16	94	39	61	67	3	51	95	57	
29	69	83	46	63	82	71	24	34	5	39	63	91	48	45	87	55	83	52	42	
47	86	80	99	10	33	48	78	39	40	16	97	47	75	4	50	72	34	48	10	
71	57	81	41	87	4	68	23	6	13	97	2	36	30	51	17	5	36	51	97	
4	36	62	81	70	49	82	60	87	34	35	82	55	66	30	98	31	57	67	98	
79	13	80	76	67	25	93	53	89	57	73	71	22	34	37	3	26	42	91	87	
93	23	46	96	87	84	84	8	96	45	28	23	41	37	45	19	98	97	86	60	
88	62	4	65	16	78	41	85	96	67	14	1	82	48	92	6	59	64	86	61	
98	84	34	73	89	92	88	8	22	17	7	98	22	18	43	99	91	52	70	24	
20	98	56	52	53	69	16	70	54	45	28	37	24	96	32	27	6	19	85	7	
78	1	66	91	40	46	10	45	54	89	93	52	93	6	99	81	14	59	64	86	
13	35	54	2	38	55	36	38	33	16	93	100	8	10	40	71	74	68	69	94	
22	32	68	68	67	52	76	79	11	33	11	16	63	34	20	75	77	40	93	90	
On machine	4
37	13	54	19	96	83	37	69	83	63	72	92	18	1	60	14	92	98	3	28	
65	87	97	61	29	71	34	91	17	12	47	7	39	98	57	55	67	5	66	23	
83	8	47	69	75	29	66	60	30	95	45	90	7	25	62	60	87	1	52	43	
77	42	10	81	23	22	75	18	89	34	97	39	52	5	10	10	97	27	8	87	
77	59	12	19	3	100	14	87	40	77	78	43	14	14	58	75	56	97	94	34	
97	12	4	90	15	88	89	87	27	15	48	75	14	67	38	53	97	7	89	52	
48	78	33	55	95	20	99	55	35	31	20	52	76	59	25	91	31	17	29	23	
53	94	44	7	48	22	29	16	6	19	91	4	60	76	83	94	93	69	41	55	
43	60	3	7	9	69	62	24	78	79	24	28	36	43	54	37	44	92	15	22	
90	55	24	91	52	7	17	33	88	76	92	47	93	13	13	21	93	16	18	7	
92	58	15	100	76	18	65	55	58	70	70	65	44	79	88	1	55	4	68	29	
35	38	88	41	49	50	65	68	63	19	61	93	66	30	63	56	80	20	100	22	
65	47	20	99	77	31	52	57	58	58	50	24	94	25	70	16	69	21	58	42	
28	11	22	10	52	4	74	32	97	60	13	66	70	3	72	26	32	32	14	85	
73	53	97	46	2	59	72	83	68	76	42	57	40	31	3	18	57	79	70	52	
51	30	91	55	32	86	82	71	98	45	7	15	71	74	87	49	35	36	100	95	
84	58	80	45	86	67	67	13	14	83	58	23	37	66	86	57	36	69	86	77	
34	14	28	12	44	27	86	99	76	63	84	72	14	4	84	28	99	83	46	98	
78	40	89	10	91	81	14	11	90	19	8	42	77	92	40	12	45	87	5	22	
50	91	62	6	9	45	50	12	50	92	100	42	30	3	37	62	26	34	91	58	
