Factories	4
Families	30
Machines	6
SetupType	2

Number of Jobs in each Family
3	3	4	1	8	3	6	8	2	8	5	4	6	4	4	1	3	6	6	1	7	5	2	10	1	9	9	9	4	1	

Jobs in each Family
0	1	2	
3	4	5	
6	7	8	9	
10	
11	12	13	14	15	16	17	18	
19	20	21	
22	23	24	25	26	27	
28	29	30	31	32	33	34	35	
36	37	
38	39	40	41	42	43	44	45	
46	47	48	49	50	
51	52	53	54	
55	56	57	58	59	60	
61	62	63	64	
65	66	67	68	
69	
70	71	72	
73	74	75	76	77	78	
79	80	81	82	83	84	
85	
86	87	88	89	90	91	92	
93	94	95	96	97	
98	99	
100	101	102	103	104	105	106	107	108	109	
110	
111	112	113	114	115	116	117	118	119	
120	121	122	123	124	125	126	127	128	
129	130	131	132	133	134	135	136	137	
138	139	140	141	
142	

Total number of jobs
143

Processing times of jobs
4	7	10	3	9	8	
10	2	3	4	5	4	
1	5	2	7	10	7	
1	2	6	1	9	9	
5	9	8	5	5	5	
4	8	10	4	10	8	
2	1	8	5	3	6	
10	10	4	5	3	9	
10	7	6	7	2	1	
7	4	6	7	8	1	
2	6	1	6	1	3	
10	6	1	2	3	2	
6	6	6	8	8	10	
6	4	4	8	7	7	
5	7	2	10	7	2	
10	3	10	1	6	6	
7	5	2	4	10	9	
8	7	4	2	6	8	
3	5	5	2	10	1	
9	6	9	8	10	5	
10	8	10	5	9	8	
2	2	6	9	7	7	
10	10	7	5	1	3	
3	6	5	3	4	1	
8	7	7	9	3	8	
2	3	7	6	5	1	
3	2	3	3	8	9	
8	2	7	4	10	9	
4	9	2	4	6	8	
7	9	10	3	10	5	
6	9	7	8	9	7	
8	3	4	7	10	8	
8	1	10	3	10	10	
4	8	7	2	9	2	
7	2	4	7	10	8	
6	2	4	6	2	2	
7	5	10	3	9	7	
6	2	8	7	10	4	
6	2	3	6	7	9	
8	2	3	8	8	8	
3	6	2	9	3	9	
6	9	7	4	6	2	
2	1	10	5	5	9	
9	3	4	6	6	3	
7	2	6	10	10	4	
9	5	3	7	10	7	
3	6	5	2	4	8	
7	5	6	1	3	1	
6	2	10	10	5	5	
6	9	7	3	9	5	
3	10	6	8	10	9	
10	8	4	8	10	10	
6	7	8	9	9	7	
2	10	9	2	7	7	
5	9	10	4	1	1	
8	8	2	4	5	8	
4	7	9	1	5	9	
1	8	9	8	2	4	
2	4	10	4	4	9	
7	1	7	10	9	8	
1	10	10	2	7	9	
6	5	3	10	4	7	
10	7	7	4	5	2	
10	4	9	8	7	1	
3	9	1	1	6	7	
8	9	5	9	2	5	
6	2	4	1	3	2	
7	8	4	5	6	8	
5	9	2	4	7	5	
4	3	2	3	6	10	
10	6	8	5	9	3	
7	7	7	7	8	6	
9	3	5	6	3	4	
3	3	3	7	1	3	
6	8	1	8	4	4	
2	10	10	5	3	6	
3	5	4	1	3	10	
8	5	3	9	10	6	
4	8	5	4	4	8	
10	4	1	8	8	4	
5	9	5	10	6	9	
8	5	10	3	7	10	
8	9	8	10	4	7	
1	3	5	9	3	1	
6	1	10	9	8	7	
2	8	4	9	1	8	
10	1	7	5	10	5	
7	6	1	1	3	7	
3	8	6	4	8	10	
4	5	4	7	8	6	
8	5	4	3	9	7	
4	9	7	3	4	7	
5	3	4	8	5	10	
3	3	6	10	10	4	
6	5	2	1	8	10	
9	5	5	6	4	2	
5	10	9	6	1	7	
10	7	5	2	5	9	
6	4	1	7	1	9	
10	7	3	8	6	5	
2	6	6	10	3	2	
2	9	2	5	8	1	
9	1	8	3	2	3	
6	8	10	4	4	3	
6	7	3	7	10	9	
7	6	6	3	1	3	
6	5	9	6	5	9	
4	1	1	5	8	10	
8	3	8	1	7	2	
3	6	9	2	10	9	
10	5	6	1	6	6	
5	8	4	7	3	6	
10	6	8	4	8	4	
8	7	3	4	8	4	
7	1	5	7	7	5	
7	4	7	2	1	10	
9	5	8	9	3	5	
3	2	4	8	1	5	
8	5	7	3	8	5	
6	10	3	8	7	4	
7	5	3	4	4	2	
2	4	9	6	1	8	
7	8	9	3	7	10	
10	7	9	10	5	8	
5	8	7	8	8	2	
6	3	9	2	5	6	
2	2	3	6	6	6	
10	4	5	3	7	7	
10	2	4	6	1	7	
5	4	9	9	5	7	
8	1	6	1	6	8	
4	3	4	5	2	6	
1	6	6	4	1	4	
2	10	3	10	10	3	
6	9	4	9	9	5	
7	3	10	5	10	7	
10	4	8	5	1	1	
6	4	8	2	4	5	
1	4	7	8	2	3	
8	1	9	4	9	7	
1	4	7	1	2	6	
5	6	5	10	3	5	
5	2	7	9	9	6	

Stepup times between Families, where [f][f] represents initial setup time
On machine	1
42	25	43	19	44	49	41	1	39	18	49	8	11	22	23	8	46	39	42	10	22	31	17	40	45	16	31	25	28	42	
48	33	9	21	11	35	35	25	40	15	41	30	38	16	13	36	28	29	27	21	26	11	30	30	6	3	50	38	41	30	
1	48	44	7	5	5	29	7	23	23	22	31	16	32	39	36	8	37	29	20	29	1	22	47	22	45	29	25	27	29	
41	29	22	37	45	44	48	17	15	9	46	18	10	41	35	16	44	16	8	15	28	50	45	8	21	1	27	21	26	4	
10	26	28	43	25	40	49	28	35	1	17	31	35	41	48	44	13	28	43	41	32	19	34	37	41	40	13	42	12	45	
40	37	10	42	5	20	14	40	1	14	32	18	4	5	13	4	45	24	20	32	10	50	8	8	11	21	38	19	39	44	
36	3	28	13	41	38	17	6	38	41	11	9	23	36	36	10	5	46	7	36	2	35	17	33	38	19	19	46	50	28	
38	47	47	40	12	20	47	33	11	38	2	16	25	9	16	5	29	15	50	34	22	38	44	19	20	36	13	20	50	5	
16	48	30	14	50	11	50	18	5	25	17	18	3	5	17	10	10	50	11	44	40	48	14	6	22	49	6	39	16	37	
32	33	48	35	19	9	28	34	42	17	40	26	45	21	41	43	29	30	29	44	44	5	42	12	17	23	21	48	25	10	
37	45	3	15	45	42	7	2	16	40	46	2	28	23	8	41	45	38	17	4	4	3	2	40	28	9	19	3	48	37	
14	18	4	25	37	36	18	16	30	28	9	2	45	39	7	15	46	24	14	33	23	42	25	36	15	32	1	22	5	18	
50	26	40	4	8	8	8	27	19	29	19	31	26	24	40	2	36	48	37	39	7	45	50	18	33	17	4	33	31	7	
7	40	18	43	1	28	43	16	37	11	19	22	25	35	28	1	49	46	1	11	17	20	21	18	20	13	35	13	28	11	
13	1	10	12	29	42	15	20	42	1	42	5	50	22	46	41	29	10	19	19	25	37	14	25	32	45	1	42	20	35	
25	25	20	19	13	47	22	17	9	29	34	43	27	10	1	7	11	47	4	37	34	32	25	6	46	45	33	11	29	9	
25	23	18	34	28	3	12	29	40	16	48	9	18	50	42	30	2	47	2	6	16	12	6	21	22	41	19	30	12	29	
22	18	41	14	11	20	20	40	3	42	35	40	12	48	3	24	23	5	38	9	27	44	6	32	47	40	31	26	2	24	
48	7	30	30	31	35	38	31	24	45	32	42	14	6	26	39	50	13	34	28	20	18	50	3	35	32	19	28	3	10	
31	16	9	47	17	5	21	29	3	20	5	28	45	20	27	7	18	26	2	25	7	49	49	15	47	44	6	29	35	31	
19	32	22	9	2	18	15	43	20	46	23	45	21	30	17	5	32	33	46	27	37	16	7	32	2	30	24	19	46	49	
1	8	47	14	11	47	30	9	21	44	35	18	46	30	33	48	6	29	25	16	34	7	40	15	46	30	25	11	8	28	
39	48	26	47	28	17	28	40	30	8	47	47	41	6	39	5	16	28	6	42	42	3	40	7	5	1	18	17	9	28	
3	12	44	28	19	32	47	36	23	21	35	16	4	43	25	11	49	1	11	25	20	34	48	49	2	33	36	27	3	2	
16	18	50	44	25	15	36	18	25	41	40	6	17	8	3	27	10	31	40	39	41	7	8	44	27	39	42	47	22	9	
41	47	38	25	2	6	41	1	15	31	13	13	43	17	19	40	20	44	49	11	23	5	13	36	6	50	21	20	48	13	
48	44	44	36	14	39	29	10	36	38	8	19	30	13	44	28	12	13	45	31	46	4	43	41	30	20	34	16	34	14	
21	33	34	34	34	2	17	47	35	42	15	34	7	11	39	13	4	50	5	38	37	6	50	10	27	27	48	28	29	9	
35	7	29	24	46	33	1	35	20	11	19	40	7	35	43	11	12	10	29	45	34	3	33	27	13	8	50	8	16	38	
9	30	27	14	5	29	37	1	17	11	26	40	32	11	12	42	1	5	22	34	31	49	5	45	41	20	35	35	6	19	
On machine	2
39	8	24	23	45	26	2	24	3	13	23	5	7	37	40	16	41	2	1	4	3	26	48	45	18	7	12	14	31	25	
48	32	46	27	25	10	4	31	15	23	29	35	35	35	11	34	26	3	10	22	38	50	50	49	38	42	11	49	2	27	
14	8	36	3	26	40	42	25	24	42	9	23	23	49	8	33	11	6	18	4	8	8	12	24	27	35	22	50	49	21	
27	26	16	39	38	26	38	41	41	30	15	2	32	30	39	28	43	20	35	8	46	25	3	7	37	46	39	23	37	13	
50	40	39	34	45	3	42	47	33	1	34	11	12	33	27	48	49	9	39	37	20	21	38	37	30	29	41	50	17	49	
21	48	11	43	22	46	34	15	20	17	23	1	33	10	41	17	21	36	49	6	13	46	11	5	6	1	20	28	2	13	
15	42	7	23	30	21	6	4	21	30	20	5	37	17	33	15	33	15	10	40	48	27	13	9	7	16	42	29	42	4	
49	25	10	43	31	44	37	3	8	6	35	36	46	17	18	24	43	8	45	32	17	8	40	43	38	10	1	21	22	21	
39	50	40	19	4	40	27	36	29	31	6	6	30	45	46	47	43	35	7	17	42	35	18	25	12	4	47	1	9	31	
3	47	47	40	18	27	6	46	41	29	31	27	45	8	36	34	3	4	2	12	48	13	11	35	19	12	6	16	38	4	
2	37	41	10	23	38	22	17	34	4	7	1	39	40	6	20	2	24	13	24	9	29	40	15	30	40	11	13	9	5	
6	15	12	19	25	22	15	43	10	46	43	32	21	21	9	47	13	18	21	43	41	41	14	37	39	31	36	32	12	2	
47	34	25	44	43	43	10	25	49	24	36	42	32	48	45	27	2	20	44	16	27	6	32	8	9	29	33	5	19	44	
9	13	18	16	37	41	4	1	32	20	18	3	4	47	22	46	8	44	40	26	5	34	40	46	12	19	13	16	42	2	
16	13	8	46	27	5	3	24	2	7	11	40	29	7	36	28	42	29	20	48	30	10	6	25	45	15	45	1	34	29	
36	4	33	27	42	2	38	3	9	50	9	11	30	23	23	45	33	5	30	47	6	3	25	44	50	10	28	8	36	36	
37	2	50	15	35	49	43	40	6	22	44	24	9	20	6	27	23	17	28	30	43	10	25	42	48	12	27	16	34	46	
46	40	43	23	34	42	45	22	13	38	11	17	32	44	11	21	7	47	19	39	7	12	50	11	35	3	14	29	8	9	
16	29	47	2	47	47	5	27	9	46	16	40	36	42	26	22	28	45	28	29	29	4	17	30	42	29	42	8	31	17	
45	19	17	36	28	12	40	21	44	34	46	40	50	31	23	9	26	45	50	2	3	25	9	29	24	48	35	30	33	16	
28	12	23	15	38	7	13	12	29	37	15	44	32	45	44	29	10	25	36	49	4	45	42	21	40	49	8	16	3	36	
47	41	7	44	28	5	21	29	20	17	35	18	50	27	22	31	43	40	17	11	20	24	28	6	7	4	44	5	13	38	
40	16	20	31	47	6	24	29	13	11	19	11	32	43	41	38	40	15	43	7	10	47	14	32	50	14	26	5	35	1	
37	22	34	34	37	21	34	32	30	34	4	13	46	12	19	8	2	3	33	40	35	24	28	7	15	2	36	6	25	2	
31	3	7	11	48	30	50	50	43	23	40	33	5	38	17	43	36	50	8	16	10	46	45	9	16	14	2	1	28	48	
46	43	43	40	29	50	32	40	41	12	23	36	19	46	40	14	1	13	14	1	35	42	34	33	15	27	30	34	7	31	
43	3	48	32	37	33	30	41	45	29	26	49	15	10	46	12	34	38	44	4	9	42	41	17	26	12	17	1	11	39	
23	34	35	41	35	25	24	16	37	36	21	6	37	44	16	43	15	20	6	25	11	10	31	10	16	45	16	6	25	24	
27	21	30	2	3	1	12	11	18	18	34	40	34	23	36	31	48	13	37	47	47	10	33	21	32	23	50	15	3	50	
25	19	38	45	18	12	50	40	36	5	40	28	31	47	13	32	38	14	40	26	5	27	42	35	36	21	41	44	29	22	
On machine	3
33	22	24	39	26	22	31	33	4	20	9	5	7	30	30	19	17	25	35	35	44	12	10	7	13	38	2	38	40	14	
43	15	5	33	38	49	29	40	27	47	19	6	17	11	38	39	19	21	20	39	6	19	4	3	7	9	41	18	21	32	
3	15	42	7	27	16	2	2	48	36	11	12	19	15	27	28	44	44	15	38	44	8	42	32	3	36	40	23	15	36	
3	2	46	13	12	39	30	1	35	5	33	3	39	18	4	35	40	47	10	15	3	9	50	8	19	6	34	48	10	42	
46	33	25	13	24	34	22	48	3	47	1	20	49	15	16	27	49	5	22	47	13	49	35	24	22	16	11	28	11	50	
5	30	3	39	23	38	34	11	2	11	44	42	2	7	45	5	47	36	2	4	38	6	37	21	24	11	17	45	40	21	
40	48	13	19	13	3	7	1	11	44	35	25	20	49	31	36	33	23	30	48	2	44	34	42	37	19	20	36	50	9	
12	45	18	47	18	26	11	46	12	28	36	41	36	22	9	10	19	6	13	24	21	15	9	43	40	27	45	39	19	15	
44	14	14	12	49	25	4	29	18	4	28	14	7	23	17	20	14	50	30	24	25	13	18	47	45	2	34	31	17	26	
17	4	30	13	49	21	26	9	5	48	21	5	23	12	50	38	8	9	43	48	23	34	33	36	37	17	37	30	28	34	
30	17	42	23	11	4	21	40	19	50	19	14	22	10	15	41	50	15	18	14	27	16	24	14	10	2	26	9	2	16	
46	46	7	45	5	34	16	7	11	11	36	48	12	25	18	34	23	22	45	7	42	12	9	9	43	12	35	47	1	39	
16	10	32	18	38	20	32	1	29	46	21	5	10	44	28	32	14	44	45	16	16	48	6	37	32	44	38	13	30	6	
7	8	27	23	42	1	9	32	48	25	43	48	33	20	16	42	16	43	19	14	13	36	50	49	33	23	5	32	15	38	
34	2	22	24	8	28	17	37	29	31	28	21	41	10	45	2	50	27	50	44	36	32	44	11	44	17	47	40	19	31	
46	14	3	25	24	12	23	27	29	30	46	27	26	32	46	14	3	20	50	8	44	50	22	30	14	28	33	1	4	11	
45	23	37	48	45	42	5	36	27	15	48	29	33	28	50	50	7	46	38	12	45	7	4	39	14	48	23	43	45	31	
10	34	27	41	24	41	40	12	7	10	29	48	28	48	19	20	36	2	45	32	26	17	7	23	8	46	32	44	11	14	
43	31	49	3	14	22	10	10	46	26	40	5	50	47	21	21	43	31	20	22	39	24	12	47	25	19	27	27	23	34	
24	19	21	2	27	1	31	4	11	24	26	16	42	23	33	23	45	37	32	1	7	44	41	43	21	48	20	17	18	34	
9	10	21	37	28	41	11	18	7	50	48	6	18	44	2	42	25	2	34	36	5	1	45	41	30	46	45	21	15	2	
5	30	37	28	41	38	2	41	1	7	1	35	18	2	17	3	24	21	21	38	21	28	5	12	17	3	20	41	42	36	
25	36	5	27	9	41	28	8	38	36	14	13	40	13	4	6	42	42	47	25	49	10	20	46	32	7	9	42	40	28	
50	33	39	44	40	9	18	42	35	38	41	8	49	17	45	49	1	36	35	41	38	41	32	14	11	6	25	40	50	6	
2	4	9	3	38	43	10	27	47	22	36	37	23	17	34	47	10	34	41	11	48	43	15	21	32	18	40	43	1	9	
20	28	31	6	40	10	10	49	1	39	38	47	49	5	48	15	19	41	20	24	19	18	37	15	14	37	37	22	19	1	
29	43	49	11	6	22	27	20	14	19	13	35	6	33	12	22	47	20	15	39	50	18	10	3	50	23	32	21	4	1	
26	36	6	9	50	15	47	15	41	50	19	6	10	26	23	3	43	9	14	24	15	50	33	9	44	42	26	24	34	15	
6	13	37	45	35	28	47	32	33	42	32	7	50	8	6	48	37	42	8	6	26	47	47	15	24	37	46	35	10	7	
2	22	13	41	44	12	43	23	35	8	14	40	35	17	42	35	34	14	33	33	44	37	12	25	4	3	4	34	22	33	
On machine	4
26	20	15	44	11	44	37	23	13	34	4	42	1	39	30	40	50	25	20	16	39	49	11	50	11	35	8	14	12	47	
12	41	29	37	17	5	3	47	23	47	7	45	31	40	10	47	49	41	39	8	44	10	41	28	10	26	50	32	35	33	
9	31	41	34	23	17	20	47	23	50	40	29	36	3	36	22	48	37	23	4	31	48	14	41	31	18	4	32	48	35	
39	6	14	21	11	21	50	7	50	47	38	49	28	47	42	11	43	47	12	40	46	19	37	15	42	39	24	14	37	26	
34	40	42	7	5	45	43	19	10	36	33	25	13	2	21	17	23	39	4	12	26	17	31	24	27	7	32	6	10	1	
23	32	39	1	16	17	29	13	23	11	23	25	9	29	13	25	23	39	12	34	25	49	14	4	38	30	45	6	46	43	
4	29	2	44	23	7	11	20	45	43	36	50	22	8	50	50	1	34	50	1	24	34	23	8	19	19	26	35	24	18	
21	43	12	44	2	43	17	35	13	18	2	47	16	43	43	13	32	45	8	39	6	10	45	12	34	46	45	6	3	39	
39	23	12	30	27	17	14	46	26	11	9	21	39	37	45	2	33	17	24	10	9	4	36	45	14	11	21	19	13	3	
11	11	22	39	23	36	36	50	10	25	11	6	43	34	17	47	39	37	9	35	28	41	2	15	24	18	33	27	22	41	
30	30	23	24	29	3	41	25	16	3	31	4	47	33	34	22	41	41	12	18	47	31	32	41	8	47	16	15	9	11	
14	8	29	15	24	6	39	2	50	19	34	50	15	27	7	1	29	35	21	47	9	44	33	14	20	30	23	37	42	6	
6	28	29	19	47	12	22	1	24	33	2	3	29	8	17	22	28	14	40	9	26	37	9	22	39	35	26	32	19	34	
30	12	31	39	45	15	33	43	2	26	27	20	13	40	20	10	37	40	36	38	47	29	28	23	24	28	29	8	48	25	
38	30	6	44	11	14	27	50	40	37	16	49	50	17	50	6	27	42	13	50	28	48	27	9	15	3	47	26	44	10	
20	4	30	49	16	32	15	35	47	36	29	35	13	26	37	23	41	17	47	13	28	26	46	19	40	23	22	46	20	28	
27	28	37	20	38	40	32	8	40	15	2	35	2	40	47	14	17	29	35	24	17	14	14	26	38	32	27	38	50	5	
33	37	36	8	13	9	27	32	14	42	50	23	48	30	2	16	32	11	19	39	44	17	46	41	36	13	5	31	32	38	
33	22	28	42	10	30	26	29	38	29	35	23	6	13	28	43	29	37	32	45	3	38	45	18	23	29	29	37	12	41	
10	11	35	8	9	34	19	47	3	38	17	18	31	9	38	44	46	10	23	28	26	3	25	17	16	38	37	10	1	32	
45	10	35	48	9	42	14	6	39	8	38	47	19	44	44	28	4	7	42	42	30	50	12	37	14	48	49	27	21	13	
34	19	28	3	9	43	13	40	48	23	18	26	41	41	3	45	6	45	15	20	2	16	40	48	50	22	24	34	18	17	
17	39	4	24	30	41	38	8	14	25	29	20	28	38	16	4	40	28	23	29	46	46	16	34	50	10	35	20	30	34	
15	43	4	22	7	24	9	12	25	12	5	49	8	48	36	12	38	24	23	18	27	36	2	26	49	44	43	20	25	9	
49	20	47	32	4	7	15	19	44	27	20	8	47	11	38	34	26	10	13	11	17	9	20	20	42	10	21	37	14	38	
12	8	8	13	32	43	47	33	24	7	27	46	8	20	17	18	49	2	29	7	30	42	13	38	35	44	20	33	47	21	
49	36	4	19	36	40	28	3	32	50	21	27	20	38	6	22	24	6	9	18	46	2	7	15	11	18	18	22	4	49	
45	40	3	50	39	32	40	9	34	49	24	18	46	19	43	50	10	45	39	26	45	46	19	25	29	32	30	9	17	38	
3	15	12	24	43	42	7	6	1	22	38	32	3	30	37	11	40	24	1	37	24	1	22	5	50	37	35	12	1	49	
45	28	47	44	10	24	8	32	46	37	39	26	26	39	43	37	16	14	28	1	46	36	46	19	20	18	44	5	3	13	
On machine	5
27	19	30	47	23	30	5	11	27	26	7	9	31	28	10	13	29	34	17	48	34	42	20	30	29	15	14	45	20	9	
37	46	1	30	18	8	28	44	6	27	23	19	26	39	46	35	41	18	15	14	26	13	42	25	2	42	9	13	32	48	
46	42	34	25	42	5	15	40	16	34	41	46	5	36	5	48	9	23	33	18	14	27	45	50	39	23	2	20	5	38	
32	41	18	25	24	14	23	25	32	24	29	29	1	50	27	46	26	48	37	7	32	31	46	37	38	50	7	19	45	44	
2	5	6	43	9	6	18	2	11	36	9	13	36	50	30	20	30	29	23	31	3	4	3	28	7	23	40	27	2	23	
7	14	18	44	26	9	27	45	48	13	13	44	3	30	9	32	19	11	31	29	42	31	22	30	22	50	30	18	13	29	
33	7	10	4	47	42	16	14	41	47	7	2	9	16	2	50	35	19	6	46	19	33	31	12	16	14	33	9	42	6	
20	10	37	42	26	3	12	20	30	35	26	45	3	35	34	49	27	34	49	35	15	48	9	22	18	32	28	26	44	35	
25	46	26	22	26	37	45	22	37	38	38	3	31	50	30	10	3	33	33	48	49	14	30	14	24	25	33	13	28	35	
49	12	19	9	5	40	47	1	3	42	5	38	27	19	29	33	28	46	49	19	21	28	7	18	25	27	41	10	1	15	
46	15	2	9	21	45	19	11	42	35	4	29	24	24	29	36	18	46	20	15	49	6	8	25	35	7	17	20	32	45	
50	22	29	11	11	20	5	15	29	15	45	35	30	3	10	22	31	11	17	17	30	25	2	50	12	17	15	32	24	50	
38	10	20	30	20	38	49	17	46	24	23	2	25	27	36	5	35	12	32	38	22	5	9	19	1	22	50	12	42	40	
27	41	43	39	35	44	50	24	50	33	49	6	8	27	46	14	16	11	43	46	45	13	3	25	48	32	26	18	2	9	
32	24	46	21	25	38	35	19	10	46	20	31	23	24	10	14	46	9	7	33	7	2	35	20	33	41	13	12	48	35	
13	39	26	36	26	21	13	35	9	1	44	37	25	17	3	48	32	7	3	6	20	4	18	44	50	44	17	12	42	47	
14	6	1	10	38	8	49	25	48	16	26	16	24	12	35	11	29	35	26	1	16	26	4	10	48	7	33	6	40	7	
47	29	43	15	7	43	6	17	43	3	7	21	42	31	46	45	48	22	50	42	32	13	11	32	18	22	34	42	11	18	
5	40	16	18	30	21	43	47	43	50	5	28	15	11	40	50	41	40	30	30	4	31	48	48	5	36	42	50	46	8	
30	8	32	20	26	9	24	49	2	3	36	8	25	30	48	45	6	25	4	28	29	33	22	3	28	9	22	9	35	22	
22	11	31	24	33	34	44	21	36	45	8	43	11	16	32	3	40	8	38	49	18	36	26	15	40	20	3	25	7	36	
6	19	27	36	22	33	47	46	32	22	45	23	36	18	36	48	18	30	1	14	36	2	22	50	31	31	21	45	21	23	
1	25	13	25	30	7	9	42	48	1	35	20	10	23	26	2	2	36	22	14	14	23	48	30	16	19	7	6	14	13	
49	36	29	50	47	46	45	3	15	42	7	3	13	41	45	43	17	21	25	11	34	29	37	6	20	34	34	6	31	18	
12	39	48	15	12	48	46	5	23	21	26	8	47	19	44	28	19	31	29	2	28	10	44	17	50	10	32	20	9	29	
27	13	16	31	14	16	28	44	16	13	8	41	15	9	1	40	2	17	27	11	34	27	40	19	39	6	43	30	13	27	
9	9	5	9	32	29	9	47	8	13	9	34	16	22	16	8	8	10	29	40	22	33	48	48	50	19	38	46	25	36	
5	35	27	37	22	9	7	48	26	36	10	7	46	36	4	48	16	28	18	10	13	3	29	47	25	36	35	14	27	36	
34	12	1	4	30	21	49	5	46	1	6	48	1	9	45	37	23	50	29	24	48	2	47	50	50	25	14	31	14	43	
25	35	47	36	10	3	27	14	10	21	26	41	9	49	1	22	5	45	42	3	25	24	46	11	31	8	24	5	31	29	
On machine	6
12	19	30	15	32	30	4	2	15	25	8	38	36	4	8	11	9	34	11	35	42	11	14	8	30	4	36	8	47	17	
7	9	15	50	25	20	30	12	43	23	1	30	47	21	33	33	43	7	26	28	27	20	27	39	16	8	7	11	1	33	
12	38	6	5	26	39	42	33	22	44	28	25	16	31	27	42	36	37	34	14	13	28	35	34	5	28	6	11	16	7	
40	5	45	39	9	38	30	3	28	4	15	32	48	40	12	25	16	37	36	32	35	14	23	39	13	11	31	34	47	4	
8	45	7	32	17	35	42	30	46	33	46	37	6	28	25	30	34	19	14	50	14	48	34	37	48	8	7	25	11	5	
35	33	20	37	49	7	39	2	33	9	39	1	6	39	14	13	8	34	33	2	21	42	10	12	31	22	19	31	45	49	
28	36	29	24	20	44	13	44	44	30	9	36	26	23	3	20	20	12	49	5	20	37	34	12	37	23	10	41	27	44	
5	12	23	17	19	9	40	37	49	25	41	2	28	13	2	10	45	25	6	8	48	37	26	50	15	45	48	14	21	36	
37	32	44	46	9	28	33	7	31	28	36	21	30	45	13	40	18	33	27	24	49	35	21	22	24	29	11	12	4	25	
48	19	34	5	38	37	7	17	25	23	23	14	18	38	48	15	6	40	31	26	19	1	16	1	32	44	15	7	1	5	
24	46	20	7	49	37	41	3	29	39	1	32	31	29	7	35	11	33	12	4	27	18	30	11	46	11	11	3	17	9	
43	34	49	7	33	17	1	10	29	37	28	28	1	43	16	10	11	42	38	24	17	14	23	16	15	16	4	28	5	35	
27	9	31	11	14	50	17	21	33	5	6	17	28	15	10	23	9	32	24	7	43	14	27	14	4	4	27	42	45	31	
24	34	47	8	5	8	41	31	32	29	44	13	40	21	32	7	48	5	33	19	18	17	9	22	24	26	39	29	37	22	
32	38	29	42	39	31	41	26	43	32	8	35	44	16	3	34	30	23	32	42	36	36	19	8	31	43	14	2	21	30	
47	42	50	3	29	25	18	2	44	20	26	15	34	34	46	30	45	43	3	25	49	23	37	47	32	24	23	19	44	49	
21	27	42	6	10	20	32	29	27	7	2	19	35	34	1	47	41	13	35	20	40	7	27	28	50	43	9	8	44	39	
46	46	48	35	4	39	14	41	48	9	29	41	2	19	24	8	19	10	22	15	21	9	21	21	18	35	27	7	23	42	
42	14	3	41	18	28	32	19	33	4	45	6	33	28	48	20	34	32	25	47	46	38	37	8	49	49	19	10	41	35	
25	44	4	38	45	16	4	43	42	27	4	18	33	12	1	20	9	39	50	27	9	34	22	40	27	11	34	1	25	6	
47	4	17	35	12	33	1	27	39	45	47	47	28	44	13	39	1	31	1	17	48	47	23	3	19	39	7	8	29	48	
32	12	48	15	15	20	17	46	17	27	26	12	12	49	22	47	38	36	15	34	9	13	41	20	21	19	45	37	21	19	
42	5	17	4	29	32	3	47	46	22	37	27	46	45	27	24	22	25	12	7	24	19	29	37	17	39	37	19	15	10	
31	4	22	49	24	10	10	32	29	42	2	32	3	25	18	30	39	16	23	19	2	40	22	31	10	5	26	5	7	41	
21	44	46	9	8	4	45	14	3	16	6	25	24	27	24	3	35	8	40	4	9	32	42	42	27	15	50	21	19	49	
12	47	11	9	26	12	15	50	38	15	47	2	48	48	14	33	40	45	33	38	23	38	39	28	28	43	11	8	44	3	
40	14	36	14	36	30	26	34	30	36	9	20	34	49	15	47	25	40	42	8	1	35	10	4	49	31	44	39	21	24	
20	45	9	18	24	24	29	14	8	26	49	33	30	20	49	44	3	4	39	35	19	36	23	9	26	9	26	48	36	49	
45	25	37	5	2	11	41	47	22	14	23	18	41	10	39	40	1	37	4	12	27	45	41	3	20	4	42	27	19	26	
35	29	30	33	22	48	50	4	33	4	43	38	13	14	14	12	8	31	5	40	28	36	1	26	12	28	42	2	45	22	
