Factories	4
Families	20
Machines	2
SetupType	3

Number of Jobs in each Family
5	4	2	1	10	4	5	7	1	1	7	7	2	7	9	1	6	1	1	4	

Jobs in each Family
0	1	2	3	4	
5	6	7	8	
9	10	
11	
12	13	14	15	16	17	18	19	20	21	
22	23	24	25	
26	27	28	29	30	
31	32	33	34	35	36	37	
38	
39	
40	41	42	43	44	45	46	
47	48	49	50	51	52	53	
54	55	
56	57	58	59	60	61	62	
63	64	65	66	67	68	69	70	71	
72	
73	74	75	76	77	78	
79	
80	
81	82	83	84	

Total number of jobs
85

Processing times of jobs
2	6	
9	3	
2	5	
7	10	
7	3	
6	1	
5	5	
7	6	
4	6	
3	10	
1	4	
4	2	
9	4	
2	8	
10	6	
2	8	
9	9	
6	1	
10	5	
3	2	
3	8	
10	3	
9	1	
1	5	
5	1	
8	4	
1	3	
5	8	
8	10	
3	7	
8	6	
8	5	
2	2	
10	3	
9	1	
4	5	
1	5	
5	7	
10	3	
5	2	
9	3	
9	4	
1	6	
4	8	
5	5	
1	7	
8	10	
3	7	
1	1	
4	6	
10	3	
2	9	
4	7	
1	7	
6	5	
10	8	
1	9	
8	7	
5	7	
9	8	
3	9	
1	8	
7	2	
2	6	
9	10	
7	7	
3	6	
4	8	
6	8	
8	7	
6	5	
1	10	
9	9	
10	5	
7	7	
10	8	
2	9	
10	7	
3	7	
8	7	
8	2	
6	2	
10	10	
10	2	
6	10	

Stepup times between Families, where [f][f] represents initial setup time
On machine	1
93	9	56	98	19	48	10	33	28	90	31	1	78	37	75	20	33	89	65	57	
64	57	92	78	25	20	85	63	41	53	4	97	24	19	21	91	100	45	1	24	
35	63	77	61	58	34	8	62	67	17	52	36	59	51	79	20	37	82	27	22	
21	12	79	62	8	73	51	82	67	66	74	66	98	49	91	73	67	69	67	49	
39	87	32	9	57	61	37	88	68	38	88	16	70	30	84	40	90	59	100	39	
49	79	51	55	52	25	66	45	73	59	58	17	69	53	67	48	93	75	22	15	
55	79	21	47	79	93	9	83	73	95	34	78	49	33	51	22	62	61	12	68	
19	31	23	1	72	67	67	80	39	66	18	1	54	89	63	1	44	35	43	79	
50	63	75	71	16	83	25	5	80	59	54	91	90	25	69	74	20	3	58	91	
80	77	77	82	44	17	96	87	70	72	10	52	36	39	54	41	97	97	59	38	
49	47	37	14	77	93	32	49	74	35	15	11	4	68	84	97	2	70	86	97	
69	23	30	65	40	89	55	1	21	60	36	66	69	11	83	57	77	96	16	68	
54	30	94	61	6	76	53	92	19	20	15	43	92	24	24	48	26	47	73	47	
88	59	72	65	34	37	98	60	66	9	92	83	4	17	35	17	91	12	1	9	
52	96	49	61	99	55	10	3	49	4	26	63	37	34	47	82	57	73	37	15	
87	85	94	80	22	19	57	39	35	73	77	1	45	93	30	66	92	9	74	99	
21	49	41	53	17	97	9	71	13	21	71	1	96	19	26	81	35	88	2	70	
57	25	24	84	97	63	24	67	77	53	98	80	48	97	30	72	15	45	38	82	
95	87	54	51	86	87	50	11	57	68	54	47	49	86	21	49	69	91	6	56	
34	35	100	85	19	24	21	97	28	13	10	8	94	98	53	17	61	9	35	66	
On machine	2
28	4	47	91	44	83	82	54	8	19	4	45	20	47	27	100	57	70	22	92	
59	18	5	9	20	47	88	71	60	82	9	78	10	95	66	4	82	21	82	25	
55	54	94	66	31	62	27	3	100	100	62	73	17	86	64	80	73	53	23	72	
68	17	72	47	24	74	43	46	10	83	28	31	41	61	32	2	70	92	11	83	
80	77	43	76	22	91	29	55	15	96	42	98	76	35	85	80	81	31	62	31	
49	29	98	4	87	70	58	95	81	31	93	64	90	89	58	20	97	49	73	4	
27	20	9	47	13	98	74	82	14	88	20	57	94	100	31	16	36	4	96	99	
81	17	16	69	74	21	80	51	6	22	5	32	51	94	4	4	19	88	69	33	
18	93	95	9	82	78	31	6	93	79	50	27	30	1	24	96	71	20	27	63	
26	16	95	15	83	85	91	5	5	25	60	13	75	88	85	27	20	62	6	87	
18	76	41	42	60	76	57	43	74	90	73	37	1	51	81	33	47	86	79	41	
55	75	41	6	57	79	100	67	29	57	56	40	58	70	35	30	10	80	91	47	
70	4	32	40	18	53	66	33	86	83	30	26	35	84	66	31	97	66	34	9	
65	81	54	79	90	62	21	61	60	67	67	44	36	89	10	62	74	100	53	69	
4	94	85	86	6	7	61	14	15	7	94	16	27	65	66	92	45	14	64	56	
99	97	55	78	3	37	22	77	69	76	76	27	62	31	5	6	47	13	45	45	
90	28	7	6	52	49	93	69	12	88	46	95	55	9	60	92	96	69	31	78	
46	11	34	32	76	32	28	22	4	13	74	57	91	76	47	17	87	22	36	4	
2	36	69	74	63	23	87	35	31	64	91	81	21	15	95	47	21	31	12	26	
33	67	100	45	77	32	1	38	53	47	57	58	20	4	75	73	31	35	2	92	
