Factories	4
Families	30
Machines	2
SetupType	2

Number of Jobs in each Family
10	7	3	8	6	2	4	3	1	7	7	3	8	9	3	7	8	8	5	8	1	2	3	3	1	3	8	6	9	5	

Jobs in each Family
0	1	2	3	4	5	6	7	8	9	
10	11	12	13	14	15	16	
17	18	19	
20	21	22	23	24	25	26	27	
28	29	30	31	32	33	
34	35	
36	37	38	39	
40	41	42	
43	
44	45	46	47	48	49	50	
51	52	53	54	55	56	57	
58	59	60	
61	62	63	64	65	66	67	68	
69	70	71	72	73	74	75	76	77	
78	79	80	
81	82	83	84	85	86	87	
88	89	90	91	92	93	94	95	
96	97	98	99	100	101	102	103	
104	105	106	107	108	
109	110	111	112	113	114	115	116	
117	
118	119	
120	121	122	
123	124	125	
126	
127	128	129	
130	131	132	133	134	135	136	137	
138	139	140	141	142	143	
144	145	146	147	148	149	150	151	152	
153	154	155	156	157	

Total number of jobs
158

Processing times of jobs
6	6	
4	5	
10	10	
1	6	
6	5	
9	4	
1	1	
5	3	
2	8	
1	2	
9	2	
7	8	
8	10	
8	9	
1	4	
2	9	
10	2	
7	5	
7	5	
2	6	
9	10	
7	3	
3	6	
5	3	
2	8	
1	4	
5	9	
10	8	
1	4	
6	1	
4	4	
3	3	
3	3	
6	2	
8	1	
6	4	
8	2	
8	10	
1	5	
9	6	
9	6	
10	9	
1	4	
2	4	
5	9	
10	1	
3	2	
8	7	
5	8	
10	3	
8	6	
4	9	
9	10	
9	2	
6	8	
4	6	
5	2	
9	6	
6	5	
1	10	
8	8	
8	2	
5	10	
10	3	
10	6	
1	6	
1	8	
1	8	
1	8	
3	4	
5	5	
9	8	
1	7	
1	3	
3	6	
10	9	
5	6	
9	5	
6	10	
8	9	
3	3	
10	2	
3	5	
6	6	
4	2	
7	8	
2	9	
10	1	
6	3	
1	7	
4	4	
5	10	
4	10	
5	1	
8	4	
9	3	
9	5	
7	5	
4	6	
5	5	
1	1	
1	9	
3	4	
2	5	
10	8	
4	9	
5	4	
5	6	
9	1	
7	9	
1	2	
2	5	
8	3	
7	5	
2	2	
1	7	
4	7	
7	4	
7	5	
9	5	
6	7	
3	9	
8	6	
7	5	
4	7	
8	3	
9	6	
5	10	
5	3	
2	10	
3	9	
6	1	
2	10	
6	3	
7	8	
7	3	
4	10	
7	2	
5	4	
6	9	
9	2	
9	9	
5	8	
8	1	
8	5	
5	5	
9	1	
7	2	
3	1	
2	7	
9	7	
5	6	
2	10	
2	1	
5	8	
9	7	
7	4	
5	4	

Stepup times between Families, where [f][f] represents initial setup time
On machine	1
33	14	24	27	23	21	33	14	43	45	16	13	12	22	28	10	50	45	10	11	42	49	13	20	6	6	26	6	12	47	
42	11	12	42	1	8	8	44	10	37	13	33	22	16	5	44	47	45	18	2	16	4	32	49	44	42	22	12	34	34	
23	32	41	6	23	40	14	10	35	45	38	25	29	35	4	43	47	47	12	19	33	9	39	12	42	15	39	9	15	40	
14	42	1	40	32	16	22	28	2	6	16	22	24	21	35	14	3	10	34	45	24	36	35	8	34	19	12	41	37	40	
43	34	37	5	14	32	39	48	15	1	30	41	47	33	28	45	7	18	18	41	28	29	45	5	46	9	43	24	44	27	
5	28	32	28	31	50	36	24	21	18	4	2	35	26	41	16	21	34	17	13	7	10	7	23	8	3	34	43	17	48	
25	20	49	47	40	6	50	11	31	16	37	41	45	17	30	1	24	32	30	31	27	18	33	31	15	20	19	12	21	26	
28	46	5	44	17	12	7	41	18	18	5	13	12	6	5	10	19	30	5	46	38	24	6	26	3	16	26	4	11	30	
7	46	28	12	4	21	44	19	5	22	17	12	5	7	17	33	20	38	11	43	9	6	20	49	9	30	42	19	16	25	
6	1	11	9	35	40	18	10	12	27	39	31	8	32	48	42	26	19	21	43	40	10	28	16	25	19	8	23	22	9	
10	20	1	8	13	24	15	18	49	25	20	1	11	46	2	7	16	13	5	38	10	3	48	1	16	18	8	26	40	26	
19	49	28	45	49	33	14	20	37	6	7	49	13	24	9	20	9	13	4	6	47	31	50	14	50	44	30	1	16	18	
39	38	1	42	10	30	27	34	11	47	10	18	8	2	6	34	49	41	36	5	28	40	48	41	5	43	19	11	7	31	
21	45	7	48	40	42	26	2	4	50	16	9	6	7	13	38	42	3	33	47	5	13	30	7	47	32	3	13	18	6	
49	4	48	48	42	1	37	28	12	28	6	29	9	42	12	6	50	2	34	26	41	34	28	36	40	47	7	5	9	14	
36	8	43	25	50	13	10	23	30	8	2	13	48	50	35	39	30	24	44	4	5	48	25	47	5	23	14	9	30	28	
13	4	31	26	39	13	36	7	10	30	48	50	32	29	19	30	36	27	34	17	39	9	17	38	30	5	26	10	15	7	
42	28	26	49	23	27	21	14	39	3	38	24	14	38	18	16	18	7	3	8	4	20	42	37	39	10	20	26	10	8	
47	10	14	10	40	46	40	43	3	18	48	24	39	10	19	43	43	40	32	6	30	30	42	25	28	42	17	9	4	50	
45	7	1	10	34	43	12	17	11	34	1	11	30	16	8	27	16	5	35	47	22	34	22	31	47	24	49	15	35	40	
12	3	10	8	16	29	19	19	32	16	12	3	11	41	4	27	23	21	48	38	41	25	27	26	35	2	19	3	12	34	
34	17	3	14	10	6	30	30	42	46	22	36	41	15	31	46	17	43	8	6	30	35	10	28	20	8	25	23	16	39	
21	47	47	2	38	50	39	25	29	45	49	28	36	22	20	15	36	36	5	14	5	32	35	33	1	28	20	40	12	38	
26	38	10	21	14	2	21	45	3	36	47	26	46	39	10	26	26	23	22	1	43	20	6	2	31	34	39	41	35	41	
49	48	2	6	34	10	13	34	9	37	24	32	6	8	43	41	31	46	29	5	47	41	34	32	50	26	33	47	18	27	
12	22	18	6	13	38	39	2	35	24	26	36	36	7	18	3	24	1	33	5	24	25	35	22	1	3	41	10	25	28	
31	42	40	26	40	36	28	9	45	44	24	33	42	20	30	30	37	35	18	50	31	11	29	1	30	29	9	10	33	35	
23	12	15	36	32	37	13	48	28	23	48	30	49	10	46	2	38	32	26	19	39	47	25	8	49	37	2	37	16	11	
11	34	6	24	12	50	43	5	36	38	17	45	46	27	35	36	38	33	15	23	47	39	44	46	48	12	1	12	23	22	
1	27	13	43	7	8	9	11	16	40	5	20	3	34	36	21	49	33	36	3	5	23	14	48	49	27	12	6	42	31	
On machine	2
32	12	48	34	6	34	50	47	10	1	36	26	2	14	23	28	45	18	32	39	8	16	32	31	7	4	26	1	29	43	
33	47	30	40	22	29	23	50	50	22	35	18	45	49	38	28	19	25	19	43	49	20	4	1	17	8	50	31	18	21	
30	47	47	6	5	8	41	11	12	37	47	22	2	15	42	33	6	16	6	38	35	26	7	30	21	40	1	9	5	44	
32	22	39	14	11	1	40	24	12	46	20	41	20	1	46	50	17	16	2	44	25	20	15	30	16	11	7	29	22	50	
46	41	42	13	1	4	43	33	17	26	20	27	29	48	7	5	15	29	20	34	33	42	21	40	37	9	47	42	23	7	
12	43	32	26	50	16	6	34	20	32	20	43	20	42	18	29	33	27	8	18	50	46	25	43	33	25	23	1	26	34	
33	30	28	44	35	36	31	15	13	10	41	42	13	8	45	6	13	43	3	4	39	30	42	25	50	18	41	13	29	45	
7	8	30	39	18	4	10	48	17	39	10	34	45	50	26	5	49	12	26	34	9	34	7	50	26	40	16	45	12	42	
10	39	29	12	8	50	35	35	46	23	47	27	21	33	15	5	6	38	43	16	47	14	30	44	6	36	32	1	41	48	
38	7	34	11	27	10	25	25	8	27	45	42	2	31	48	36	6	49	45	31	48	37	38	3	42	23	46	26	27	16	
15	8	22	47	6	12	39	7	39	1	20	17	11	8	19	48	29	43	13	39	40	27	5	32	3	20	10	17	40	50	
17	20	6	9	4	17	10	30	45	18	23	50	34	50	43	26	9	34	17	4	21	22	14	23	1	11	50	23	22	23	
9	39	1	44	32	21	15	11	47	5	34	8	15	30	31	36	10	17	7	26	44	8	41	29	11	21	43	7	34	2	
21	46	33	10	1	46	30	17	12	23	49	46	34	15	38	2	18	27	10	46	8	35	45	47	43	12	37	7	12	49	
7	40	12	20	15	18	49	11	12	41	39	41	32	17	30	25	11	47	29	22	8	7	42	7	18	31	48	9	32	37	
13	11	7	50	36	39	47	34	13	38	29	37	17	25	43	1	49	2	36	36	17	28	18	18	18	11	30	42	7	29	
34	4	29	29	36	38	46	44	33	5	35	36	28	6	38	7	27	18	6	34	33	19	10	18	20	17	1	44	9	47	
25	15	48	20	46	34	28	24	31	20	43	44	38	41	22	16	41	36	30	40	44	43	50	38	48	41	24	43	44	49	
19	33	33	50	10	35	7	17	31	35	42	14	13	16	43	37	6	6	48	49	15	8	44	11	21	37	22	39	42	21	
28	32	21	40	17	32	21	50	15	47	29	33	49	49	45	40	3	49	42	36	26	37	40	36	43	26	45	14	35	50	
16	17	4	39	41	30	22	34	33	20	11	38	20	48	17	45	7	8	6	34	7	16	32	6	29	21	39	28	17	16	
27	27	22	45	1	19	40	47	50	27	29	23	46	2	17	50	47	14	15	28	33	41	24	27	45	40	26	33	1	16	
17	33	46	45	17	7	36	41	10	10	10	7	9	17	27	43	48	26	2	1	2	45	39	14	37	39	38	34	19	8	
39	31	26	1	1	45	25	10	50	5	40	36	2	2	3	38	17	25	8	1	17	9	46	9	17	42	1	22	21	27	
16	23	5	14	36	50	6	11	17	30	9	24	38	50	17	47	26	48	21	42	42	36	17	34	30	22	6	9	40	17	
31	6	19	38	8	11	39	5	12	5	48	9	36	39	26	9	18	25	38	21	36	34	24	10	35	23	49	37	48	48	
24	17	26	30	32	33	13	2	13	2	50	19	4	16	28	32	22	44	26	12	18	49	48	15	14	44	45	27	29	48	
10	26	41	5	25	9	26	43	10	26	46	41	19	3	5	48	38	34	34	36	6	31	28	40	32	33	1	5	26	30	
48	33	32	17	12	10	34	45	35	22	45	32	48	11	48	39	2	47	11	36	27	2	10	31	25	44	5	10	24	50	
50	27	33	3	13	50	1	25	36	1	9	26	41	19	40	3	20	34	44	35	16	6	21	33	13	22	19	41	44	28	
