Factories	4
Families	40
Machines	6
SetupType	2

Number of Jobs in each Family
6	9	8	10	2	5	5	10	6	8	9	5	6	9	8	2	10	7	9	3	5	2	2	1	6	2	2	3	9	10	10	6	4	9	7	1	3	7	4	2	

Jobs in each Family
0	1	2	3	4	5	
6	7	8	9	10	11	12	13	14	
15	16	17	18	19	20	21	22	
23	24	25	26	27	28	29	30	31	32	
33	34	
35	36	37	38	39	
40	41	42	43	44	
45	46	47	48	49	50	51	52	53	54	
55	56	57	58	59	60	
61	62	63	64	65	66	67	68	
69	70	71	72	73	74	75	76	77	
78	79	80	81	82	
83	84	85	86	87	88	
89	90	91	92	93	94	95	96	97	
98	99	100	101	102	103	104	105	
106	107	
108	109	110	111	112	113	114	115	116	117	
118	119	120	121	122	123	124	
125	126	127	128	129	130	131	132	133	
134	135	136	
137	138	139	140	141	
142	143	
144	145	
146	
147	148	149	150	151	152	
153	154	
155	156	
157	158	159	
160	161	162	163	164	165	166	167	168	
169	170	171	172	173	174	175	176	177	178	
179	180	181	182	183	184	185	186	187	188	
189	190	191	192	193	194	
195	196	197	198	
199	200	201	202	203	204	205	206	207	
208	209	210	211	212	213	214	
215	
216	217	218	
219	220	221	222	223	224	225	
226	227	228	229	
230	231	

Total number of jobs
232

Processing times of jobs
8	10	9	5	8	8	
3	1	7	6	1	9	
8	4	2	2	10	8	
4	7	3	5	7	1	
5	5	6	5	7	10	
4	8	2	7	8	8	
10	2	6	4	4	9	
1	9	7	5	5	1	
7	1	8	9	4	8	
2	4	3	3	9	2	
7	8	1	8	8	8	
5	4	3	7	3	5	
9	10	1	5	10	7	
1	7	8	6	4	4	
5	10	3	1	3	4	
7	8	1	10	2	6	
9	9	8	4	4	5	
5	2	5	4	4	3	
3	9	1	8	7	9	
3	4	2	9	2	7	
7	1	4	10	10	7	
7	3	2	2	6	8	
10	3	8	8	8	9	
8	5	10	1	7	2	
5	3	5	5	8	9	
4	2	10	4	5	9	
9	6	9	2	7	6	
10	8	10	6	5	5	
4	5	3	3	10	7	
2	4	7	8	6	7	
1	5	9	10	4	4	
10	4	7	8	4	9	
10	6	6	3	9	4	
7	3	1	8	9	8	
3	1	2	10	8	1	
10	7	9	8	9	8	
8	10	5	8	9	7	
1	4	10	8	8	5	
8	2	2	7	4	1	
2	1	3	4	4	8	
5	1	5	4	7	6	
4	6	3	4	8	6	
2	3	2	3	1	5	
4	7	1	1	2	7	
7	9	4	3	6	2	
6	7	1	8	7	9	
8	10	8	2	6	3	
9	5	5	3	8	9	
10	6	4	1	1	5	
5	8	4	6	3	8	
5	3	1	9	3	7	
10	1	5	9	1	9	
8	6	5	6	8	4	
3	7	10	9	1	9	
2	1	1	4	7	4	
3	8	9	4	7	8	
2	4	4	9	1	1	
5	3	4	3	10	6	
8	6	2	1	4	10	
2	10	2	4	1	7	
7	9	7	4	1	4	
2	3	6	10	4	6	
10	2	1	6	1	9	
5	1	9	4	2	9	
3	4	9	4	2	2	
3	10	5	1	3	10	
4	5	6	4	10	8	
10	7	10	5	9	1	
3	10	4	7	10	5	
8	3	1	3	9	9	
5	3	6	1	2	3	
6	10	10	4	9	10	
1	2	4	9	2	2	
3	6	5	9	10	8	
3	5	5	1	5	1	
6	10	5	10	10	2	
5	2	7	7	9	8	
6	5	2	1	10	10	
2	7	1	2	1	5	
3	1	1	9	9	8	
7	2	2	1	8	1	
8	6	4	5	1	7	
6	7	8	7	8	4	
8	4	1	4	5	9	
3	6	5	3	7	2	
9	1	2	5	5	8	
9	8	2	3	3	7	
7	9	9	5	7	1	
2	9	10	10	6	2	
5	5	10	7	1	2	
5	10	3	6	2	6	
10	2	4	9	7	5	
9	2	3	5	3	1	
6	5	5	9	10	4	
10	7	3	3	7	2	
9	2	2	5	1	1	
8	6	5	1	2	1	
9	9	10	6	8	3	
9	1	7	6	1	3	
9	4	8	4	7	3	
10	6	10	5	10	10	
9	1	1	2	1	6	
7	6	5	9	5	1	
3	4	4	1	8	2	
5	7	5	5	8	8	
1	7	9	2	8	6	
8	8	7	6	2	1	
8	9	1	1	7	6	
1	8	4	8	3	3	
5	7	10	4	4	1	
9	8	4	6	1	3	
8	4	2	4	5	4	
8	7	3	10	1	9	
4	2	7	6	4	7	
2	6	8	4	3	1	
4	3	7	2	4	1	
2	7	2	7	1	4	
5	2	7	8	6	8	
10	10	2	7	6	10	
9	2	10	10	7	1	
1	8	9	7	8	8	
3	7	1	4	10	5	
10	9	1	10	6	2	
5	9	6	1	1	8	
10	4	7	2	7	10	
5	4	1	1	7	7	
7	10	1	5	9	8	
8	6	2	8	1	3	
9	7	9	8	1	5	
7	3	8	2	8	3	
10	9	4	2	8	7	
4	6	1	10	8	6	
1	3	8	2	6	7	
8	5	6	5	5	5	
10	8	10	7	4	1	
3	3	3	2	1	7	
7	1	4	10	9	6	
10	7	2	1	1	8	
2	7	2	4	4	3	
7	4	1	7	8	4	
9	2	4	8	3	3	
1	7	1	9	5	5	
8	8	5	9	1	9	
1	9	1	6	5	9	
2	10	4	6	1	9	
1	6	1	6	4	8	
5	4	2	1	2	4	
4	2	6	10	4	5	
1	4	4	1	6	1	
5	2	10	7	10	7	
3	8	2	8	3	9	
2	8	3	9	8	1	
3	3	1	1	7	4	
1	1	4	1	3	8	
8	3	8	1	8	6	
5	7	2	7	1	4	
10	9	10	9	4	10	
6	8	3	9	7	6	
6	5	6	3	5	4	
8	9	5	6	6	7	
7	6	1	2	7	5	
10	8	8	10	2	9	
4	7	9	2	3	10	
5	4	7	8	3	1	
5	9	10	10	7	9	
9	1	9	5	10	3	
2	10	7	7	5	4	
4	6	2	9	7	3	
2	8	2	10	3	2	
8	2	1	9	8	5	
10	8	2	8	7	8	
10	7	2	6	8	2	
8	7	2	10	2	3	
9	4	7	8	9	4	
5	9	7	3	8	5	
4	1	2	2	5	3	
3	4	5	6	1	10	
9	6	7	1	6	2	
5	2	7	7	7	3	
8	10	5	5	6	10	
3	6	5	8	6	8	
2	5	1	1	7	10	
2	1	2	7	9	6	
4	9	4	8	9	6	
6	6	6	8	1	7	
7	7	9	9	5	2	
10	4	1	3	8	10	
10	6	5	10	7	5	
7	8	1	3	2	3	
9	8	9	7	4	4	
6	4	10	10	3	4	
1	2	7	3	8	10	
7	1	3	8	5	7	
7	4	6	8	3	4	
10	2	3	10	1	5	
6	6	2	10	10	6	
5	7	3	5	7	6	
9	7	4	5	4	6	
9	6	8	4	3	3	
4	6	10	10	1	4	
5	1	3	4	4	2	
9	5	4	7	2	1	
6	1	10	10	9	9	
9	9	8	3	5	8	
7	8	2	4	5	4	
3	4	2	3	3	4	
1	1	4	9	6	1	
9	6	3	7	1	3	
7	7	4	9	9	4	
3	10	1	1	1	6	
7	9	3	4	5	7	
10	2	1	1	2	9	
9	5	7	2	9	9	
5	8	6	2	7	2	
10	9	5	2	10	8	
7	8	3	9	4	6	
5	8	7	8	8	7	
4	2	2	4	1	6	
2	7	8	8	7	5	
7	3	8	2	2	4	
10	6	2	7	9	8	
8	7	9	7	10	9	
8	6	5	8	2	4	
1	10	8	6	7	10	
9	10	7	1	8	1	
8	1	10	6	8	1	
8	1	7	8	6	3	
2	8	9	6	5	1	
7	10	2	4	8	8	
7	9	9	6	5	2	
1	10	10	9	3	6	
2	7	9	1	3	9	

Stepup times between Families, where [f][f] represents initial setup time
On machine	1
46	24	27	15	18	6	41	24	32	33	44	17	38	16	16	38	26	35	10	46	26	8	23	30	48	19	24	4	12	26	24	30	44	32	30	10	38	43	33	25	
1	23	50	21	3	19	28	24	15	24	2	21	32	4	15	39	6	18	46	11	47	27	24	30	17	47	25	42	47	43	34	14	13	19	2	15	34	31	28	2	
3	44	45	35	34	37	41	7	8	29	4	36	21	7	31	35	16	11	32	49	38	42	26	29	18	4	45	33	50	40	21	49	12	9	9	27	39	7	7	14	
27	9	32	15	2	38	6	31	48	10	49	23	1	41	18	9	37	21	26	45	50	17	27	50	35	28	24	6	48	10	49	42	35	21	24	22	17	16	9	13	
26	44	10	6	12	17	41	30	15	40	21	42	5	42	33	23	7	20	24	2	31	7	1	28	15	41	24	13	29	6	1	27	41	33	14	29	39	41	35	6	
39	11	9	50	8	21	3	6	37	49	7	13	17	31	32	28	41	26	9	2	13	27	40	35	5	3	6	25	23	46	41	1	20	11	32	48	29	24	7	42	
8	27	36	23	29	31	24	18	29	7	21	35	16	46	1	8	37	49	34	30	12	44	19	37	8	13	33	22	43	32	41	43	27	22	39	19	26	13	42	44	
12	14	33	15	43	10	40	49	16	16	43	2	47	7	42	35	10	49	34	40	33	38	39	5	25	34	11	44	43	33	16	21	23	36	39	11	3	23	48	34	
41	41	43	49	42	4	46	36	10	50	10	41	22	10	47	47	8	7	15	26	23	41	47	18	30	39	26	17	35	21	11	41	39	24	44	50	34	30	22	35	
48	3	32	35	9	34	9	7	35	31	40	11	31	10	41	23	7	38	32	41	15	33	16	50	25	27	6	4	18	41	5	50	35	12	5	50	15	18	22	24	
28	20	11	17	26	45	32	44	41	4	28	48	24	50	33	29	38	21	17	13	29	8	48	29	28	22	30	17	19	1	46	28	47	4	38	47	4	15	9	27	
22	7	32	38	5	24	13	29	27	23	20	1	10	42	34	11	36	6	11	24	9	47	38	15	9	5	42	25	2	11	49	1	15	26	47	15	23	36	24	27	
11	46	19	24	44	37	15	22	46	36	49	23	42	20	11	50	5	41	26	43	50	7	44	35	9	3	39	50	33	11	14	15	20	30	35	9	22	12	24	4	
16	7	28	41	4	41	33	21	33	42	14	50	18	3	17	18	49	25	43	39	30	17	33	41	5	27	39	8	8	29	6	22	46	27	45	22	2	11	32	18	
33	15	41	25	31	11	40	19	22	39	23	42	3	5	11	18	9	49	49	19	25	19	11	10	27	35	18	13	20	24	45	50	18	45	25	40	40	21	37	19	
7	5	43	26	28	16	27	18	49	4	19	47	35	31	34	35	7	44	40	32	29	6	7	12	26	13	34	17	37	34	26	47	39	42	49	11	22	6	26	29	
16	30	45	32	8	1	5	9	23	48	28	15	26	26	8	23	16	27	18	31	19	31	27	20	9	33	37	34	46	6	4	44	7	39	31	17	19	36	48	38	
40	18	6	37	49	12	47	14	24	39	9	28	26	18	26	23	33	38	35	39	47	27	38	25	29	7	37	2	23	45	26	19	26	20	19	8	41	4	44	28	
28	32	40	40	5	15	7	46	2	30	3	20	34	41	50	4	28	4	31	1	26	40	29	18	23	15	11	41	38	42	31	38	41	31	37	17	26	36	2	49	
44	24	16	24	34	48	18	32	39	13	42	35	10	37	48	38	36	42	41	20	1	37	24	37	22	24	47	48	32	8	28	43	1	48	32	37	22	45	46	14	
7	27	14	42	32	6	39	1	37	18	47	29	10	34	37	26	33	12	35	24	42	15	47	12	14	24	41	13	23	1	8	42	33	17	23	49	40	15	43	31	
9	19	38	9	40	17	18	39	14	2	5	39	16	23	40	24	6	5	33	27	42	5	8	10	42	49	49	4	19	10	28	43	41	37	1	18	6	20	46	30	
28	18	5	41	19	9	4	16	35	18	12	39	21	17	17	32	33	33	14	19	16	49	32	49	13	42	25	4	46	3	13	23	9	43	7	14	41	12	31	30	
34	22	32	45	43	12	37	42	47	28	44	31	32	16	41	35	47	10	27	46	38	21	16	11	2	38	19	27	29	28	33	45	27	18	29	30	17	9	3	43	
45	31	29	12	26	9	7	6	37	33	13	48	3	40	14	9	40	9	14	38	7	22	3	9	48	34	39	13	6	38	48	10	34	7	24	20	15	20	45	36	
33	30	32	14	49	36	47	34	30	43	30	23	50	31	28	4	34	14	45	20	17	40	40	19	24	44	17	16	24	17	23	1	48	34	34	19	47	36	7	37	
39	33	36	29	31	21	4	3	49	43	45	23	11	21	9	34	18	28	45	49	1	14	20	50	30	16	19	22	18	3	16	27	22	3	4	37	23	22	50	30	
13	20	23	5	11	25	20	2	43	23	27	4	17	40	34	33	2	50	50	25	13	1	30	29	44	7	35	35	29	25	38	43	4	3	9	30	9	33	18	29	
14	17	47	49	50	14	12	19	28	14	26	8	37	36	18	38	23	8	31	11	6	29	24	23	39	13	1	34	24	13	17	19	6	32	7	26	22	17	32	50	
50	21	26	13	3	29	1	21	38	15	41	42	19	17	8	6	26	49	25	7	28	31	26	49	50	50	6	47	42	45	38	2	27	40	43	42	50	24	15	14	
24	47	29	4	24	26	10	40	50	37	11	6	9	49	39	29	19	9	39	24	13	18	23	20	14	22	5	40	21	13	45	5	40	50	44	31	18	44	30	18	
17	34	18	26	20	4	48	43	25	17	8	40	7	21	11	4	37	9	22	4	36	16	21	1	1	37	34	7	20	19	3	48	40	20	38	16	26	31	11	40	
5	19	40	49	26	29	27	6	46	42	37	2	2	46	29	50	32	27	26	19	25	42	41	43	24	42	12	43	47	41	2	27	2	28	31	41	7	18	43	15	
18	4	22	34	37	13	31	30	14	20	48	10	18	16	11	35	48	39	48	30	29	6	25	12	1	13	23	42	50	39	34	24	1	5	17	7	49	38	42	28	
35	25	46	9	24	41	42	8	47	45	1	50	7	12	18	23	11	42	12	45	6	19	2	28	50	4	44	49	15	36	22	32	40	32	8	41	44	42	30	1	
49	21	27	30	25	6	21	22	47	23	22	36	38	32	19	24	48	33	25	2	28	16	18	13	15	40	48	45	34	42	19	8	3	10	29	17	50	43	33	13	
16	17	9	15	49	49	33	49	12	40	28	33	14	34	24	1	38	43	18	24	23	39	1	2	49	28	25	29	39	43	24	29	31	19	33	21	46	31	34	6	
5	50	7	11	43	7	33	42	40	34	10	49	1	28	38	37	4	7	18	2	39	37	12	29	47	46	46	45	48	4	3	18	46	49	13	9	10	10	33	19	
34	44	45	15	48	30	19	25	24	21	42	25	41	50	27	41	26	34	23	17	10	5	5	48	28	47	12	15	15	50	36	20	13	21	45	2	45	13	36	23	
36	23	46	44	22	50	19	9	19	4	14	49	50	15	6	10	1	24	20	23	49	30	44	17	20	22	28	8	25	23	11	21	13	11	12	1	39	6	18	50	
On machine	2
37	1	41	10	37	8	3	2	4	47	17	19	11	44	15	19	33	32	12	20	50	49	31	29	48	9	22	31	50	23	6	36	11	33	36	22	34	22	42	14	
36	33	19	49	22	30	20	39	40	32	33	9	30	42	34	44	8	40	4	4	40	25	42	19	18	2	35	25	12	42	35	1	34	23	20	21	15	44	43	28	
3	12	23	4	14	1	26	31	21	1	22	21	1	43	6	10	5	9	2	44	46	25	42	22	45	7	32	21	9	13	37	35	5	42	32	13	6	47	37	47	
18	20	1	30	33	38	21	21	43	25	37	29	23	30	39	41	22	15	17	27	49	30	38	17	7	23	6	36	37	2	20	44	22	1	2	21	41	32	33	34	
14	6	19	44	16	2	19	24	42	26	15	5	3	46	45	1	22	44	10	43	27	44	25	14	48	29	3	45	24	25	15	50	17	18	46	10	24	23	38	7	
6	29	21	36	30	9	6	44	27	11	6	18	22	16	50	7	17	31	43	2	36	14	7	6	1	1	12	33	22	13	21	45	21	8	23	23	15	13	36	47	
2	25	37	7	19	23	10	3	6	12	12	13	3	36	48	30	13	47	42	41	22	25	5	30	5	24	13	21	11	27	49	12	1	25	32	16	49	45	1	20	
20	41	50	20	48	44	26	30	46	3	50	25	45	38	12	24	11	16	11	42	37	50	24	25	37	21	49	29	8	27	3	14	16	46	11	33	45	48	44	6	
17	48	44	22	20	24	12	26	38	4	5	11	12	25	37	28	30	10	14	46	4	22	8	41	47	17	49	33	45	26	38	24	31	20	30	32	30	38	41	35	
23	49	15	46	31	24	3	46	21	39	50	36	34	30	28	33	37	7	18	36	20	28	11	19	35	37	31	27	38	25	15	9	27	44	11	15	16	47	10	44	
47	28	12	8	4	12	6	34	49	29	1	12	40	2	11	34	18	45	37	33	7	9	21	36	36	23	10	7	26	38	19	7	47	32	40	19	7	23	15	30	
42	42	50	35	5	38	24	13	8	33	21	11	30	11	4	46	24	33	44	28	27	3	3	18	20	44	21	1	48	29	29	9	9	46	30	14	13	42	12	34	
40	35	31	25	5	45	32	35	10	34	31	42	46	26	35	4	7	38	25	36	18	29	39	10	21	25	42	46	19	10	25	12	23	33	8	25	3	22	18	35	
34	13	17	27	47	3	36	22	1	18	36	27	2	44	31	26	23	5	30	13	32	20	40	3	8	50	35	18	3	43	24	36	25	49	34	36	4	6	46	35	
10	47	38	12	26	24	43	23	16	4	10	33	38	8	4	11	20	23	28	42	42	42	46	26	8	38	10	38	45	21	32	42	9	48	33	1	3	1	29	33	
26	6	8	46	10	40	43	13	4	16	21	42	15	14	10	17	42	49	41	41	27	13	14	29	1	44	1	39	39	32	5	7	18	37	22	27	32	28	36	19	
19	19	13	47	3	12	26	19	50	32	37	39	8	37	42	2	27	32	41	23	47	4	7	5	16	19	25	21	46	9	7	45	9	39	32	44	35	36	21	32	
7	32	40	44	40	32	18	18	20	36	49	7	49	11	1	17	18	36	45	26	45	18	14	26	11	8	41	31	40	32	17	10	31	4	43	39	18	26	6	39	
5	46	38	28	4	16	20	39	43	31	6	44	20	15	13	1	36	32	38	35	9	22	37	24	47	31	36	28	24	47	4	47	13	43	35	27	15	36	42	36	
38	29	31	45	31	25	44	28	33	19	32	45	24	41	38	15	3	9	9	33	31	48	8	43	14	22	18	47	39	4	1	27	39	29	42	20	15	31	45	49	
47	18	33	11	36	35	40	14	6	10	34	47	20	44	16	47	21	37	29	38	27	46	21	18	38	25	13	49	12	13	35	48	25	6	33	29	26	42	15	35	
20	20	15	47	31	30	20	34	20	23	24	31	3	34	50	17	36	45	12	8	28	30	18	25	24	5	38	34	43	33	11	12	48	17	38	35	40	8	1	48	
21	39	49	32	14	2	30	2	41	4	42	34	48	30	45	49	7	17	9	18	16	4	18	34	35	45	7	9	2	12	31	35	41	43	21	47	47	6	5	2	
18	17	5	44	23	48	33	43	47	4	46	19	10	48	49	41	1	35	37	10	27	6	20	46	39	37	16	35	15	24	32	36	5	9	17	48	8	41	48	3	
38	39	24	50	16	16	37	11	37	22	48	46	16	26	26	1	44	14	33	44	3	19	34	11	32	32	31	20	34	45	40	23	31	40	46	8	16	24	48	41	
25	29	20	43	10	40	37	40	17	36	14	22	22	24	17	28	37	50	25	24	19	25	4	38	37	19	12	29	15	13	11	15	24	10	19	17	8	28	25	4	
50	49	40	6	5	8	4	36	46	41	17	42	7	40	19	16	5	37	26	17	8	40	8	36	50	45	7	1	31	28	46	24	49	5	15	18	43	23	31	46	
44	7	49	8	17	46	1	13	26	43	20	12	48	2	47	12	22	31	14	34	44	28	1	33	8	11	3	16	3	17	18	25	40	30	21	30	41	24	7	22	
33	21	12	40	14	25	42	35	37	35	20	4	34	5	26	30	28	1	37	47	39	31	33	26	35	5	40	16	44	34	33	5	29	28	49	16	21	31	1	34	
30	42	33	39	46	20	23	40	1	44	15	25	32	50	11	21	33	19	17	28	17	1	19	26	46	34	28	39	14	39	16	25	46	28	47	3	16	24	6	4	
29	29	34	17	17	39	18	20	49	23	30	46	23	22	7	4	1	40	45	29	39	8	28	29	37	49	21	45	17	47	27	1	18	13	23	47	23	38	17	2	
22	27	18	39	1	27	37	44	7	3	47	10	37	13	9	50	26	7	43	17	33	33	32	10	31	26	8	21	19	37	27	33	29	4	39	10	45	39	47	38	
47	29	42	42	38	36	1	30	45	11	23	43	6	19	19	1	22	46	50	34	28	16	40	31	39	22	15	19	40	42	27	30	14	1	42	34	29	23	4	48	
36	19	31	32	16	36	48	28	40	47	28	16	3	49	3	1	14	44	50	8	46	49	29	34	21	48	37	37	6	18	41	20	8	15	5	27	1	13	18	15	
19	9	47	18	47	46	29	17	19	25	48	26	48	35	8	34	45	22	3	38	38	1	47	46	20	13	47	14	6	18	19	5	18	28	30	44	44	3	27	27	
28	1	45	21	36	1	28	33	47	28	30	38	16	6	7	14	30	36	45	43	2	37	28	13	6	45	3	34	47	46	4	40	24	21	46	49	41	27	27	38	
16	41	23	34	8	6	36	31	42	22	48	35	32	46	38	38	40	43	35	13	2	1	4	45	47	39	13	47	2	39	1	43	48	21	2	1	37	22	18	26	
29	15	6	32	48	19	37	17	19	19	32	31	27	2	16	28	40	12	47	27	17	25	34	12	42	1	22	36	1	1	36	29	28	43	37	12	39	22	1	23	
16	29	46	34	17	23	14	45	10	35	17	33	21	31	22	10	43	27	2	42	23	19	18	40	11	7	37	39	6	19	33	49	10	10	11	25	39	24	2	8	
17	34	49	16	24	17	13	7	34	26	26	39	31	31	26	46	25	8	20	30	36	14	20	40	23	40	29	28	33	40	50	12	10	48	41	12	29	4	18	7	
On machine	3
22	31	46	1	12	35	24	39	27	2	32	40	28	29	50	13	48	14	34	17	16	50	12	25	15	8	23	24	44	43	47	5	6	24	43	5	11	8	6	41	
44	48	1	9	18	25	42	4	20	15	24	37	40	26	4	49	35	40	39	12	50	25	43	29	41	32	30	49	27	39	46	19	31	25	37	31	33	43	46	33	
48	43	29	22	22	8	30	23	40	1	48	22	40	24	18	27	7	5	9	49	3	28	38	37	14	29	18	18	43	4	28	43	33	7	47	5	48	26	38	9	
43	22	10	17	25	7	43	16	5	14	7	6	5	18	39	15	43	15	19	3	7	4	38	46	46	29	9	26	45	19	11	16	3	33	31	49	28	16	10	3	
32	46	2	46	4	17	5	24	27	33	12	39	25	3	6	38	4	40	39	7	48	27	27	44	27	4	3	24	27	11	24	46	37	27	22	44	14	44	25	7	
50	46	5	1	20	22	14	24	27	17	33	9	33	46	19	13	4	40	32	47	41	10	39	5	29	20	27	28	24	8	36	27	49	41	34	28	23	26	6	38	
28	32	15	32	49	5	50	26	43	16	38	29	28	40	10	46	41	6	41	16	46	1	10	13	21	22	7	1	5	24	29	5	25	20	45	8	2	23	10	9	
27	25	9	21	7	43	21	33	12	22	24	7	29	8	31	2	5	2	42	19	13	4	7	19	13	40	30	22	9	34	31	39	32	34	15	34	34	21	9	39	
5	18	14	25	2	44	50	15	28	4	25	49	17	18	1	12	8	50	41	1	38	15	18	16	5	23	22	25	42	37	24	19	43	6	18	12	31	49	34	7	
41	14	39	46	42	26	38	31	20	35	2	21	20	22	14	38	35	16	1	33	4	2	14	19	38	29	22	45	23	28	1	41	5	12	36	36	6	32	4	32	
11	21	48	44	22	40	27	12	35	36	48	1	29	16	11	33	23	18	47	22	24	26	46	49	20	41	32	13	35	40	27	37	6	37	1	36	23	44	28	42	
42	44	12	42	42	30	31	28	9	39	46	27	9	21	35	29	25	5	39	24	10	26	8	5	1	14	29	17	6	28	23	24	17	18	10	22	33	35	3	8	
45	17	37	15	40	15	14	35	1	50	23	5	20	32	36	49	16	18	14	24	44	7	48	37	45	27	34	43	5	19	36	11	40	19	20	43	2	43	27	8	
39	38	28	24	12	42	47	20	31	6	42	18	22	30	23	33	18	4	34	11	1	48	44	12	41	25	27	39	6	48	34	39	32	4	34	6	41	37	44	50	
43	17	27	45	26	36	34	44	17	9	3	49	50	49	4	41	37	32	8	31	3	17	29	10	33	50	35	11	17	42	11	29	48	45	33	19	5	29	47	47	
19	15	48	4	29	30	38	30	42	39	42	5	20	34	4	19	5	37	39	3	8	40	48	33	12	36	25	39	44	5	31	47	17	19	15	8	1	3	24	30	
23	12	9	11	3	12	50	2	13	18	5	13	26	33	3	40	9	28	47	15	4	7	14	12	35	17	43	29	19	34	34	28	11	29	21	41	43	4	7	14	
50	46	7	46	16	43	8	47	2	33	29	17	4	22	29	36	17	31	40	3	12	28	6	34	3	45	22	3	20	14	12	33	48	47	19	6	6	25	43	24	
45	47	11	8	3	30	7	23	1	14	28	6	49	1	30	42	28	25	38	28	40	35	4	17	46	45	11	5	42	46	5	39	1	44	23	18	50	44	42	11	
27	11	11	13	8	2	9	16	49	48	27	47	10	43	3	33	7	9	7	19	12	30	4	20	8	4	37	31	3	49	12	24	30	27	11	41	36	20	45	40	
7	35	15	29	21	39	45	48	36	18	24	50	13	34	33	6	7	23	29	34	25	45	11	8	2	49	14	38	28	42	5	17	31	20	42	28	10	4	47	20	
44	29	47	45	45	41	19	31	49	25	36	34	36	29	31	11	24	23	21	24	29	12	26	4	28	31	12	37	16	12	10	19	16	12	46	29	5	28	20	27	
9	26	13	24	18	2	31	33	19	7	48	22	28	42	4	45	8	45	48	34	25	33	50	25	29	46	38	44	9	33	28	48	36	8	50	33	36	2	33	12	
48	22	46	12	22	2	23	36	6	9	2	33	21	48	14	34	49	42	37	32	14	8	47	16	35	8	16	46	21	37	43	37	32	31	48	34	16	20	30	10	
17	23	26	19	9	50	16	46	49	2	25	42	3	16	1	42	3	31	27	30	5	34	1	19	16	42	16	25	2	42	20	5	38	10	40	30	17	44	4	1	
12	40	16	26	49	46	9	3	12	6	3	42	28	42	27	6	1	12	30	2	31	3	7	7	30	39	10	22	50	11	20	1	23	1	38	18	33	35	24	34	
37	25	10	23	41	26	39	30	13	4	21	39	12	22	18	43	20	42	34	23	49	11	26	44	49	4	5	45	22	9	50	35	49	24	46	35	14	9	7	28	
17	30	30	11	12	8	11	9	35	28	46	28	17	32	50	22	5	18	41	15	31	31	4	30	21	2	10	12	44	43	31	6	19	10	19	11	20	17	14	21	
1	48	9	6	47	27	14	4	6	17	25	7	44	50	34	26	4	50	48	20	35	44	27	22	2	45	47	38	33	47	17	10	5	20	1	43	19	21	29	5	
16	41	47	25	36	48	8	35	5	8	5	14	49	35	45	40	2	29	38	44	6	29	26	19	25	20	35	11	22	5	47	3	28	26	14	19	8	17	6	21	
5	7	26	19	3	5	16	25	49	34	16	48	16	2	13	2	13	19	23	4	38	45	11	2	40	14	19	10	15	28	42	21	42	24	39	45	22	18	34	28	
43	30	19	44	34	17	2	23	24	16	24	33	39	39	40	33	27	13	12	44	6	14	11	19	11	49	18	24	8	17	31	5	47	10	21	8	36	19	11	30	
45	6	13	47	16	43	38	28	17	41	19	31	20	33	25	8	48	13	23	24	31	7	33	14	27	49	6	37	21	18	43	37	30	30	30	16	8	25	7	3	
13	44	41	20	18	8	11	50	48	29	10	12	40	4	18	33	5	31	44	31	32	30	50	49	25	34	32	28	22	17	15	29	14	12	29	31	37	38	12	5	
27	37	36	48	25	3	27	27	17	38	5	44	48	4	32	25	3	34	25	25	27	26	46	50	18	49	19	34	4	2	2	24	26	4	23	6	45	25	17	30	
30	44	6	16	10	47	5	39	26	19	47	35	11	39	15	8	2	1	44	20	37	4	7	13	28	43	39	17	21	38	32	28	29	2	29	22	45	31	19	39	
27	24	37	21	24	19	4	50	16	44	20	1	41	12	47	26	5	44	5	14	28	3	43	11	29	42	5	25	42	3	18	6	35	11	9	2	38	44	43	28	
1	31	45	24	19	23	12	40	36	9	41	33	35	10	20	27	13	24	1	9	45	40	2	30	31	23	3	32	30	17	28	27	5	11	49	25	24	42	23	50	
9	3	46	46	34	46	35	19	45	35	27	8	21	44	48	13	24	45	47	37	38	2	21	5	15	42	12	40	3	22	50	7	3	33	39	28	4	38	40	4	
35	7	47	45	44	49	50	48	29	7	13	6	40	14	50	22	46	49	10	8	12	9	10	11	18	20	50	25	35	46	39	35	48	35	22	46	50	50	17	33	
On machine	4
17	20	12	25	20	36	23	39	47	9	23	25	44	28	39	34	29	44	26	19	24	19	12	2	10	38	10	37	26	18	9	14	34	19	10	22	34	38	50	40	
49	20	42	18	49	47	4	20	39	16	49	28	41	25	14	15	50	34	22	19	21	4	35	42	1	20	18	36	17	15	21	10	18	3	27	7	6	49	35	29	
18	39	48	23	47	21	5	17	39	18	32	42	39	35	49	8	26	33	32	41	41	37	11	39	27	42	33	8	31	25	32	26	15	29	49	45	11	44	36	28	
4	13	47	10	6	35	26	18	31	13	13	10	37	7	22	19	44	16	1	30	45	13	8	45	34	47	14	38	24	25	20	12	18	2	39	30	45	38	36	16	
37	25	37	9	40	4	12	11	43	46	37	13	49	12	25	26	6	13	19	18	35	42	33	10	39	31	30	48	30	7	32	2	47	16	12	18	14	18	15	31	
33	2	11	37	12	14	28	7	15	14	4	1	20	15	7	28	50	40	24	10	44	49	50	42	31	39	14	38	27	36	17	29	23	13	44	35	15	8	28	31	
38	24	9	6	42	44	32	14	25	32	40	33	14	18	43	21	37	46	34	27	39	35	20	11	2	4	3	7	44	27	49	32	26	2	10	41	4	23	4	13	
47	20	12	36	35	25	9	32	36	47	6	43	32	43	42	34	45	9	40	25	8	15	34	42	4	49	26	50	3	24	10	10	38	45	41	45	14	15	34	33	
24	19	39	29	31	45	46	41	40	10	22	32	41	45	24	11	3	43	45	44	8	48	44	9	27	43	28	50	30	4	48	6	18	45	2	17	34	38	16	48	
39	48	31	20	3	34	42	1	14	25	37	40	46	40	25	34	3	12	3	48	38	45	15	48	13	3	29	25	30	16	48	5	50	28	49	38	23	28	41	1	
48	32	4	26	16	7	45	29	8	46	31	39	48	27	30	15	24	38	8	24	29	15	22	31	34	47	40	38	28	2	29	24	27	43	12	4	11	17	23	7	
8	45	9	41	43	22	40	11	8	33	19	37	21	36	48	50	15	48	14	22	9	21	5	37	44	50	45	20	28	16	45	18	50	29	32	44	49	13	7	27	
32	20	14	8	29	38	38	6	23	19	35	31	9	1	7	8	20	21	37	16	41	29	46	14	30	6	27	5	49	27	38	27	33	8	24	35	42	28	2	26	
10	42	13	41	36	33	35	43	10	41	32	8	11	7	10	20	41	48	38	38	17	20	11	9	9	34	12	33	32	3	48	28	34	12	9	49	42	1	23	49	
1	33	15	32	11	17	4	26	10	21	24	21	1	40	48	8	43	12	8	24	33	25	32	32	34	2	27	41	37	22	35	24	14	1	10	42	32	47	42	45	
10	36	27	24	17	36	41	45	31	37	25	12	32	34	31	41	48	26	28	31	4	3	37	46	48	30	30	14	45	21	41	45	2	18	35	19	50	43	12	46	
43	45	5	41	29	49	13	48	11	33	19	30	15	48	43	34	40	47	38	6	7	3	45	24	7	16	22	47	14	34	49	21	34	39	26	22	43	47	2	34	
42	10	18	44	4	8	47	26	20	20	22	32	37	33	50	7	34	24	26	17	22	17	39	50	5	42	30	41	37	2	16	43	24	25	33	37	25	23	27	29	
39	38	28	30	5	37	50	34	16	2	17	26	5	19	32	19	28	30	23	12	28	35	25	13	10	9	33	40	5	34	46	37	25	24	9	17	44	13	41	32	
11	1	15	42	5	7	33	47	17	20	29	42	9	25	29	14	45	3	19	23	14	40	44	14	30	4	40	50	40	3	13	19	34	50	4	1	22	13	9	25	
27	38	23	40	31	12	48	36	48	25	9	38	15	33	49	43	9	45	9	6	8	49	8	25	42	41	19	10	26	12	40	45	20	27	5	18	17	50	11	42	
44	6	22	12	40	6	47	44	45	10	37	47	32	32	49	7	12	29	42	47	13	40	44	23	29	22	14	6	17	4	18	28	1	5	20	6	30	42	48	7	
46	39	10	25	5	49	44	37	17	25	22	4	36	12	34	4	1	17	3	5	50	34	49	28	8	8	37	34	34	17	6	41	23	34	46	23	28	23	13	11	
32	8	40	16	24	4	21	46	31	5	22	19	46	26	50	46	45	13	3	46	9	26	41	41	46	10	31	16	43	6	42	22	10	12	43	3	46	39	3	1	
32	39	39	24	43	12	33	37	38	31	30	14	34	50	8	44	44	6	29	29	47	43	37	40	43	5	24	2	8	12	23	30	47	31	37	28	16	21	8	46	
12	33	30	28	14	3	7	46	35	29	40	38	30	8	30	33	12	28	47	39	43	37	41	27	1	42	13	28	2	39	1	1	24	50	47	30	26	28	40	23	
12	24	29	11	22	39	23	24	43	40	37	8	42	35	33	42	40	25	49	9	7	17	4	36	30	44	40	18	38	43	7	15	24	17	8	32	26	50	16	4	
32	38	19	42	18	7	23	8	49	46	24	23	31	18	43	37	32	3	33	27	27	31	24	18	45	14	24	21	2	32	26	23	32	32	3	9	10	48	1	16	
40	30	32	26	13	13	7	41	41	47	35	38	10	15	37	29	37	30	38	6	4	37	47	25	42	49	28	13	12	28	5	4	31	15	35	46	19	2	16	8	
3	16	19	28	8	33	12	50	25	26	26	11	24	49	10	32	28	35	16	43	9	35	25	20	29	20	9	42	16	49	27	50	25	20	23	5	22	34	9	3	
19	22	32	35	9	45	12	32	16	39	39	12	11	14	13	42	1	2	12	15	1	12	9	48	38	11	35	31	3	28	8	26	22	37	28	11	17	10	14	13	
9	16	1	50	4	40	24	22	3	3	2	1	43	7	31	20	11	33	8	21	18	4	2	48	29	14	8	43	13	12	25	25	31	20	21	41	25	13	40	13	
15	6	37	22	33	50	10	21	23	28	27	10	48	27	33	17	5	27	27	39	35	30	5	45	45	46	1	5	27	16	13	22	8	39	21	18	6	33	14	42	
9	48	44	5	8	9	45	47	25	26	23	24	26	32	27	10	23	2	6	30	9	22	7	25	46	11	27	18	37	6	42	44	46	23	26	46	14	5	26	42	
6	42	15	44	9	41	16	21	33	9	23	43	40	19	24	22	10	5	39	4	38	19	10	41	50	13	37	25	23	50	16	10	35	17	25	17	7	30	12	38	
39	48	14	9	4	38	42	24	31	35	13	8	16	47	45	15	44	37	27	44	50	22	22	44	9	31	4	28	23	9	36	36	5	9	45	24	11	22	41	5	
6	42	29	37	31	13	29	6	43	28	24	1	36	46	45	3	18	20	4	33	46	45	40	13	32	17	28	42	14	25	18	1	10	45	25	47	41	30	25	34	
18	10	10	33	44	23	41	40	19	21	5	6	27	35	46	19	45	49	25	3	21	48	15	39	24	40	31	47	1	26	24	11	50	24	27	17	10	15	11	23	
33	24	28	28	22	20	6	5	44	35	48	46	31	32	25	15	21	40	31	3	32	21	20	33	40	49	39	26	47	48	5	40	1	10	15	29	24	34	35	13	
18	14	23	2	1	33	42	27	13	28	20	31	42	36	22	15	17	49	3	25	21	9	25	48	24	20	15	10	6	43	1	1	15	17	9	1	28	3	41	10	
On machine	5
37	4	12	50	29	28	4	26	30	11	27	14	27	43	17	13	41	9	41	29	27	6	19	15	7	6	30	45	49	19	42	35	35	13	35	50	34	5	39	40	
38	35	36	29	15	11	15	45	33	9	3	40	8	8	19	20	5	37	28	4	10	38	22	10	45	24	17	6	3	18	49	47	7	34	5	42	40	50	15	13	
5	32	28	22	38	49	34	35	44	11	23	37	30	11	31	13	40	19	50	50	23	12	21	10	10	13	34	46	33	8	29	41	5	32	11	7	36	22	38	48	
2	7	21	38	17	50	42	42	3	28	44	28	7	29	26	43	26	26	17	18	1	29	36	32	30	9	41	26	8	14	47	17	46	50	10	19	40	13	7	15	
6	8	5	43	22	36	16	16	8	50	19	10	5	50	28	16	12	25	25	3	1	9	18	6	48	7	24	49	23	20	27	33	31	22	7	1	29	48	27	32	
37	44	27	6	15	6	16	39	17	19	37	8	19	34	28	8	44	40	33	14	31	17	20	37	47	18	6	26	43	5	8	17	15	26	27	43	6	39	41	2	
18	26	48	4	42	10	1	11	19	27	22	35	1	28	2	23	2	21	41	13	23	12	7	45	47	44	34	29	14	24	43	7	48	9	12	35	5	23	28	1	
3	1	37	25	15	43	37	35	11	12	30	27	33	32	23	17	37	23	14	44	15	44	46	12	47	40	33	17	19	33	49	19	18	13	46	29	42	6	41	40	
21	8	8	19	10	25	20	31	40	16	33	18	22	11	5	8	44	40	11	5	50	15	34	24	26	19	45	29	40	47	25	42	45	31	14	8	3	43	29	8	
40	40	35	34	42	48	23	8	41	21	32	3	40	2	37	48	24	10	48	27	32	18	34	11	10	1	27	5	47	39	26	6	38	36	36	31	5	26	4	13	
3	44	28	19	20	43	28	39	8	47	33	13	6	19	14	40	45	15	16	35	35	2	21	49	17	8	44	47	31	5	1	23	12	26	31	50	30	27	25	18	
25	44	46	45	31	10	24	9	7	16	27	27	18	9	27	34	44	40	39	28	15	27	30	10	11	33	23	10	33	40	12	25	33	20	12	35	44	30	40	50	
10	25	43	48	5	23	16	45	46	25	48	20	43	13	41	18	35	8	50	34	31	46	7	34	29	43	25	13	26	12	36	28	21	22	26	4	45	22	47	31	
43	20	9	4	38	10	50	39	21	3	9	28	38	38	40	24	34	8	6	48	34	36	2	2	34	36	19	15	27	12	26	36	8	41	49	36	2	27	39	24	
2	37	26	48	19	35	44	29	43	2	15	29	43	7	44	28	3	2	18	41	17	46	26	48	23	17	23	36	27	17	20	21	50	35	13	39	19	35	47	17	
43	29	41	12	9	10	16	18	17	22	34	45	50	3	33	14	11	37	37	49	24	30	8	38	8	35	28	49	20	1	29	25	10	16	38	7	21	41	7	18	
43	6	7	43	5	5	3	32	20	35	11	50	34	8	27	13	15	6	29	11	26	18	32	13	27	4	43	13	15	7	15	48	5	27	28	1	33	21	18	20	
20	44	34	25	17	40	24	39	12	9	25	29	38	36	4	25	18	43	26	14	49	44	29	25	47	18	39	28	11	50	48	16	5	17	37	24	27	9	8	50	
50	14	35	43	44	16	34	42	48	50	38	44	36	17	50	24	44	26	9	13	6	48	44	27	28	10	26	18	7	9	37	10	22	44	35	46	37	13	13	31	
25	30	29	44	33	49	24	39	38	39	28	2	25	18	38	14	13	2	14	17	9	31	17	5	41	23	44	2	22	29	1	14	10	5	18	26	19	28	35	16	
50	43	33	9	34	42	27	25	12	18	37	31	40	6	38	11	48	28	14	43	40	9	35	47	24	20	49	16	13	35	30	20	21	2	8	19	18	31	9	10	
32	46	23	42	33	48	24	35	22	10	15	5	26	41	37	24	26	19	24	47	29	45	36	7	34	22	23	2	10	18	13	7	37	32	36	31	43	32	26	40	
35	1	13	9	38	46	45	8	3	41	37	41	14	48	3	13	32	7	44	50	11	23	35	19	16	39	8	39	1	23	15	43	12	24	42	50	7	17	27	35	
31	31	50	33	13	9	40	47	28	21	5	22	48	37	1	43	14	36	31	20	42	37	45	12	6	34	18	4	7	48	35	3	39	19	25	1	7	4	23	41	
13	6	19	16	6	17	22	23	50	6	33	4	13	46	47	3	44	9	21	5	15	40	5	23	20	25	38	5	21	42	26	25	31	16	49	30	28	27	4	27	
35	41	25	35	16	23	23	5	41	29	32	36	21	41	18	17	5	50	16	44	16	18	43	48	1	32	29	19	43	31	8	39	5	17	29	14	8	13	5	34	
36	30	29	37	2	10	40	16	13	38	15	20	15	14	12	35	19	31	50	23	28	1	20	48	49	34	39	26	8	27	41	18	28	44	26	48	25	50	2	2	
23	11	27	3	13	1	41	44	37	36	40	49	43	21	33	30	16	16	9	46	3	34	27	26	40	15	29	12	15	26	1	27	6	3	22	16	13	15	14	17	
42	11	27	29	11	3	31	13	47	7	47	13	28	32	26	46	15	15	16	29	23	14	15	12	3	29	24	38	23	3	39	38	39	50	3	9	27	39	36	30	
38	25	3	26	18	15	50	17	7	44	29	31	41	36	6	33	33	9	35	2	28	20	33	21	32	28	24	10	8	29	50	46	27	30	17	48	20	6	40	37	
9	14	24	21	12	26	48	17	36	48	7	20	35	37	48	21	49	26	15	20	15	5	41	3	42	16	39	32	3	4	43	48	38	47	26	8	27	26	39	46	
27	25	29	46	9	14	33	29	31	43	12	31	14	25	8	23	17	50	23	15	13	1	47	19	35	11	2	50	13	42	32	36	45	15	47	8	5	15	7	5	
22	15	40	2	11	23	2	33	45	31	16	23	47	40	46	20	1	4	12	45	41	9	19	26	35	2	46	26	36	40	49	11	41	30	34	35	41	1	3	15	
44	32	20	18	49	36	42	41	40	29	5	9	4	6	39	6	20	36	43	17	5	37	40	46	13	50	44	10	22	14	26	35	3	25	47	12	49	19	43	41	
31	43	17	26	17	20	32	36	25	27	48	29	42	50	12	32	23	15	10	18	35	37	49	15	20	41	45	24	22	12	20	34	12	23	16	37	7	21	33	13	
21	9	11	32	28	16	42	7	44	31	28	49	33	49	2	42	17	38	26	7	47	50	25	32	12	45	34	49	5	39	30	21	14	18	24	46	24	2	23	46	
41	42	16	28	27	44	27	11	23	40	20	35	12	29	25	42	31	29	22	26	1	33	6	28	3	28	19	48	45	1	17	11	3	42	20	36	32	12	36	50	
9	13	36	36	10	41	24	31	12	40	10	32	22	2	47	7	46	45	3	31	13	17	49	2	26	1	8	26	11	18	36	11	17	48	34	38	27	39	39	29	
22	3	27	35	25	47	18	35	25	19	2	46	12	37	43	2	13	34	23	30	10	25	1	12	31	3	5	26	38	38	32	28	16	6	19	24	35	40	17	40	
25	45	23	8	10	19	39	34	8	34	45	22	34	21	20	40	44	44	40	33	27	29	21	43	27	32	15	22	39	3	45	38	45	28	26	42	19	22	44	40	
On machine	6
29	40	50	14	49	41	2	41	38	50	13	3	1	33	19	26	9	24	9	41	10	2	12	33	33	19	14	1	26	45	10	28	1	18	14	1	42	14	47	23	
34	10	12	8	25	32	20	31	41	20	41	29	1	29	48	9	1	46	27	32	41	20	8	16	41	28	31	46	41	49	29	3	31	26	7	28	36	36	19	32	
8	7	5	2	16	4	13	26	34	35	34	48	29	36	42	2	37	43	41	4	15	44	30	31	48	45	36	47	47	16	45	22	37	42	41	47	36	13	37	48	
38	21	5	15	49	11	47	7	19	14	2	11	23	15	20	12	14	24	34	30	44	23	22	17	46	49	4	22	49	14	8	20	44	49	23	39	32	28	21	38	
26	20	1	10	15	3	50	5	14	47	18	16	4	33	25	31	45	15	50	35	18	15	38	43	42	28	42	39	17	28	50	39	36	17	8	47	32	47	33	3	
25	46	40	15	12	37	13	19	12	33	49	33	47	13	48	4	46	44	27	13	33	13	46	38	2	23	46	18	4	8	19	38	13	30	13	5	7	2	9	36	
21	13	20	33	9	7	12	13	41	45	8	19	17	50	9	36	15	2	34	8	4	12	39	24	33	36	5	31	39	38	48	10	19	37	17	37	7	18	2	9	
22	25	1	26	47	46	34	3	26	28	38	5	46	50	5	33	36	29	26	13	48	6	38	3	28	4	6	1	49	32	20	44	41	34	36	2	24	23	50	11	
10	37	10	15	31	16	27	39	25	34	8	3	30	21	46	46	5	23	37	16	16	46	2	14	6	24	7	18	6	31	33	1	30	11	49	34	36	40	35	36	
31	39	11	42	39	31	10	43	38	31	9	30	28	14	36	6	16	38	27	2	27	13	12	37	27	24	18	39	46	28	21	34	37	44	14	24	36	26	12	32	
3	6	20	5	21	8	4	12	13	15	37	14	8	43	11	17	45	30	1	49	4	45	44	16	40	26	7	29	41	11	3	20	16	11	50	29	42	44	22	4	
24	36	31	17	14	35	38	8	39	10	25	50	8	35	44	19	39	8	1	40	11	49	50	5	31	15	12	3	21	11	23	14	8	13	32	49	1	35	17	49	
33	27	36	32	47	6	44	17	11	22	3	42	14	33	48	33	33	50	48	38	28	13	21	39	40	21	32	29	11	50	2	16	33	32	12	21	17	41	33	14	
36	49	17	41	40	32	12	5	41	29	4	26	21	32	14	16	41	41	19	33	15	48	49	1	26	11	27	10	25	3	49	9	5	26	1	15	2	12	4	27	
34	20	4	49	49	11	44	15	3	3	49	37	7	8	13	20	31	22	9	2	47	48	46	34	47	39	41	42	7	17	2	20	34	44	26	25	18	23	9	12	
11	31	24	20	18	3	44	41	20	40	32	14	36	15	8	37	15	19	9	35	17	2	1	32	48	41	40	21	27	48	33	35	37	44	14	36	41	4	43	47	
39	32	34	17	17	29	21	25	40	21	38	50	16	16	9	23	11	22	38	15	30	49	28	13	16	21	22	35	5	7	31	33	29	25	39	38	42	2	34	24	
5	49	29	39	49	37	36	44	46	36	9	13	22	46	33	34	36	22	30	43	19	36	20	23	48	27	18	36	18	3	30	40	21	34	18	43	2	4	36	33	
22	45	21	14	6	42	21	16	24	48	5	49	42	31	28	15	33	40	7	28	23	45	7	24	20	49	2	42	30	18	19	30	43	24	28	15	25	48	2	50	
3	14	46	20	31	36	18	40	27	26	10	47	50	6	30	42	9	16	47	15	50	41	3	8	38	26	48	38	30	4	27	45	17	12	49	36	11	31	19	2	
29	43	27	47	25	38	45	47	37	15	15	48	1	14	30	49	27	46	17	19	12	11	18	1	49	47	46	17	2	17	43	7	16	11	8	36	19	8	28	47	
23	7	36	9	30	21	33	1	39	10	17	19	20	50	27	16	9	34	47	1	43	47	19	30	49	28	3	7	43	27	25	16	50	31	22	41	24	43	48	35	
10	20	30	34	8	10	8	25	30	33	48	47	2	28	21	1	3	2	44	24	48	32	44	37	35	18	18	36	10	19	9	18	47	27	38	10	25	45	10	4	
2	49	42	34	19	50	11	34	6	3	28	37	25	39	13	40	23	44	30	7	42	39	34	48	35	20	20	1	6	1	49	9	4	15	37	26	8	13	27	30	
11	46	35	49	6	28	37	11	48	1	35	6	11	14	21	49	29	5	38	10	12	39	24	38	25	27	41	41	37	46	45	12	12	42	41	34	32	5	6	23	
1	37	42	49	34	21	2	4	44	15	21	28	12	10	50	4	10	22	43	1	39	4	35	4	45	30	44	33	47	3	43	17	46	14	39	45	50	30	39	29	
20	11	30	18	47	48	5	28	46	36	3	45	30	8	37	18	49	40	16	26	43	2	19	7	42	24	14	2	24	40	28	32	32	45	5	7	2	44	4	14	
8	13	7	37	20	1	3	50	27	1	19	11	27	42	4	23	19	33	5	50	29	44	49	1	19	4	40	32	17	5	6	22	31	29	39	37	45	41	38	2	
49	19	43	25	22	42	16	1	46	3	50	18	42	32	45	29	40	31	8	29	37	45	6	10	39	35	40	48	42	14	6	27	45	12	28	22	33	14	8	11	
2	44	16	28	35	1	40	50	45	32	46	6	50	43	11	45	45	27	24	21	46	17	44	14	22	8	46	28	31	3	45	10	23	7	38	48	49	13	28	10	
44	26	30	21	38	4	15	26	8	45	27	14	10	9	19	25	40	14	2	36	20	8	43	27	16	7	50	39	18	9	15	32	33	24	11	21	34	44	7	25	
21	46	50	21	49	10	44	6	34	14	16	14	16	47	3	42	15	1	1	29	19	20	41	3	36	18	27	6	1	43	43	16	41	25	23	36	47	33	16	40	
48	4	39	8	24	45	35	23	45	27	5	13	34	10	45	1	18	26	44	11	3	42	27	43	9	40	44	43	50	7	33	29	32	11	8	43	40	21	37	22	
20	50	44	11	50	4	46	6	29	47	32	41	48	40	47	2	44	48	7	42	43	18	6	13	44	4	22	24	33	10	37	28	29	44	28	43	48	16	32	31	
16	36	7	9	19	2	7	8	40	30	46	25	34	30	12	33	12	11	30	31	16	36	29	38	17	49	3	14	50	15	22	48	13	34	17	39	40	1	23	16	
26	12	34	16	22	8	11	3	13	26	48	40	20	23	5	28	3	15	30	4	33	20	16	27	14	34	29	29	4	7	31	32	13	33	16	43	14	21	30	21	
41	20	7	39	6	20	41	48	48	35	35	6	31	5	48	43	16	14	35	19	15	50	29	32	28	42	18	38	39	4	9	4	47	25	34	26	22	6	30	36	
20	15	25	24	3	15	32	26	12	46	34	9	21	7	36	43	43	1	31	18	20	18	22	41	27	15	27	27	39	36	42	45	44	37	43	8	35	11	34	22	
30	29	21	43	3	13	44	33	40	16	11	20	3	35	42	8	50	48	45	2	7	44	16	1	18	14	11	47	32	11	18	18	26	22	38	47	40	50	4	36	
33	38	32	6	3	41	37	47	6	37	48	11	30	10	25	50	32	19	1	19	25	15	28	48	47	47	45	35	44	29	11	41	18	46	14	48	50	15	30	24	
