Factories	4
Families	20
Machines	2
SetupType	1

Number of Jobs in each Family
1	3	2	10	10	7	6	9	2	5	7	6	8	10	9	2	3	3	10	9	

Jobs in each Family
0	
1	2	3	
4	5	
6	7	8	9	10	11	12	13	14	15	
16	17	18	19	20	21	22	23	24	25	
26	27	28	29	30	31	32	
33	34	35	36	37	38	
39	40	41	42	43	44	45	46	47	
48	49	
50	51	52	53	54	
55	56	57	58	59	60	61	
62	63	64	65	66	67	
68	69	70	71	72	73	74	75	
76	77	78	79	80	81	82	83	84	85	
86	87	88	89	90	91	92	93	94	
95	96	
97	98	99	
100	101	102	
103	104	105	106	107	108	109	110	111	112	
113	114	115	116	117	118	119	120	121	

Total number of jobs
122

Processing times of jobs
5	2	
4	2	
2	3	
4	1	
7	7	
3	4	
5	6	
2	10	
3	6	
9	6	
6	4	
5	1	
4	3	
1	9	
2	1	
9	3	
8	9	
10	3	
6	1	
7	8	
10	4	
8	5	
7	3	
7	7	
9	4	
3	8	
4	6	
6	1	
2	3	
8	1	
3	3	
3	6	
1	6	
7	10	
2	2	
6	1	
8	8	
2	4	
6	10	
8	2	
2	10	
8	9	
6	7	
3	7	
4	1	
8	3	
6	1	
3	7	
6	1	
6	6	
4	6	
6	10	
3	7	
1	9	
2	7	
8	2	
2	4	
4	4	
1	1	
7	3	
2	5	
1	7	
7	7	
4	7	
4	8	
10	8	
6	4	
6	5	
9	7	
4	6	
4	6	
10	5	
6	4	
1	6	
9	5	
10	8	
5	5	
2	2	
6	9	
6	3	
3	9	
8	7	
10	6	
5	1	
10	8	
1	7	
6	9	
5	9	
4	4	
10	10	
5	5	
5	1	
5	2	
2	9	
1	6	
6	7	
2	10	
8	1	
4	4	
10	3	
9	5	
1	9	
10	9	
10	4	
5	10	
2	6	
1	4	
9	4	
4	8	
3	3	
8	6	
8	4	
5	7	
1	6	
7	1	
2	3	
6	10	
2	9	
6	9	
6	8	
6	8	
10	6	

Stepup times between Families, where [f][f] represents initial setup time
On machine	1
16	13	1	5	18	1	1	14	11	15	6	13	9	2	11	5	5	6	7	20	
1	9	10	11	8	3	20	7	19	14	1	16	14	1	4	3	13	2	1	8	
12	14	1	4	12	12	16	11	12	5	10	13	10	11	20	17	15	11	17	11	
10	1	13	2	19	18	18	9	15	15	17	4	1	8	6	1	8	6	9	20	
16	18	16	6	19	3	11	9	17	3	7	4	9	12	14	16	17	9	10	16	
16	2	16	5	19	19	19	1	2	13	9	13	19	9	8	4	10	19	13	10	
19	14	1	16	14	9	1	10	14	17	12	3	16	12	15	11	20	17	12	11	
16	13	13	1	7	10	11	6	17	5	2	20	2	9	4	15	16	2	18	2	
20	12	9	10	7	8	9	3	9	19	2	4	7	17	20	20	6	4	5	12	
19	14	19	19	20	16	11	15	7	16	20	10	5	4	9	17	13	16	3	16	
11	17	9	14	15	15	16	6	7	16	1	10	4	14	4	12	11	15	11	14	
10	3	20	5	12	10	7	13	11	6	20	18	8	19	4	11	9	17	5	4	
18	10	11	13	16	9	20	14	13	6	20	7	3	19	13	4	13	10	8	5	
7	11	1	2	18	9	8	3	19	4	16	2	3	2	4	13	15	15	4	5	
16	9	1	11	13	11	8	2	16	16	16	13	11	19	10	15	20	6	12	4	
11	8	9	2	2	4	16	20	1	7	7	5	3	15	10	17	16	1	8	11	
13	3	14	14	13	10	6	9	10	11	5	20	7	9	7	18	15	11	6	4	
2	6	14	3	13	9	20	13	16	7	10	12	16	4	10	11	3	20	17	9	
3	4	14	11	5	11	3	5	14	12	3	20	14	4	4	2	4	7	3	7	
2	18	6	3	13	20	1	8	16	20	4	18	9	1	16	15	20	5	8	7	
On machine	2
11	19	6	20	9	13	10	7	19	17	14	8	8	14	11	2	8	12	3	6	
7	12	7	20	15	2	19	10	11	4	19	13	10	8	16	5	3	17	8	17	
18	6	18	7	19	14	6	1	1	19	7	8	2	14	6	3	5	18	14	3	
12	8	20	10	19	19	13	18	17	15	13	12	9	20	18	4	12	4	2	3	
9	4	10	14	12	6	3	16	7	15	9	3	14	5	6	15	15	3	12	4	
5	4	18	8	4	9	11	12	5	6	8	8	14	18	11	4	1	2	9	2	
9	3	14	13	1	7	5	10	8	14	1	17	1	5	10	18	4	10	9	14	
15	9	3	20	10	14	3	3	5	1	10	18	4	7	14	9	5	5	11	9	
8	2	13	19	3	15	18	17	11	15	11	14	19	9	8	20	19	16	13	18	
16	14	19	10	10	18	20	19	18	4	13	12	9	8	20	1	9	5	13	2	
14	7	10	17	16	1	11	15	19	12	7	18	18	14	7	12	4	6	10	4	
16	12	2	9	13	11	17	4	1	2	4	11	17	20	17	14	9	7	3	1	
4	10	6	14	15	13	14	16	19	9	16	19	8	9	3	2	6	17	5	11	
9	17	11	2	1	20	9	9	16	17	4	3	16	9	12	2	8	11	14	1	
5	4	15	13	8	3	19	3	6	16	20	6	8	19	5	7	4	20	5	3	
4	4	8	19	6	7	1	18	3	15	13	14	16	19	7	20	9	18	12	18	
12	5	9	14	10	12	10	4	20	8	2	15	1	4	16	16	13	14	8	15	
13	15	11	10	6	6	15	18	4	1	10	17	12	16	4	10	15	12	3	7	
19	8	15	9	11	17	3	11	3	7	18	4	19	17	5	2	13	1	8	11	
11	5	14	19	1	5	2	6	7	14	20	20	7	3	1	13	2	10	19	18	
