Factories	4
Families	40
Machines	4
SetupType	3

Number of Jobs in each Family
8	1	5	10	3	3	5	9	10	8	4	8	1	4	4	4	6	3	2	8	1	6	2	10	8	7	9	3	10	2	10	3	8	4	9	2	7	10	2	1	

Jobs in each Family
0	1	2	3	4	5	6	7	
8	
9	10	11	12	13	
14	15	16	17	18	19	20	21	22	23	
24	25	26	
27	28	29	
30	31	32	33	34	
35	36	37	38	39	40	41	42	43	
44	45	46	47	48	49	50	51	52	53	
54	55	56	57	58	59	60	61	
62	63	64	65	
66	67	68	69	70	71	72	73	
74	
75	76	77	78	
79	80	81	82	
83	84	85	86	
87	88	89	90	91	92	
93	94	95	
96	97	
98	99	100	101	102	103	104	105	
106	
107	108	109	110	111	112	
113	114	
115	116	117	118	119	120	121	122	123	124	
125	126	127	128	129	130	131	132	
133	134	135	136	137	138	139	
140	141	142	143	144	145	146	147	148	
149	150	151	
152	153	154	155	156	157	158	159	160	161	
162	163	
164	165	166	167	168	169	170	171	172	173	
174	175	176	
177	178	179	180	181	182	183	184	
185	186	187	188	
189	190	191	192	193	194	195	196	197	
198	199	
200	201	202	203	204	205	206	
207	208	209	210	211	212	213	214	215	216	
217	218	
219	

Total number of jobs
220

Processing times of jobs
2	6	3	8	
5	4	7	5	
8	3	10	4	
1	1	6	5	
5	10	5	10	
9	10	3	5	
9	2	10	10	
6	3	1	4	
4	4	2	3	
4	6	2	9	
7	3	6	5	
3	4	7	9	
8	2	2	6	
10	1	9	6	
5	8	7	5	
10	3	5	4	
8	5	4	5	
3	8	8	3	
7	9	4	1	
6	9	6	9	
4	9	3	9	
4	4	3	6	
6	3	6	9	
8	4	7	9	
3	7	8	6	
4	9	6	2	
3	10	6	8	
1	2	9	2	
1	1	7	4	
6	6	3	6	
6	5	2	3	
4	8	6	4	
1	2	1	8	
8	10	1	8	
8	6	10	2	
4	4	5	8	
7	7	9	6	
8	5	8	1	
2	4	3	9	
1	7	1	2	
4	7	1	6	
9	3	2	1	
10	3	5	9	
6	7	1	10	
10	9	8	8	
5	9	9	5	
2	5	10	6	
10	2	1	1	
8	3	7	6	
2	4	3	2	
10	4	3	7	
7	9	10	9	
4	5	1	4	
9	6	1	2	
10	2	6	9	
1	2	1	2	
9	10	2	10	
1	8	7	4	
6	2	1	3	
1	4	6	7	
3	10	3	1	
10	6	1	9	
1	9	5	2	
8	3	3	6	
8	2	1	7	
8	3	2	2	
8	3	9	4	
2	1	7	3	
5	8	8	7	
6	4	6	7	
3	3	8	4	
5	7	6	9	
8	7	9	10	
7	5	6	9	
4	6	3	2	
8	3	1	7	
5	9	9	6	
9	3	1	1	
2	7	1	10	
2	4	10	3	
9	1	7	3	
4	2	6	1	
8	8	10	8	
5	10	10	10	
7	8	9	4	
7	1	10	2	
2	8	1	10	
5	7	5	7	
4	7	10	10	
10	9	7	8	
8	2	7	9	
1	8	7	9	
7	10	9	8	
6	8	2	4	
8	10	2	7	
4	3	6	6	
7	6	6	2	
8	5	5	5	
4	10	8	3	
1	5	2	2	
1	5	10	8	
1	6	4	3	
10	1	7	6	
4	10	2	7	
6	6	8	1	
4	8	4	3	
10	1	1	3	
3	8	10	10	
1	9	9	10	
10	2	5	8	
6	7	9	3	
5	10	7	1	
3	3	3	1	
7	6	5	7	
5	9	9	3	
2	7	3	6	
5	2	9	7	
5	9	6	4	
7	4	3	4	
3	9	7	8	
4	4	8	2	
5	5	4	9	
7	2	4	2	
5	8	5	10	
7	10	6	2	
4	7	4	1	
9	1	8	6	
2	4	7	8	
4	1	4	5	
6	6	8	1	
8	7	3	5	
8	4	3	7	
9	3	5	3	
1	10	10	2	
2	4	5	2	
2	3	9	6	
7	10	4	1	
6	8	2	7	
8	4	3	2	
1	8	2	2	
9	9	4	9	
2	6	8	4	
2	1	3	7	
3	10	4	5	
6	10	5	6	
7	3	9	3	
3	7	5	4	
1	6	8	1	
2	8	8	7	
1	10	9	3	
9	8	2	8	
3	4	5	8	
10	3	10	5	
4	5	4	7	
9	7	2	2	
1	2	9	1	
6	10	9	5	
5	3	3	4	
2	6	7	3	
8	10	9	3	
9	5	4	1	
1	8	10	1	
4	10	9	4	
7	1	4	10	
3	3	3	8	
9	8	10	6	
6	3	7	6	
1	10	9	8	
6	7	1	6	
9	9	6	1	
3	8	5	8	
2	9	9	7	
5	8	8	10	
5	6	7	7	
1	9	5	2	
4	6	2	9	
2	10	10	5	
9	6	6	3	
2	6	10	7	
2	10	9	3	
2	4	1	6	
10	6	5	10	
4	1	8	10	
1	3	5	6	
6	6	4	6	
9	1	5	6	
7	8	3	8	
5	4	7	2	
3	5	6	1	
10	5	7	6	
5	8	9	2	
4	7	4	3	
9	3	8	6	
7	9	8	9	
6	9	5	4	
1	4	8	3	
7	9	5	3	
3	2	2	7	
6	4	1	3	
9	6	8	7	
9	7	7	10	
1	2	6	9	
9	5	9	10	
10	7	5	2	
2	1	10	9	
3	6	2	5	
9	5	6	6	
4	10	5	5	
1	2	4	6	
1	3	2	8	
8	8	4	6	
6	9	7	8	
9	9	10	9	
8	7	1	9	
10	4	3	3	
5	8	4	8	
5	7	10	5	
3	2	7	4	
7	9	5	10	
3	10	9	8	

Stepup times between Families, where [f][f] represents initial setup time
On machine	1
24	15	59	48	3	37	97	54	77	81	85	77	75	22	17	62	97	49	49	23	47	73	10	22	48	70	7	1	88	76	27	88	77	14	81	77	12	52	53	74	
56	6	47	72	80	10	34	83	89	76	26	7	66	67	60	61	71	99	73	88	35	56	62	85	94	98	28	49	22	75	80	22	66	73	52	89	31	52	77	62	
33	34	84	76	18	90	84	99	1	21	58	79	6	47	89	4	7	29	27	94	62	15	79	85	69	13	95	65	6	22	65	54	53	12	38	36	79	1	94	57	
8	13	30	39	39	58	47	11	28	60	86	26	90	16	45	76	79	15	81	86	76	59	28	80	85	90	81	38	25	98	61	78	14	35	92	39	40	26	33	8	
53	95	82	65	68	58	24	73	58	47	17	79	45	74	95	51	17	32	12	43	100	43	14	70	89	71	93	31	79	34	70	23	63	57	3	45	50	93	24	46	
52	37	56	21	18	80	49	7	86	53	72	53	8	41	4	70	51	53	20	44	62	29	3	7	80	24	40	44	98	40	42	31	19	29	54	26	29	29	30	16	
74	59	72	91	93	96	76	5	70	5	66	53	56	62	36	12	17	26	62	54	99	57	2	18	37	18	10	28	15	73	40	79	51	72	37	14	92	16	93	35	
28	98	34	10	28	90	28	14	31	80	76	37	41	2	79	65	29	57	29	67	8	67	28	51	31	37	91	32	43	12	16	81	24	29	1	12	12	37	95	22	
96	90	99	11	12	40	78	55	2	18	58	30	45	41	13	20	48	49	73	28	15	33	25	22	74	10	83	2	75	31	14	67	2	12	18	31	63	34	58	69	
46	57	50	45	52	89	29	35	80	26	56	66	13	32	91	2	74	77	35	32	13	68	85	13	88	21	98	34	16	58	36	10	32	50	32	24	31	44	68	71	
25	2	59	87	35	58	11	57	4	82	58	34	58	51	27	16	5	15	75	30	86	14	88	14	48	61	73	88	76	74	19	64	62	35	7	78	19	6	4	20	
92	64	55	85	6	49	89	61	27	40	60	82	26	79	77	45	30	41	49	68	85	86	54	50	51	99	95	67	28	3	47	86	82	84	7	40	17	70	43	96	
5	1	6	23	14	65	59	28	62	91	75	40	49	54	8	54	68	23	64	67	93	76	75	8	34	22	65	64	52	90	80	27	71	85	4	71	67	20	83	46	
13	35	7	60	63	24	2	99	72	22	26	29	12	94	13	5	56	10	90	99	5	57	52	92	77	2	87	49	29	64	17	16	65	49	10	61	21	9	51	2	
5	98	68	17	84	93	76	85	72	100	50	71	65	18	72	54	87	46	62	61	17	48	88	44	83	60	56	23	78	97	92	74	59	73	51	43	33	13	5	56	
23	99	20	12	93	62	36	6	17	99	78	92	5	65	17	36	16	54	89	32	58	40	89	87	68	88	74	96	23	30	96	87	63	65	48	32	43	45	3	34	
63	27	55	1	71	43	43	24	26	97	95	90	85	61	57	45	57	71	14	7	78	55	36	73	97	8	23	25	5	91	54	88	5	86	56	60	25	46	35	98	
59	10	1	76	47	57	76	9	94	70	86	21	26	38	70	2	46	97	45	23	97	96	60	12	72	50	49	54	41	42	49	48	9	37	73	14	96	56	12	70	
67	16	47	61	55	65	1	63	45	79	13	4	77	60	50	9	38	45	79	42	25	66	64	58	54	37	20	73	52	94	54	12	77	67	60	59	57	57	22	67	
77	28	44	62	60	82	76	47	65	21	62	64	19	60	21	2	84	60	89	100	68	39	52	52	74	93	30	95	20	5	80	90	12	34	86	32	97	3	17	18	
59	40	57	5	94	98	79	90	77	72	36	52	26	99	46	97	92	55	69	26	1	7	20	68	29	42	66	27	74	63	6	47	46	27	97	96	86	29	58	86	
88	94	59	31	11	81	96	83	77	100	28	87	50	57	70	66	28	16	16	6	6	42	34	17	64	17	86	41	99	68	4	52	57	34	59	19	4	34	25	43	
95	30	68	90	21	92	21	76	56	72	13	5	73	51	50	40	3	40	3	60	1	1	47	14	4	84	83	44	51	6	73	68	57	59	88	28	64	48	50	52	
43	14	69	41	23	76	93	24	34	6	36	18	92	50	47	19	1	91	13	40	34	17	45	46	94	65	29	36	65	33	60	44	32	97	39	4	68	71	60	70	
40	16	82	22	8	9	53	52	68	57	41	25	95	55	65	94	16	70	38	94	38	22	48	95	20	35	20	100	20	25	38	42	27	54	73	61	45	4	69	83	
5	32	68	91	84	11	16	55	82	87	40	95	33	33	61	9	81	86	15	81	56	34	40	62	10	60	52	61	3	35	26	82	64	25	2	76	40	14	71	1	
36	47	95	10	97	12	76	55	40	2	33	70	86	26	66	20	25	25	36	4	11	4	77	17	77	60	86	98	39	96	25	100	34	4	74	87	74	48	92	92	
73	85	26	75	83	100	75	27	52	27	49	74	63	13	33	75	29	48	13	84	57	25	3	13	16	28	54	18	12	29	66	45	69	58	85	12	92	61	83	28	
23	32	86	38	56	40	63	44	14	59	74	7	33	5	49	95	6	44	86	44	18	46	10	96	98	28	10	10	15	81	100	57	18	89	87	72	83	27	58	8	
13	7	6	18	73	43	30	67	41	64	95	44	6	33	63	59	17	92	39	76	26	68	87	16	66	38	65	100	2	22	3	8	55	33	21	77	17	85	6	71	
7	16	48	83	84	52	86	42	63	30	85	26	95	2	35	97	45	34	72	18	7	43	1	83	18	29	66	28	99	9	62	85	41	87	50	32	90	72	30	11	
87	78	39	25	60	98	54	55	16	23	67	43	53	9	54	65	96	70	1	88	56	100	38	77	96	79	48	39	33	33	72	32	56	23	90	80	56	42	48	6	
56	35	51	95	63	11	79	83	64	90	23	20	24	78	33	42	2	82	31	36	85	43	12	29	56	75	45	43	82	20	10	94	87	51	67	40	59	74	58	23	
14	71	40	33	3	66	36	40	12	41	27	96	83	45	41	88	50	24	78	78	40	93	92	92	51	11	28	28	96	30	59	40	85	86	95	77	94	89	27	91	
23	51	71	2	97	89	39	91	22	87	5	94	97	53	1	34	38	71	25	46	58	43	41	75	67	91	77	54	59	80	73	75	82	30	40	86	64	25	79	45	
35	64	52	10	49	31	70	51	54	70	87	99	65	84	57	70	99	30	14	72	32	1	70	5	52	44	81	21	85	74	57	91	67	6	80	27	60	97	86	96	
18	10	18	66	69	91	79	92	33	98	5	49	7	88	3	49	79	87	23	94	26	27	92	60	49	91	63	52	26	53	98	23	34	1	29	71	50	6	74	6	
41	80	94	19	82	83	48	73	90	65	93	1	89	10	29	44	89	41	13	73	75	40	9	79	53	48	5	86	60	42	62	35	39	13	30	93	16	24	68	39	
29	39	100	87	69	21	67	31	16	37	18	22	36	34	48	5	77	6	5	24	80	14	92	31	63	51	69	92	68	93	56	2	20	60	88	3	98	94	67	42	
36	47	69	80	99	82	99	36	89	17	30	44	20	72	68	42	30	38	42	15	100	36	91	79	39	62	76	49	39	63	9	84	6	54	34	66	57	2	37	4	
On machine	2
89	75	83	86	61	6	81	45	2	36	54	74	35	38	10	13	42	99	60	33	86	36	68	65	2	32	90	80	35	44	31	33	57	30	17	63	16	6	52	7	
28	27	84	58	97	86	44	80	1	80	74	12	2	55	4	86	45	71	17	3	87	65	36	80	90	48	16	38	27	34	89	28	41	12	49	1	74	6	42	12	
4	1	59	85	11	67	42	42	5	52	38	90	71	25	33	24	34	49	43	47	36	19	91	69	15	15	44	18	54	24	84	6	55	6	66	29	41	19	26	57	
4	39	18	41	73	20	61	78	50	11	2	75	17	28	82	17	48	76	70	94	93	37	1	21	75	98	49	67	81	32	55	84	8	84	92	73	79	13	49	76	
14	56	2	17	80	35	43	20	15	91	99	3	7	13	18	73	62	63	72	67	21	26	26	2	39	90	41	5	44	74	85	88	23	70	27	45	64	42	46	91	
75	71	82	88	85	56	82	79	2	75	40	5	82	60	87	87	60	83	48	77	15	9	8	42	79	15	36	12	5	62	18	1	38	22	72	9	41	69	34	78	
93	95	33	74	88	96	77	8	55	5	6	34	78	23	22	24	12	48	26	77	74	39	80	18	27	94	100	35	60	66	69	42	53	34	34	41	92	64	96	64	
55	89	83	35	16	64	84	20	25	4	5	84	9	93	39	2	46	96	71	81	23	89	40	68	8	26	4	86	12	65	33	79	42	51	18	84	9	11	78	10	
5	81	84	17	45	39	100	46	51	19	92	71	76	91	59	83	76	25	42	66	66	39	100	73	11	26	91	61	37	82	8	32	26	89	51	73	82	35	50	33	
46	81	52	78	1	88	93	7	16	69	89	52	4	58	32	99	6	8	28	27	80	63	4	56	7	93	35	27	20	39	6	44	51	12	7	17	76	3	35	57	
40	16	60	24	44	66	58	64	23	71	86	21	50	79	21	77	16	13	36	100	60	80	8	18	34	65	24	12	79	30	32	8	40	47	44	75	33	42	61	41	
71	44	40	24	24	58	37	88	36	89	29	23	28	90	51	91	79	48	75	72	85	27	93	68	59	25	5	40	50	71	50	97	8	11	96	62	44	27	52	8	
37	77	99	4	25	4	88	95	86	85	10	12	6	95	13	69	55	36	10	35	77	5	25	92	7	40	74	77	51	88	59	17	98	56	70	31	80	60	66	55	
3	56	14	92	14	2	81	8	68	86	3	21	93	36	41	82	60	54	31	85	22	43	10	91	20	59	36	37	51	64	50	58	95	92	18	84	17	84	8	72	
52	64	6	68	6	20	10	20	72	94	67	12	27	97	76	35	13	34	40	33	67	29	35	52	8	46	56	77	19	16	99	14	48	82	72	95	60	88	73	17	
29	25	21	68	40	62	90	80	42	89	24	39	89	35	2	14	72	58	72	94	28	75	10	12	40	72	72	59	31	5	90	81	37	24	6	37	63	14	40	87	
51	12	41	24	40	33	59	15	97	16	83	80	12	10	60	8	32	49	76	2	59	8	80	13	46	30	77	13	2	36	36	42	1	14	86	31	75	9	69	55	
9	100	81	86	7	35	90	6	77	19	96	39	53	66	84	44	58	62	27	6	24	14	17	63	66	92	92	84	20	21	52	27	87	41	29	72	49	38	31	64	
5	72	57	34	15	90	38	98	24	27	59	99	96	34	9	62	40	30	66	83	62	94	58	54	18	56	100	50	38	77	72	80	2	49	19	28	86	91	65	96	
75	54	50	93	88	57	29	77	61	32	25	9	89	60	52	20	12	18	41	5	75	42	24	38	98	50	17	36	34	48	77	84	61	23	48	27	63	42	52	42	
55	54	24	17	53	83	97	70	24	80	5	100	90	98	28	52	43	54	28	90	96	14	83	41	45	34	12	89	53	87	43	53	92	3	60	80	74	66	6	42	
26	89	19	79	49	77	40	100	64	67	67	31	6	9	11	100	39	75	39	76	22	94	93	32	26	45	5	73	68	83	26	75	6	8	52	63	46	15	15	86	
72	43	27	78	98	25	80	31	39	85	32	66	98	33	79	33	28	94	66	92	51	40	51	62	64	52	79	83	11	84	25	8	65	59	39	95	39	21	35	25	
21	57	40	45	45	78	8	35	82	87	64	37	75	18	38	97	20	90	18	83	39	91	40	60	82	43	40	91	24	95	75	39	13	71	82	49	88	38	5	79	
56	75	58	57	84	97	66	95	10	82	54	52	89	17	45	65	19	10	46	21	55	45	61	87	56	27	83	85	21	92	26	36	34	40	81	79	26	64	39	40	
15	100	89	21	87	75	91	8	48	62	40	81	91	44	41	83	40	9	46	77	1	26	42	34	80	4	72	8	82	5	87	73	33	75	59	70	24	50	48	63	
93	21	50	16	96	28	54	31	6	24	13	57	53	58	89	1	78	53	48	90	94	46	91	65	45	89	43	55	92	97	76	41	26	60	14	12	62	8	96	33	
43	98	97	6	67	77	57	90	88	85	60	55	8	80	30	13	84	76	94	9	43	39	96	39	4	75	69	40	17	98	57	20	21	41	88	79	65	43	60	16	
58	88	74	7	30	39	34	11	92	93	4	11	69	71	52	23	93	46	34	5	53	12	14	13	94	86	18	44	33	52	2	92	16	4	55	28	38	23	95	13	
99	80	8	86	54	90	75	16	82	8	31	1	94	35	2	97	64	48	90	82	93	67	48	84	39	59	17	48	3	67	94	71	47	32	78	69	86	96	58	70	
39	47	56	59	96	23	14	21	49	37	49	48	64	25	81	30	85	3	76	74	32	48	67	91	62	31	32	72	18	93	80	66	13	37	14	91	16	100	33	61	
16	7	47	46	93	31	46	22	32	66	23	23	99	6	45	83	87	43	23	87	96	20	50	79	38	71	85	90	40	29	1	15	80	36	43	56	2	59	79	50	
34	1	91	90	39	57	13	46	10	57	50	51	73	55	27	45	96	97	20	55	89	40	14	53	7	21	69	71	38	53	35	64	65	83	84	83	88	81	46	41	
38	13	14	79	98	8	100	97	50	78	44	66	16	35	29	98	44	81	34	94	81	63	31	12	80	6	17	87	50	34	81	59	93	71	94	27	49	96	81	26	
79	4	92	48	39	51	58	71	87	51	18	6	47	3	38	96	50	12	42	100	57	67	74	52	78	10	40	36	76	39	1	20	81	77	5	4	8	95	36	55	
80	54	44	34	80	31	89	90	29	70	88	96	9	9	40	64	13	32	12	53	22	24	88	96	31	26	62	14	37	77	60	26	51	68	73	82	92	1	36	53	
52	64	91	95	6	88	51	72	67	55	43	38	30	45	24	96	57	95	88	71	12	79	77	56	76	87	76	98	28	73	89	46	35	34	58	96	12	36	4	11	
90	52	73	96	46	96	82	63	67	47	11	78	76	83	32	46	16	95	62	79	62	45	19	52	46	4	6	75	92	52	87	78	47	51	81	77	13	42	93	58	
53	72	34	51	45	43	57	91	41	30	51	96	71	83	84	55	1	85	59	84	4	78	43	99	90	27	24	44	3	83	11	47	87	4	1	83	95	79	39	11	
76	11	98	65	96	57	1	95	64	10	47	24	14	52	41	60	48	50	61	66	56	58	80	17	25	36	98	44	38	21	95	27	94	13	3	15	75	73	9	45	
On machine	3
47	63	77	6	12	87	40	77	99	34	97	65	80	77	37	88	39	80	14	53	18	63	60	50	49	1	40	53	14	72	41	100	82	48	91	50	92	63	21	92	
9	88	40	32	79	46	42	5	49	64	84	35	75	71	62	53	43	87	54	63	83	33	16	25	46	89	46	25	80	64	28	11	20	36	9	12	89	14	78	43	
92	7	14	32	17	79	55	6	30	75	68	42	88	74	83	70	65	29	97	6	98	9	20	66	94	53	92	19	14	65	85	3	50	47	16	91	84	28	81	71	
44	84	7	97	28	77	10	21	48	33	49	53	69	55	90	51	37	41	90	19	22	87	97	15	93	6	79	76	16	89	72	75	68	24	10	48	7	31	88	22	
56	85	41	30	48	31	45	88	43	82	43	88	14	68	68	73	35	61	99	28	18	12	21	3	1	53	83	24	88	96	5	43	27	53	90	86	57	30	25	28	
19	13	26	77	56	67	42	97	10	76	43	30	92	75	7	70	25	20	78	67	73	32	67	22	19	61	83	45	15	55	56	84	53	26	64	50	45	81	60	65	
64	98	20	47	40	63	72	84	39	25	84	32	93	3	39	87	3	52	85	73	6	73	20	95	17	97	48	83	14	10	45	23	59	1	49	17	64	64	73	86	
19	87	33	16	12	76	80	92	66	56	100	20	50	23	93	29	31	89	15	65	57	90	87	42	10	3	87	30	66	34	68	70	29	16	96	97	90	88	99	91	
78	55	3	41	27	14	72	83	99	19	73	58	72	57	55	19	41	49	97	81	76	1	33	67	45	34	86	94	60	15	71	31	58	50	83	76	21	58	49	79	
5	92	37	77	86	22	87	17	63	67	20	47	60	96	68	62	27	58	91	39	44	65	54	53	74	96	95	38	81	71	67	39	17	94	64	39	91	30	3	56	
2	72	100	47	49	84	31	9	52	84	1	13	3	86	100	92	42	3	76	54	85	37	99	43	19	1	53	14	14	61	19	89	33	66	92	81	39	1	73	15	
74	67	87	35	97	93	87	80	94	33	29	93	78	11	4	66	8	79	73	45	45	67	69	90	13	71	88	58	25	23	32	56	2	45	55	42	83	40	12	41	
78	100	71	5	41	50	35	44	66	6	3	21	43	4	52	69	80	60	58	65	1	58	5	33	57	8	22	40	83	49	1	32	58	38	89	52	80	50	99	77	
22	88	96	77	28	27	86	94	87	29	75	70	26	49	47	73	45	5	43	91	87	13	34	32	14	67	12	70	9	7	65	58	89	43	79	25	24	66	47	92	
74	58	90	49	61	81	2	68	84	32	14	95	13	59	83	86	39	97	76	77	98	89	20	74	62	15	85	89	15	15	69	55	25	14	93	27	28	74	40	3	
76	41	9	30	51	89	43	32	11	54	92	35	25	99	82	41	48	30	90	38	90	43	41	3	9	19	44	3	52	80	19	25	75	35	70	22	52	69	34	36	
56	52	9	83	61	11	84	72	77	38	5	83	99	53	14	81	76	11	52	21	53	27	55	42	79	8	49	38	100	4	33	26	80	57	86	6	78	67	92	69	
88	5	91	85	91	51	57	32	60	51	93	74	87	7	25	91	38	2	39	95	78	70	8	24	45	22	56	99	12	48	58	3	72	53	39	78	86	47	37	92	
7	87	18	61	75	19	25	35	83	82	8	16	4	11	82	48	53	54	23	70	34	69	57	67	67	87	90	12	97	55	4	94	51	82	56	31	67	32	42	34	
62	64	95	37	89	75	72	77	94	79	34	4	78	84	58	51	96	2	51	79	38	89	70	29	35	26	6	6	17	82	24	76	3	51	48	74	17	77	17	84	
39	11	9	31	47	15	17	74	63	12	11	13	91	69	36	85	22	89	41	56	39	77	9	10	86	1	89	88	64	74	46	72	7	47	77	62	74	19	85	49	
20	15	26	100	31	17	94	46	58	64	44	97	19	92	54	79	3	24	79	82	79	22	14	69	68	39	6	46	21	28	30	83	3	100	63	100	5	23	27	21	
34	95	36	19	4	77	78	56	98	49	25	73	68	81	98	68	5	95	3	17	89	38	53	12	29	71	94	15	23	53	8	49	26	49	81	60	74	14	91	71	
31	92	33	20	76	15	34	20	86	39	89	18	74	17	6	32	96	88	69	31	92	1	100	99	26	12	14	35	8	56	89	90	7	21	55	31	11	55	49	41	
59	14	15	1	5	4	100	72	21	63	73	7	56	4	24	30	74	86	79	5	52	59	97	33	84	27	16	86	82	7	56	39	88	53	50	67	76	40	36	83	
36	95	37	52	87	97	28	98	90	96	62	73	17	50	95	51	99	83	84	50	59	41	98	19	21	8	98	27	81	69	42	13	86	69	95	81	89	26	11	23	
83	22	52	55	79	91	86	24	9	54	62	62	16	66	40	44	87	15	2	33	46	39	97	7	33	57	23	90	70	29	33	50	35	60	52	47	14	80	67	92	
48	85	31	6	23	29	1	10	96	98	51	22	29	34	9	36	55	19	6	87	66	91	47	54	51	61	100	54	94	86	89	24	38	47	46	79	18	80	94	70	
9	36	68	37	20	73	43	64	47	63	36	57	45	60	57	36	83	95	8	27	64	49	93	83	78	59	100	55	36	33	90	75	71	90	58	2	77	14	55	20	
16	88	44	63	11	24	30	94	32	52	65	27	90	77	82	61	51	96	96	53	77	81	82	70	4	80	60	50	19	83	20	27	88	79	66	45	29	38	55	86	
12	9	67	28	13	45	45	10	59	19	11	70	40	12	54	25	50	6	23	28	2	9	11	1	70	41	20	60	33	96	12	32	89	30	81	16	38	38	30	47	
81	8	93	48	95	90	13	42	31	28	2	60	78	59	19	54	50	27	56	35	88	28	36	14	78	30	52	87	31	41	76	79	81	99	1	42	69	11	60	84	
53	85	94	14	99	35	61	27	68	52	2	15	59	31	87	74	74	47	95	47	62	72	11	11	7	76	64	81	62	42	82	8	3	75	71	71	49	11	80	87	
44	11	27	18	9	77	18	83	55	67	35	50	29	87	57	42	51	46	21	44	2	20	60	97	85	48	76	22	12	60	73	31	46	19	6	78	65	1	5	42	
52	35	3	28	2	84	55	32	93	70	53	15	18	21	98	67	14	37	94	72	36	30	64	50	94	81	88	6	89	49	11	10	37	79	4	87	76	57	76	69	
57	28	11	30	68	53	91	91	64	65	84	99	37	1	64	28	88	53	97	23	8	63	97	75	38	46	86	17	82	7	10	38	87	84	56	66	13	32	23	4	
46	42	79	33	60	93	46	49	44	43	64	60	81	60	38	21	63	74	32	49	50	38	5	14	40	26	55	78	13	37	3	6	96	94	86	42	83	57	1	86	
63	46	26	65	98	56	43	29	68	49	6	92	43	54	2	74	22	57	17	66	57	89	99	21	26	39	54	76	19	54	82	10	23	48	94	91	18	75	40	2	
25	80	74	1	53	67	97	48	54	39	58	75	35	13	34	38	69	7	2	29	13	45	32	53	89	47	89	40	29	4	44	9	90	27	45	76	8	52	45	34	
9	14	65	96	69	98	89	4	67	22	27	73	3	91	16	8	74	32	71	27	51	72	35	81	31	6	2	61	32	63	91	24	5	15	39	29	13	43	3	95	
On machine	4
17	90	65	90	3	63	26	30	36	47	71	5	40	44	46	6	37	48	35	13	17	50	2	100	80	25	79	55	21	11	37	52	95	73	59	78	16	64	73	67	
21	52	65	44	49	85	69	4	6	43	72	31	19	66	39	44	85	86	34	29	44	5	11	6	30	17	94	41	81	97	97	64	88	26	70	91	28	34	15	56	
92	97	86	28	95	38	85	31	51	52	87	23	34	62	68	85	60	56	93	29	40	43	28	60	76	6	6	70	26	62	61	37	25	35	89	58	31	96	81	98	
96	37	31	50	74	90	76	46	11	75	89	72	60	46	83	23	79	44	36	18	64	80	67	83	55	73	64	27	80	34	59	8	51	35	34	100	46	69	61	72	
21	49	54	13	13	90	73	14	100	16	97	50	20	33	51	27	44	42	8	47	31	89	38	21	96	30	67	80	33	78	36	7	80	36	35	69	67	26	63	55	
63	14	1	90	75	37	96	60	42	28	84	40	98	65	67	90	95	28	47	35	47	35	76	28	91	50	84	3	22	11	16	1	36	85	31	11	78	12	32	70	
8	5	1	44	35	2	13	65	92	51	61	27	68	94	42	2	42	56	66	91	46	38	42	61	7	31	47	60	40	14	20	73	54	30	6	7	89	43	73	25	
47	41	6	91	9	12	57	57	33	6	13	85	35	33	82	13	76	2	14	97	36	98	7	14	71	51	56	19	75	70	62	71	4	96	17	79	44	49	63	54	
15	40	100	86	58	96	99	24	95	71	40	95	80	97	2	64	37	63	47	18	75	65	89	73	87	96	71	52	50	69	64	43	90	82	80	33	41	97	13	58	
65	66	72	37	79	39	68	92	43	88	82	87	100	81	21	90	73	47	88	13	4	3	86	75	5	43	40	82	13	70	70	8	32	30	63	83	41	28	58	57	
30	96	69	19	30	42	79	46	16	4	23	15	44	56	42	55	61	88	13	66	39	93	3	93	61	97	44	73	6	100	19	15	84	44	30	85	9	40	11	58	
21	6	76	84	11	100	10	57	100	69	3	28	9	76	71	30	1	53	48	92	14	62	20	18	10	44	54	33	13	70	88	73	77	50	20	94	46	11	18	44	
55	90	89	56	17	32	24	93	10	67	54	67	69	60	53	15	64	60	8	59	50	33	39	31	54	52	35	65	16	1	90	44	2	75	56	51	53	12	2	56	
70	67	79	75	7	40	1	9	46	43	98	36	28	29	47	33	38	12	76	23	92	86	37	78	70	67	99	24	11	70	70	51	71	28	79	31	100	51	73	4	
77	63	4	47	87	98	89	78	95	85	4	78	12	49	95	29	65	31	50	31	10	96	48	36	91	84	53	67	80	49	100	65	55	78	47	21	68	48	32	22	
43	13	87	49	7	47	57	41	49	83	87	9	74	15	15	37	21	17	74	91	84	89	39	83	66	29	91	64	5	90	1	86	49	22	68	33	13	4	43	87	
60	59	56	33	54	27	8	69	33	64	53	88	10	65	33	78	36	48	67	62	71	6	44	17	61	93	95	37	93	48	24	2	56	51	45	31	40	28	86	45	
19	85	47	57	24	71	87	31	19	82	56	11	35	46	96	91	7	26	61	17	81	10	69	14	75	66	87	35	83	89	66	72	14	56	79	74	88	8	97	85	
6	5	37	85	95	31	58	12	35	8	98	69	40	24	65	80	3	2	18	94	99	16	56	82	8	4	54	92	100	43	10	44	12	35	71	38	89	53	45	81	
73	81	41	38	99	28	93	19	79	73	49	67	72	83	55	75	4	83	80	78	22	18	39	41	63	49	21	34	15	3	38	89	65	35	39	11	20	27	56	75	
19	16	96	55	19	35	51	40	19	27	40	40	16	40	47	71	70	11	60	79	3	15	68	61	71	51	75	21	28	1	83	93	27	19	89	8	18	56	57	64	
19	93	55	67	41	20	59	54	25	100	100	63	52	19	96	76	31	29	46	11	51	93	26	39	83	89	26	85	18	29	13	60	57	56	92	94	20	39	86	74	
68	86	28	85	58	52	69	82	5	20	52	37	82	89	60	48	55	23	79	55	64	44	42	70	29	46	20	29	83	17	37	44	91	91	36	86	49	22	96	83	
66	98	32	99	75	39	18	41	23	2	29	36	66	23	33	64	84	77	18	64	49	41	35	3	30	88	62	89	85	36	5	48	100	53	38	42	55	36	91	76	
83	60	99	55	69	63	93	10	52	87	39	100	10	1	37	52	10	5	79	26	94	76	51	72	81	98	92	57	79	36	60	32	83	17	18	48	50	92	55	30	
11	62	10	80	86	59	51	53	65	58	70	41	100	56	79	47	27	65	23	12	66	3	96	53	51	83	22	68	16	45	75	14	55	10	64	65	98	44	44	32	
16	78	57	91	95	61	56	90	76	38	70	52	67	100	28	80	96	17	86	10	6	92	36	14	30	61	41	85	32	24	73	41	63	55	4	43	67	79	43	48	
42	89	11	35	72	33	75	8	44	66	95	10	94	7	7	36	27	61	92	59	5	3	53	91	91	95	84	42	8	38	23	97	63	41	62	32	96	36	50	69	
37	63	8	56	19	67	51	22	85	12	70	8	69	53	57	94	66	23	73	78	71	29	5	5	86	39	52	20	23	86	85	16	33	28	22	9	85	84	20	39	
98	68	6	70	73	17	80	18	70	55	90	54	42	85	85	73	43	15	12	93	68	95	3	68	70	68	45	44	60	42	92	48	37	2	37	24	99	40	43	27	
66	54	64	47	74	42	50	57	14	17	52	54	13	74	57	37	38	77	20	14	48	24	33	40	90	41	6	98	29	74	90	50	33	42	58	51	52	68	17	79	
27	48	49	52	73	77	82	96	7	65	3	46	81	56	67	99	29	99	66	29	73	3	88	7	69	25	81	33	27	39	85	89	30	2	61	14	93	22	11	80	
64	65	23	84	27	96	11	38	38	10	41	32	13	82	29	12	49	60	48	9	46	31	83	62	15	85	84	8	83	2	64	53	77	65	12	80	18	37	37	31	
53	91	98	99	91	37	31	43	1	59	48	35	27	23	62	70	58	94	54	86	88	9	52	40	30	1	49	67	18	47	40	48	58	18	9	70	53	30	31	7	
1	89	77	20	81	68	63	14	19	13	14	41	84	6	75	91	91	33	15	20	23	25	9	21	53	15	23	30	6	58	96	37	5	36	38	8	56	50	85	89	
38	10	48	80	48	27	94	57	8	4	33	28	98	77	19	73	87	94	60	71	58	57	44	60	53	34	7	93	63	61	54	84	72	40	81	83	18	74	93	79	
13	47	68	53	69	45	7	92	90	22	84	31	17	31	55	100	69	12	37	81	80	57	11	49	91	12	13	83	67	20	11	27	18	46	60	9	62	38	64	58	
44	16	93	32	87	87	98	41	89	78	52	87	50	37	98	98	53	91	15	51	36	41	13	68	87	73	84	84	71	72	7	84	75	48	2	65	40	71	65	64	
69	64	20	8	81	31	43	71	92	86	36	71	28	49	86	26	97	84	96	76	54	62	75	73	29	78	25	6	80	93	75	8	10	21	44	78	50	9	97	2	
62	4	27	8	78	59	43	58	42	22	22	99	2	98	2	57	32	82	87	8	11	6	33	9	30	19	72	19	59	75	69	89	61	64	53	1	24	57	88	47	
