Factories	4
Families	20
Machines	2
SetupType	2

Number of Jobs in each Family
9	7	4	3	5	2	10	10	3	9	7	5	5	8	4	5	1	6	5	2	

Jobs in each Family
0	1	2	3	4	5	6	7	8	
9	10	11	12	13	14	15	
16	17	18	19	
20	21	22	
23	24	25	26	27	
28	29	
30	31	32	33	34	35	36	37	38	39	
40	41	42	43	44	45	46	47	48	49	
50	51	52	
53	54	55	56	57	58	59	60	61	
62	63	64	65	66	67	68	
69	70	71	72	73	
74	75	76	77	78	
79	80	81	82	83	84	85	86	
87	88	89	90	
91	92	93	94	95	
96	
97	98	99	100	101	102	
103	104	105	106	107	
108	109	

Total number of jobs
110

Processing times of jobs
10	8	
2	7	
3	2	
4	6	
8	3	
6	2	
1	4	
9	3	
7	4	
5	6	
10	7	
1	4	
1	8	
5	6	
7	4	
6	5	
10	4	
2	4	
1	3	
7	9	
7	2	
5	2	
3	10	
9	1	
10	8	
2	10	
9	3	
9	10	
6	10	
6	4	
6	3	
8	4	
7	5	
4	6	
2	8	
10	1	
5	2	
2	7	
7	10	
7	7	
5	2	
2	2	
6	3	
2	9	
3	4	
5	5	
6	3	
8	8	
5	3	
5	4	
6	9	
1	6	
10	7	
8	1	
6	2	
10	4	
10	4	
4	9	
5	5	
6	3	
6	4	
10	4	
4	2	
9	1	
10	2	
5	5	
8	10	
4	8	
10	2	
5	2	
10	2	
1	4	
6	7	
5	8	
4	4	
6	3	
2	7	
2	4	
4	6	
7	3	
3	5	
5	9	
10	8	
1	9	
10	5	
5	9	
6	4	
5	10	
9	9	
8	6	
5	10	
4	2	
7	7	
1	7	
1	4	
1	2	
6	1	
3	10	
9	4	
1	6	
10	8	
10	5	
8	7	
3	9	
3	2	
1	9	
2	9	
8	1	
1	5	
10	10	

Stepup times between Families, where [f][f] represents initial setup time
On machine	1
25	9	37	7	47	20	4	47	11	14	11	27	48	20	46	40	35	8	6	49	
42	37	15	41	33	12	33	10	4	27	38	28	21	22	1	8	22	40	45	35	
47	8	50	4	26	17	32	19	15	33	23	21	6	7	16	41	23	6	40	21	
18	45	29	19	44	5	48	9	49	31	2	23	13	24	50	33	26	44	25	47	
10	12	47	40	43	12	46	20	20	19	19	11	7	44	39	32	15	24	3	4	
28	11	5	49	36	21	50	43	23	39	24	40	13	41	4	22	5	34	12	12	
25	33	48	11	13	12	40	10	49	18	8	4	13	29	23	47	6	48	21	6	
2	40	1	43	15	17	23	49	44	27	29	16	23	7	18	20	7	9	34	15	
16	45	33	9	5	8	34	45	50	37	36	8	41	24	33	27	26	41	29	13	
45	31	2	7	30	19	5	24	25	44	44	48	31	15	21	33	20	6	21	47	
25	26	10	43	39	21	41	10	37	33	17	49	40	3	44	3	28	13	28	11	
38	19	19	40	8	25	4	2	42	17	25	39	38	37	1	4	18	15	32	20	
2	19	24	5	42	42	9	5	29	7	48	43	35	14	31	1	26	26	39	19	
33	38	13	33	26	30	2	8	28	8	43	14	27	23	43	5	36	46	23	36	
33	20	14	28	12	34	25	1	1	6	24	33	41	23	6	35	45	34	19	36	
5	37	48	43	48	11	45	40	32	17	5	20	31	7	17	36	41	22	3	7	
26	38	17	2	14	40	19	47	46	14	13	28	49	45	12	6	35	14	36	6	
26	29	47	38	21	46	4	47	18	20	29	12	11	29	43	33	10	46	21	50	
15	40	2	40	24	46	21	6	24	3	33	48	47	5	14	50	27	13	32	19	
43	42	1	21	19	44	23	39	9	1	7	1	4	16	11	1	12	4	26	33	
On machine	2
49	18	26	3	20	24	47	13	25	8	47	40	13	37	12	33	22	49	3	50	
20	36	13	37	45	19	25	22	28	36	11	15	42	33	47	39	5	18	9	42	
7	32	34	43	40	44	44	44	11	29	13	37	17	17	48	20	22	9	49	23	
30	48	5	45	20	45	31	15	9	23	39	35	13	41	5	3	36	16	36	42	
10	42	14	16	23	14	10	44	13	2	16	37	16	14	9	28	45	20	27	40	
40	7	31	11	13	7	28	9	13	48	36	48	42	44	38	34	15	32	9	14	
2	15	12	25	12	29	33	26	48	8	50	47	20	45	38	9	15	11	10	27	
29	34	47	37	43	14	24	30	45	47	7	43	49	20	16	39	12	23	41	2	
8	32	29	14	21	1	34	3	3	48	36	17	10	8	48	35	1	50	3	38	
19	21	10	10	48	22	49	34	20	30	8	9	3	34	14	31	11	35	40	39	
50	4	26	2	14	22	40	11	34	6	44	5	22	37	13	33	46	17	20	17	
48	37	14	29	27	25	30	19	13	14	10	17	20	31	28	33	31	13	18	10	
44	33	44	6	7	13	19	16	17	35	11	30	33	33	16	9	37	35	8	23	
43	44	11	17	32	4	31	7	15	24	13	42	14	9	2	25	8	21	39	35	
19	25	18	42	12	46	39	18	42	50	2	34	34	12	32	15	3	49	13	44	
7	33	50	10	26	24	13	44	42	18	7	10	26	9	19	46	43	40	38	8	
34	39	44	6	4	29	17	31	13	12	9	31	41	36	45	28	45	45	43	4	
9	32	30	29	46	25	38	16	9	29	22	42	50	44	19	37	36	10	5	29	
44	27	28	47	37	4	1	39	19	22	33	10	23	12	41	20	31	16	4	6	
12	49	26	40	30	41	40	35	24	17	38	19	9	29	3	34	47	39	14	12	
