Factories	4
Families	30
Machines	2
SetupType	3

Number of Jobs in each Family
7	6	5	7	3	3	9	3	9	5	8	2	4	6	2	5	8	9	10	5	9	8	6	3	3	9	1	1	10	10	

Jobs in each Family
0	1	2	3	4	5	6	
7	8	9	10	11	12	
13	14	15	16	17	
18	19	20	21	22	23	24	
25	26	27	
28	29	30	
31	32	33	34	35	36	37	38	39	
40	41	42	
43	44	45	46	47	48	49	50	51	
52	53	54	55	56	
57	58	59	60	61	62	63	64	
65	66	
67	68	69	70	
71	72	73	74	75	76	
77	78	
79	80	81	82	83	
84	85	86	87	88	89	90	91	
92	93	94	95	96	97	98	99	100	
101	102	103	104	105	106	107	108	109	110	
111	112	113	114	115	
116	117	118	119	120	121	122	123	124	
125	126	127	128	129	130	131	132	
133	134	135	136	137	138	
139	140	141	
142	143	144	
145	146	147	148	149	150	151	152	153	
154	
155	
156	157	158	159	160	161	162	163	164	165	
166	167	168	169	170	171	172	173	174	175	

Total number of jobs
176

Processing times of jobs
6	1	
5	1	
2	2	
6	5	
3	7	
5	1	
2	2	
2	4	
9	4	
3	7	
6	3	
10	10	
1	9	
9	4	
2	9	
4	2	
9	2	
2	5	
6	9	
9	7	
2	1	
5	6	
8	6	
1	9	
3	2	
6	8	
5	10	
5	3	
10	9	
6	3	
9	10	
3	9	
6	2	
6	3	
4	10	
2	1	
10	9	
6	6	
3	3	
7	1	
3	7	
9	6	
2	5	
10	3	
2	8	
4	4	
5	3	
8	9	
5	4	
5	8	
3	2	
7	2	
10	2	
1	3	
3	3	
5	4	
6	7	
8	9	
10	4	
9	6	
2	2	
5	3	
3	5	
9	7	
3	6	
9	9	
9	2	
6	4	
10	9	
1	3	
9	10	
9	7	
3	10	
8	10	
8	2	
8	6	
9	8	
4	5	
4	10	
4	3	
2	8	
10	10	
3	10	
9	5	
7	8	
9	9	
8	9	
8	4	
1	10	
6	3	
9	2	
7	9	
8	6	
9	2	
10	5	
6	9	
3	5	
3	7	
10	3	
6	10	
5	2	
1	6	
3	3	
10	4	
6	7	
2	10	
2	2	
4	1	
2	5	
9	8	
7	6	
5	9	
3	10	
10	8	
8	3	
8	5	
9	8	
4	10	
3	1	
8	3	
9	4	
7	10	
8	3	
2	10	
7	6	
3	10	
1	4	
8	2	
9	3	
10	3	
5	3	
5	5	
2	2	
2	7	
1	2	
3	1	
8	6	
3	3	
4	7	
1	1	
4	4	
9	7	
1	6	
10	3	
2	5	
10	4	
4	2	
6	10	
3	4	
1	1	
6	8	
9	3	
7	10	
4	7	
6	1	
6	1	
3	3	
4	1	
1	6	
7	4	
8	1	
10	1	
2	9	
6	4	
9	1	
7	9	
5	5	
1	1	
5	8	
6	7	
1	4	
8	7	
9	7	
7	8	
5	3	
8	3	

Stepup times between Families, where [f][f] represents initial setup time
On machine	1
84	59	40	95	79	68	37	66	85	98	76	99	12	42	67	31	87	10	33	16	66	86	5	47	78	28	95	96	17	71	
5	78	75	86	16	19	57	63	65	62	86	74	10	27	48	40	5	14	9	59	27	32	50	64	65	79	3	62	75	37	
92	17	37	78	90	7	98	5	41	74	50	3	14	82	47	38	92	23	8	86	63	26	18	37	84	33	14	72	67	45	
47	40	62	96	80	34	97	78	5	75	87	59	38	55	32	86	23	84	39	88	42	1	38	40	15	39	35	17	6	72	
2	92	46	62	88	20	60	62	74	36	93	22	70	76	52	68	13	62	39	88	82	26	57	36	62	71	84	17	96	73	
72	69	51	36	4	59	86	30	19	98	99	92	81	78	63	8	100	79	36	95	93	80	64	57	83	55	70	9	66	53	
47	12	92	44	98	84	88	27	63	57	79	66	28	70	91	7	57	68	70	80	90	48	51	18	22	30	70	41	7	14	
62	29	91	78	98	33	100	24	96	29	88	97	10	73	94	38	74	12	37	27	33	79	66	33	43	3	52	88	13	64	
20	60	38	66	61	7	2	87	21	52	91	67	12	75	70	85	97	45	14	67	79	21	11	75	69	3	35	70	37	67	
91	78	2	69	32	24	40	100	100	80	100	81	38	11	20	42	58	48	84	82	95	78	10	46	75	50	39	57	85	61	
54	36	98	60	16	37	6	94	41	84	68	6	50	98	27	34	79	78	30	67	39	18	66	26	90	27	74	74	59	71	
23	47	66	86	77	38	3	38	26	42	63	12	66	10	22	100	23	48	86	24	50	94	88	67	5	91	64	51	10	36	
18	34	76	43	98	73	20	95	75	62	91	98	67	3	70	60	45	34	82	96	25	50	70	40	97	92	29	92	36	63	
64	79	15	45	35	94	97	13	35	65	51	72	97	35	32	33	36	39	87	20	33	32	71	87	22	66	6	94	83	51	
65	5	4	65	87	16	58	88	68	87	46	70	91	13	36	57	67	42	73	21	87	58	30	74	25	92	54	21	64	55	
9	58	40	83	11	76	13	35	4	76	38	66	25	51	65	72	72	7	68	31	67	32	61	29	30	43	78	55	62	39	
90	38	20	74	32	61	79	82	78	39	25	52	28	19	93	36	78	81	29	67	22	31	24	81	67	88	90	67	75	91	
26	4	49	79	25	31	78	65	90	37	9	39	13	42	46	8	20	73	17	52	35	15	42	62	30	36	34	35	29	74	
91	8	6	30	9	31	31	28	66	49	70	49	39	24	21	75	59	23	59	93	36	42	78	40	27	81	55	81	33	19	
34	63	19	79	15	72	13	85	45	71	43	65	29	12	12	64	99	87	60	52	78	22	99	82	50	62	74	31	81	20	
42	62	59	68	46	3	43	13	78	17	41	30	14	87	26	76	39	6	100	82	28	74	62	62	75	21	7	73	62	20	
78	44	13	35	19	95	49	76	68	86	63	11	90	18	74	89	36	7	45	39	8	96	36	97	9	74	80	13	2	100	
68	20	61	30	71	83	66	85	96	19	76	11	1	28	96	79	43	38	17	59	25	69	8	8	79	57	1	6	29	61	
89	76	56	28	26	10	83	100	15	50	78	83	45	59	96	11	63	65	99	31	40	73	16	43	46	31	46	54	69	89	
83	10	53	1	81	72	57	68	59	21	80	37	44	80	25	60	95	77	91	91	40	55	61	8	29	85	4	13	81	13	
92	45	9	86	47	47	56	34	14	71	8	63	76	96	65	51	58	24	18	57	48	51	58	30	84	14	49	100	60	74	
83	58	100	44	80	24	54	54	16	68	9	45	56	17	16	49	74	31	95	84	94	59	2	35	2	37	61	53	36	71	
28	1	12	99	36	47	79	72	89	98	22	49	70	100	31	55	10	85	23	16	72	92	23	3	17	4	12	46	60	82	
53	58	18	56	86	86	60	98	27	22	2	94	93	49	73	97	37	93	35	32	23	31	73	20	16	54	57	58	15	63	
33	5	8	97	8	97	6	86	48	28	88	11	72	91	2	1	10	88	49	92	35	53	42	62	98	28	54	55	54	64	
On machine	2
100	84	80	14	82	41	5	57	75	36	24	91	29	23	47	77	84	100	21	73	51	23	51	14	41	24	95	91	96	59	
69	28	10	36	82	57	63	18	53	72	11	31	28	25	30	80	2	72	93	3	31	7	4	38	57	85	36	90	96	10	
71	32	64	56	82	71	37	65	47	30	56	78	26	91	48	19	8	24	19	72	10	60	78	35	4	98	26	71	66	34	
49	1	19	20	65	61	39	5	91	55	100	31	54	82	57	36	24	53	55	70	5	4	5	49	16	18	26	42	99	16	
64	87	14	4	83	75	98	23	66	47	6	35	37	84	19	30	96	79	76	23	3	79	68	2	42	14	47	69	15	22	
11	64	49	73	72	7	51	99	21	57	34	68	28	61	4	93	87	68	26	27	73	80	59	89	85	32	36	53	93	91	
26	35	97	30	70	85	13	89	17	2	93	21	77	68	15	45	26	47	62	13	56	48	65	62	35	18	94	34	100	32	
52	39	20	88	63	36	27	2	50	79	46	43	1	1	48	76	45	18	70	73	12	84	49	7	22	59	88	30	100	18	
66	75	10	52	32	33	8	100	15	36	40	61	81	87	67	58	57	78	9	97	72	80	38	7	30	63	90	80	78	64	
43	27	25	68	66	59	39	35	100	47	50	28	89	39	4	81	14	24	44	93	78	55	82	22	38	72	42	68	3	89	
8	36	92	76	89	61	100	8	25	100	3	41	10	77	55	69	3	17	26	63	100	66	78	13	17	61	46	44	90	71	
75	1	18	10	81	82	67	93	44	31	77	19	48	9	56	79	9	26	75	27	55	10	42	71	80	50	72	9	24	87	
2	47	68	22	30	63	48	33	19	5	10	84	63	53	2	88	15	91	38	8	92	28	53	7	78	75	36	29	17	52	
70	5	61	68	29	70	98	46	91	21	32	28	26	70	53	48	58	15	97	32	80	61	29	11	68	60	7	75	82	65	
24	88	78	2	43	67	50	58	86	23	12	69	51	54	36	50	61	55	45	96	74	14	18	58	6	45	52	82	17	93	
6	63	78	29	78	21	82	3	74	78	35	2	6	79	43	7	100	72	3	10	23	8	39	45	56	51	49	45	49	89	
57	20	41	11	3	93	61	40	99	100	95	81	25	72	4	49	65	36	26	68	44	22	52	30	48	62	74	83	23	3	
76	32	27	65	1	53	62	18	87	41	77	6	88	69	39	65	4	80	69	20	6	22	15	14	25	48	72	96	40	15	
3	91	75	65	58	74	87	48	92	79	79	40	18	34	42	28	73	87	33	48	58	63	13	9	25	19	96	12	79	40	
34	64	3	58	28	46	99	14	80	50	72	33	63	27	50	23	95	67	28	64	87	60	64	34	33	19	58	15	59	47	
95	13	20	28	43	63	41	36	94	17	42	57	55	47	26	93	94	10	36	14	80	27	90	30	40	96	7	98	1	60	
32	9	97	63	10	63	20	14	92	67	42	12	18	26	69	1	92	29	94	21	1	49	77	89	2	40	34	5	88	43	
19	22	5	98	60	34	33	43	70	92	23	71	99	18	5	97	77	83	14	36	13	82	78	7	9	68	47	75	77	82	
11	41	47	11	96	41	46	67	99	95	36	92	40	19	46	19	46	66	23	30	42	78	11	45	100	42	7	35	82	23	
98	38	27	62	34	89	27	44	39	25	34	66	35	22	50	52	23	92	64	80	88	89	97	27	38	56	17	92	41	67	
29	44	81	81	2	96	27	87	13	9	84	36	12	89	26	98	24	78	89	76	69	40	96	85	95	54	96	93	31	54	
24	22	9	65	97	16	55	57	23	90	38	45	49	25	59	84	6	17	100	45	65	39	52	34	6	52	53	5	17	24	
88	4	39	67	75	52	78	74	14	39	86	21	18	63	57	7	45	58	83	19	13	69	26	73	85	2	59	40	85	90	
86	79	54	77	14	82	13	3	81	79	26	26	91	16	1	13	25	94	28	37	36	90	67	2	9	39	56	4	31	41	
41	26	14	20	40	59	51	60	77	91	18	19	57	56	19	91	67	9	92	63	43	67	17	60	94	99	69	20	1	87	
