Factories	4
Families	40
Machines	6
SetupType	3

Number of Jobs in each Family
1	3	8	10	7	6	7	7	5	8	9	4	5	7	1	5	9	9	8	9	5	7	3	6	6	7	5	9	9	10	5	9	6	10	8	3	9	4	10	5	

Jobs in each Family
0	
1	2	3	
4	5	6	7	8	9	10	11	
12	13	14	15	16	17	18	19	20	21	
22	23	24	25	26	27	28	
29	30	31	32	33	34	
35	36	37	38	39	40	41	
42	43	44	45	46	47	48	
49	50	51	52	53	
54	55	56	57	58	59	60	61	
62	63	64	65	66	67	68	69	70	
71	72	73	74	
75	76	77	78	79	
80	81	82	83	84	85	86	
87	
88	89	90	91	92	
93	94	95	96	97	98	99	100	101	
102	103	104	105	106	107	108	109	110	
111	112	113	114	115	116	117	118	
119	120	121	122	123	124	125	126	127	
128	129	130	131	132	
133	134	135	136	137	138	139	
140	141	142	
143	144	145	146	147	148	
149	150	151	152	153	154	
155	156	157	158	159	160	161	
162	163	164	165	166	
167	168	169	170	171	172	173	174	175	
176	177	178	179	180	181	182	183	184	
185	186	187	188	189	190	191	192	193	194	
195	196	197	198	199	
200	201	202	203	204	205	206	207	208	
209	210	211	212	213	214	
215	216	217	218	219	220	221	222	223	224	
225	226	227	228	229	230	231	232	
233	234	235	
236	237	238	239	240	241	242	243	244	
245	246	247	248	
249	250	251	252	253	254	255	256	257	258	
259	260	261	262	263	

Total number of jobs
264

Processing times of jobs
4	8	7	1	7	8	
9	1	9	5	5	4	
6	10	4	8	9	6	
7	9	2	4	7	1	
9	2	4	3	4	4	
9	10	10	6	4	8	
7	10	7	4	10	5	
1	5	9	3	5	9	
8	3	1	2	6	2	
10	9	3	1	1	7	
6	5	9	10	8	2	
3	9	2	9	10	7	
3	5	2	1	1	7	
3	1	6	10	3	7	
2	7	6	5	2	8	
9	1	6	2	10	4	
8	4	2	9	9	6	
2	6	1	8	7	2	
3	8	6	9	4	6	
8	4	8	5	3	7	
5	3	7	7	7	8	
3	2	8	5	8	5	
3	10	3	5	8	6	
10	4	8	9	1	9	
9	8	3	1	3	9	
5	4	2	4	5	4	
5	3	8	2	10	8	
5	3	6	5	4	1	
1	7	8	6	9	10	
10	3	2	6	6	3	
9	2	1	4	7	8	
9	8	3	6	1	6	
9	4	3	7	8	9	
4	10	10	1	9	8	
8	8	3	8	10	5	
9	4	5	8	10	1	
6	8	1	7	3	5	
4	9	5	10	8	7	
3	1	9	10	4	9	
5	8	10	8	4	6	
3	2	4	9	7	8	
4	10	5	4	9	3	
9	5	7	8	6	2	
6	7	1	7	10	2	
9	7	9	5	7	4	
7	7	10	7	1	10	
4	3	4	1	5	6	
8	9	1	5	6	7	
4	4	8	8	5	9	
5	9	4	4	9	10	
6	9	10	2	3	1	
9	7	3	5	6	8	
1	1	9	6	7	7	
1	6	6	5	4	1	
3	5	10	5	4	9	
6	3	7	9	10	2	
1	8	4	9	3	4	
4	2	7	7	2	10	
10	10	3	7	2	8	
3	2	4	8	5	10	
10	7	3	7	3	3	
5	9	4	1	2	8	
7	7	8	6	6	10	
2	1	4	10	6	8	
9	7	8	3	6	3	
2	9	1	2	8	7	
9	4	10	5	6	7	
5	4	5	3	6	5	
4	6	9	5	10	8	
1	4	7	9	3	7	
7	2	1	6	7	10	
10	10	10	9	4	10	
3	2	1	8	2	1	
6	10	1	8	9	3	
9	7	9	6	5	5	
4	8	10	1	9	1	
9	5	4	2	1	8	
3	10	2	1	8	3	
8	3	5	6	1	9	
10	10	1	5	2	8	
6	5	3	10	4	8	
6	10	7	5	1	10	
10	1	1	3	7	5	
4	8	2	10	3	8	
10	5	2	2	10	1	
4	2	7	10	8	10	
9	10	5	8	7	8	
4	2	4	5	8	5	
2	2	1	8	10	5	
3	7	3	5	2	1	
8	10	2	1	5	5	
4	7	1	1	9	9	
10	7	9	4	8	1	
10	1	9	2	3	2	
5	4	10	10	4	2	
4	7	5	10	1	8	
9	2	6	4	1	9	
2	7	1	1	5	3	
5	4	10	10	9	3	
1	9	4	10	2	3	
2	8	9	8	8	8	
1	10	6	4	10	9	
3	1	4	7	2	9	
10	9	2	8	8	1	
5	10	3	4	7	3	
9	10	4	6	6	7	
3	7	3	5	8	2	
3	10	4	8	9	4	
1	7	4	10	8	8	
10	4	2	3	4	6	
9	10	4	5	6	8	
7	3	1	5	7	3	
2	10	9	5	5	4	
1	6	3	4	1	1	
6	9	7	5	3	2	
7	7	10	7	6	7	
4	7	2	8	2	6	
7	6	8	6	2	10	
1	7	9	7	4	4	
3	8	7	3	1	1	
6	2	6	3	1	7	
5	9	8	10	7	6	
4	3	9	2	2	3	
10	1	7	10	4	6	
5	4	4	3	2	2	
6	3	3	9	9	4	
2	1	2	1	2	3	
10	4	10	3	9	3	
5	8	1	4	2	9	
4	5	8	5	4	1	
7	3	4	2	5	2	
5	7	2	9	9	7	
1	3	7	10	1	5	
5	5	4	6	2	5	
7	6	2	6	9	1	
1	8	3	5	6	7	
6	8	1	7	6	8	
2	5	4	6	6	10	
9	1	7	5	3	7	
5	8	2	3	8	4	
3	7	1	5	5	9	
4	1	9	7	3	10	
5	3	5	4	1	9	
10	3	8	10	5	10	
8	9	1	4	6	7	
10	7	3	1	1	4	
10	9	2	7	7	10	
4	10	10	7	4	9	
1	3	9	7	1	7	
4	4	6	4	5	4	
8	9	8	3	7	6	
1	7	3	3	1	2	
1	6	4	5	10	8	
3	1	2	10	1	9	
2	2	6	9	7	10	
3	5	1	5	6	9	
3	5	7	9	7	1	
1	3	6	2	3	8	
6	4	8	5	2	7	
6	3	10	4	9	6	
2	3	1	9	6	5	
7	5	6	6	3	10	
7	1	8	8	10	10	
7	9	4	4	3	4	
7	9	4	1	8	3	
9	7	10	5	9	1	
4	5	5	8	4	6	
7	3	5	7	8	3	
2	2	8	2	3	9	
3	5	3	3	3	6	
3	6	6	6	4	2	
7	5	2	5	9	2	
10	4	2	6	10	1	
9	10	2	1	4	6	
8	3	10	5	3	7	
3	8	4	8	10	6	
5	2	4	7	2	6	
6	1	1	10	3	9	
6	7	8	2	5	2	
10	7	4	5	1	7	
3	3	5	5	8	7	
1	1	6	8	8	10	
5	7	6	6	6	5	
8	7	8	9	4	3	
1	8	6	4	6	10	
9	9	2	6	5	10	
4	1	8	5	10	9	
8	2	3	6	5	1	
10	7	8	10	10	2	
3	7	1	7	3	2	
7	4	9	3	5	3	
4	2	4	5	3	1	
5	10	6	7	9	1	
7	2	2	5	1	4	
5	7	6	7	4	7	
6	6	8	2	4	9	
10	6	3	2	5	5	
2	3	2	3	7	1	
9	1	6	10	5	10	
1	8	4	7	9	10	
4	8	1	6	3	1	
6	8	1	8	2	2	
7	1	5	6	8	6	
1	9	2	1	5	9	
9	8	8	2	9	6	
8	8	9	4	4	8	
9	3	2	9	2	2	
1	10	10	3	2	8	
8	10	10	2	7	9	
10	9	7	4	2	6	
9	2	3	9	6	1	
2	8	1	1	5	6	
3	10	3	4	9	2	
3	1	3	10	7	2	
2	2	10	1	2	1	
5	7	10	6	2	6	
1	3	10	9	2	2	
7	9	1	3	3	2	
9	2	4	2	6	1	
2	9	6	1	1	6	
7	1	1	7	4	5	
7	9	9	8	4	6	
3	6	3	4	1	6	
5	9	8	4	7	5	
2	10	6	1	1	7	
10	10	9	8	5	5	
8	10	1	8	7	4	
9	2	9	5	7	8	
9	5	6	3	6	3	
10	10	4	1	5	5	
8	10	7	3	1	4	
3	3	4	4	8	5	
2	8	5	7	9	4	
9	8	10	8	2	4	
8	6	8	10	6	6	
6	7	9	6	10	8	
10	9	3	7	10	9	
5	3	3	1	10	2	
2	8	6	7	4	2	
3	2	8	7	5	4	
9	6	1	1	7	8	
4	7	6	5	5	6	
10	7	9	1	5	6	
6	9	9	4	10	4	
9	2	7	10	5	8	
7	8	3	8	4	10	
5	9	3	8	10	4	
9	4	9	9	10	5	
3	9	7	8	8	8	
10	8	1	5	10	2	
8	9	10	2	10	6	
5	7	9	10	8	1	
6	10	9	9	5	6	
8	7	2	2	3	2	
2	2	4	10	2	4	
10	4	10	2	6	2	
5	7	10	8	9	5	
1	1	4	1	9	8	
3	6	5	9	6	6	
6	3	4	2	3	7	
3	9	7	1	6	9	
1	6	1	7	8	7	
4	4	9	2	7	1	
4	6	1	1	5	4	

Stepup times between Families, where [f][f] represents initial setup time
On machine	1
88	66	70	51	13	42	47	70	70	12	85	54	5	76	43	1	30	69	45	13	14	59	92	60	2	96	43	73	72	78	65	45	69	90	54	4	96	44	54	45	
62	60	95	33	14	67	81	30	63	8	30	14	20	28	20	40	79	80	64	17	81	11	61	28	28	67	60	19	86	100	92	80	6	6	33	44	49	70	93	49	
30	80	27	62	41	75	100	27	96	14	90	46	27	30	30	77	86	92	89	25	56	24	43	59	46	46	5	8	13	60	75	58	20	4	99	89	10	32	71	67	
50	99	9	28	95	77	14	36	70	42	6	90	98	26	2	85	100	89	77	45	70	42	75	77	33	45	10	94	82	17	23	86	45	82	37	2	24	87	64	1	
13	3	5	14	99	46	80	79	58	54	51	11	74	47	53	45	4	46	24	82	6	20	55	1	92	55	58	77	47	89	16	23	27	41	84	4	31	78	7	85	
84	5	57	34	67	3	21	55	82	27	2	93	49	84	55	16	75	22	53	33	88	5	90	3	59	67	70	34	96	88	58	31	51	51	97	77	17	30	3	55	
18	88	70	39	76	54	90	51	88	96	4	50	58	26	55	33	33	70	87	50	15	95	25	33	70	79	98	41	17	81	11	77	73	74	21	32	71	97	10	13	
96	4	24	79	94	61	89	53	47	81	30	33	39	16	16	58	63	21	92	94	82	31	33	73	15	40	47	87	41	77	15	100	74	50	25	10	23	88	61	94	
38	12	57	35	2	97	55	63	23	53	39	44	17	20	10	82	19	86	41	26	22	86	51	26	36	51	52	33	66	10	52	38	85	20	23	76	32	77	14	21	
84	64	66	67	22	85	64	30	65	57	21	35	36	81	15	24	34	66	15	77	30	59	56	19	6	3	52	47	18	25	81	25	22	53	3	74	80	85	33	27	
79	44	81	11	65	41	87	50	1	67	24	70	48	28	55	26	29	12	32	10	68	35	93	58	21	65	6	14	40	80	3	74	22	47	39	45	45	11	27	75	
37	39	53	16	44	4	7	35	87	32	83	27	49	34	68	87	99	55	65	7	69	87	44	86	33	79	81	39	9	61	16	65	53	41	76	82	97	71	58	5	
88	1	26	99	18	38	43	99	59	23	5	9	60	53	38	37	21	99	62	59	72	25	8	62	34	13	100	9	47	74	66	54	47	98	75	29	90	96	67	67	
35	81	82	76	28	86	23	17	41	7	30	78	15	31	49	35	35	76	29	42	56	16	73	12	52	15	51	59	38	15	6	19	72	22	49	71	50	23	10	3	
51	52	4	72	70	1	93	36	57	89	99	58	9	33	2	68	69	21	71	63	57	67	10	99	57	45	60	92	22	63	35	59	83	92	98	17	28	85	82	41	
39	60	81	76	49	85	93	98	64	99	13	54	68	49	42	43	82	30	100	5	67	62	74	37	46	98	95	61	38	31	2	5	26	41	45	47	78	65	66	26	
17	5	94	48	83	20	13	2	49	2	90	83	62	44	26	5	20	51	7	55	7	77	27	78	42	65	91	94	52	88	93	67	45	12	59	65	33	68	89	81	
95	96	76	98	46	90	1	54	28	77	14	52	32	25	8	90	10	3	85	74	88	3	94	87	7	35	23	93	46	10	77	8	39	28	44	61	12	43	63	93	
31	47	29	76	64	6	81	94	3	12	92	51	90	49	69	72	5	66	93	91	4	88	73	59	67	23	9	54	11	76	50	87	1	77	94	23	84	77	30	29	
92	86	76	57	89	62	70	63	8	46	47	53	80	9	85	2	75	16	83	91	84	56	91	49	44	28	18	53	60	25	87	53	98	72	69	92	5	74	29	83	
98	90	96	45	5	6	37	20	68	59	45	93	30	75	58	50	15	7	77	33	83	30	36	44	40	55	32	27	16	10	63	14	99	26	12	67	33	73	69	86	
22	8	9	84	6	25	76	13	4	95	80	100	38	68	9	68	19	1	27	71	55	89	34	86	70	26	71	25	76	1	37	57	88	4	18	87	60	23	83	77	
76	22	97	95	64	76	50	7	39	53	80	36	17	27	23	53	80	75	9	58	3	75	45	10	91	62	16	68	27	48	64	7	38	94	2	23	58	53	91	33	
79	35	17	34	16	1	27	85	41	68	66	45	6	73	81	44	98	11	43	57	4	40	28	83	70	63	65	99	43	60	8	72	23	12	64	17	60	14	56	75	
36	14	46	67	4	37	14	10	14	90	75	23	42	68	90	41	26	91	56	38	32	83	30	66	1	62	43	4	46	34	36	98	53	96	85	72	1	35	62	75	
55	47	53	6	50	63	17	100	68	20	78	91	93	40	31	81	10	44	12	53	62	54	10	56	62	78	83	48	67	97	58	100	40	78	79	46	95	49	95	70	
96	1	31	15	53	75	37	63	29	23	26	90	87	97	70	63	32	68	77	18	20	49	19	93	29	60	26	22	2	47	23	77	87	67	82	66	96	94	22	85	
3	45	37	44	90	79	55	92	9	87	29	76	8	79	44	18	96	40	67	47	19	35	49	2	25	57	97	72	32	63	76	34	23	69	65	14	30	81	55	99	
49	98	8	16	100	65	12	91	78	18	32	41	49	28	68	12	33	59	7	64	90	14	70	24	51	96	30	6	60	5	9	96	44	9	43	71	91	53	21	47	
30	67	95	24	57	23	62	61	43	37	44	44	29	1	23	13	91	41	16	22	52	26	69	10	97	77	65	45	67	46	50	43	73	6	18	20	94	58	26	56	
93	36	68	82	26	10	41	86	89	60	71	39	73	33	39	26	48	65	1	9	65	77	90	87	6	99	3	57	5	24	36	88	60	43	76	51	88	88	43	11	
94	57	79	69	43	56	39	81	82	17	81	5	23	73	87	43	35	23	49	62	57	10	85	6	35	91	94	95	41	76	61	12	69	81	88	28	11	78	33	96	
55	22	96	11	61	22	32	91	72	65	51	4	11	98	15	74	8	23	47	62	37	77	79	60	75	91	11	32	13	47	74	14	30	47	5	76	62	9	1	66	
70	21	39	19	78	2	51	11	79	27	95	99	86	55	97	21	91	23	58	4	44	72	92	66	12	68	34	84	27	44	82	25	57	4	76	15	35	26	97	91	
93	39	31	59	53	34	95	73	27	62	10	1	53	56	68	99	80	9	6	23	88	2	16	41	100	32	90	32	78	72	46	4	98	4	73	34	96	71	5	85	
7	35	76	51	19	32	99	82	87	3	77	84	96	16	89	7	76	76	37	17	26	2	32	31	81	9	47	48	31	81	3	45	92	10	98	86	39	58	31	3	
25	65	35	60	59	16	6	6	32	9	13	52	60	8	77	68	75	58	72	97	94	5	54	60	18	76	86	70	5	56	58	38	61	16	100	15	47	93	51	5	
25	89	74	23	79	72	15	67	83	64	67	13	80	49	32	92	96	24	11	10	96	77	91	47	3	26	25	85	13	31	29	91	19	83	44	50	12	44	32	67	
82	49	86	31	9	47	30	19	43	94	48	44	17	30	53	45	32	74	96	38	12	47	54	69	85	3	44	95	7	32	95	58	59	52	80	88	94	59	25	42	
50	39	35	82	31	54	22	34	40	53	94	14	9	80	60	3	35	6	96	17	39	70	20	50	39	18	33	28	99	7	7	81	82	86	43	5	91	49	53	32	
On machine	2
86	97	72	88	39	34	29	69	87	59	53	79	4	24	2	76	22	5	24	27	51	77	14	44	78	43	40	60	4	80	86	48	43	89	76	9	52	74	91	35	
34	10	68	86	27	21	59	84	15	52	71	32	31	13	37	54	87	62	62	37	7	34	9	9	86	21	56	57	60	27	93	20	43	84	91	6	52	14	18	45	
67	72	21	97	78	89	43	93	93	76	77	54	23	63	26	29	36	30	22	20	64	45	62	97	55	16	76	47	82	18	59	49	97	92	19	40	89	7	22	91	
91	56	85	73	69	79	89	6	49	31	56	18	24	12	44	58	85	86	34	52	46	77	74	6	38	84	75	18	19	62	9	69	18	91	18	87	81	59	2	61	
60	52	32	10	87	41	66	15	55	87	16	3	59	63	40	13	89	28	2	59	77	15	52	98	81	12	73	63	58	38	13	66	42	29	96	57	94	100	68	100	
25	90	4	14	98	77	83	50	63	89	8	58	35	17	55	4	65	95	48	36	53	13	90	81	6	15	91	27	8	91	10	64	36	43	41	74	95	46	76	57	
43	2	70	49	48	16	30	97	57	92	36	41	9	42	49	18	77	38	89	52	86	76	96	12	96	39	75	39	5	26	75	85	22	51	58	2	69	52	77	43	
90	40	2	56	95	79	87	76	82	100	98	4	4	78	18	37	56	48	14	100	8	34	89	11	64	1	49	22	69	66	76	60	4	78	36	23	70	40	82	40	
90	23	58	22	97	13	12	48	77	57	70	87	45	85	68	99	76	55	48	53	49	21	24	16	74	30	100	90	51	67	32	14	44	66	5	20	61	30	99	44	
54	23	83	66	40	83	18	61	71	33	90	39	28	78	95	73	88	65	84	43	78	98	79	26	29	38	79	8	77	68	81	8	64	20	29	6	48	33	89	1	
36	64	46	95	19	91	86	73	40	90	46	65	46	1	53	52	1	89	80	7	53	96	11	11	19	99	80	11	78	30	19	39	100	55	54	43	57	10	6	46	
63	65	41	83	79	66	61	55	59	85	44	100	88	44	54	42	6	88	77	57	62	98	23	82	98	26	45	33	71	15	13	74	32	54	25	54	22	87	94	20	
76	66	40	45	39	6	28	13	53	60	22	55	91	26	33	91	39	74	87	26	45	40	81	62	28	74	17	10	43	11	94	87	31	18	30	36	82	34	31	52	
66	2	20	87	13	61	96	14	7	73	79	82	86	91	32	33	42	81	7	15	37	51	16	44	45	39	84	35	56	42	10	43	82	74	40	3	1	43	46	51	
57	46	19	100	27	27	72	97	36	41	42	40	53	14	32	35	9	73	96	8	53	40	92	21	56	21	16	24	51	80	26	90	90	54	38	46	55	41	88	48	
46	4	10	90	67	68	62	24	28	70	64	55	94	99	95	43	9	26	82	41	46	69	32	2	9	43	65	58	87	48	83	71	54	61	28	42	10	41	42	94	
78	32	50	18	19	52	42	85	76	53	4	48	35	69	76	48	27	100	94	77	91	64	11	66	73	48	74	6	70	94	24	14	38	3	48	71	27	26	77	75	
59	47	80	7	81	5	82	40	95	25	86	11	62	30	71	89	65	46	65	30	29	10	8	40	100	69	85	60	43	77	92	61	70	27	41	88	45	92	27	46	
78	27	1	75	52	13	79	15	30	82	13	100	20	38	79	16	62	32	53	99	78	53	63	78	66	89	51	57	43	74	1	18	40	29	64	19	70	13	3	74	
8	61	67	38	9	53	35	69	93	35	43	5	73	35	78	15	39	14	70	54	46	23	9	59	56	100	65	61	16	22	55	44	78	29	1	2	12	91	21	17	
76	35	45	33	88	62	77	81	56	53	58	25	18	76	44	99	74	14	93	26	81	93	67	62	96	16	28	18	37	84	38	26	25	99	50	9	42	35	48	1	
26	74	11	13	48	28	72	12	87	65	73	38	78	9	84	16	91	94	89	83	19	61	28	53	68	39	10	91	11	49	95	58	32	21	85	1	80	35	83	31	
23	53	56	25	46	46	68	77	67	77	27	32	78	73	21	38	74	79	82	44	96	96	3	19	31	83	72	74	81	50	11	75	53	56	29	54	14	77	28	43	
31	95	13	71	31	4	59	44	83	88	16	68	21	28	74	3	19	95	28	88	48	20	10	82	54	68	46	27	70	33	25	92	4	87	89	2	82	98	68	85	
42	45	97	67	1	58	25	51	67	33	77	66	61	85	43	74	14	88	58	82	21	43	33	57	41	6	94	38	94	28	23	27	75	11	77	48	41	29	57	23	
19	58	40	6	27	50	61	32	88	33	13	92	35	61	10	26	75	47	96	91	84	30	48	59	12	84	73	53	5	45	17	67	97	1	67	70	46	77	62	84	
80	26	95	5	38	41	94	71	77	82	99	77	63	94	14	21	86	82	63	60	11	35	100	15	90	11	48	27	71	29	61	82	95	71	51	64	11	26	75	19	
64	32	39	83	32	14	79	41	80	65	33	54	6	94	56	18	1	10	65	81	50	91	86	94	81	84	96	91	29	57	24	48	20	59	48	31	82	73	78	62	
76	99	25	87	56	74	80	49	3	36	4	72	86	45	81	79	61	90	75	4	85	69	93	92	40	74	62	79	62	20	63	90	98	38	53	46	86	27	79	36	
11	36	79	12	4	2	42	79	96	28	33	60	70	26	17	36	61	94	45	56	76	25	39	39	15	6	95	25	79	62	51	23	47	3	72	12	23	35	45	24	
89	79	46	87	26	85	82	83	22	85	29	94	55	27	52	18	31	9	93	18	76	18	3	42	39	40	30	57	20	74	15	62	17	5	26	80	89	65	19	63	
8	22	43	28	20	23	39	19	29	29	58	90	72	96	59	44	60	95	1	99	91	17	26	63	100	13	14	41	53	82	80	50	74	61	49	96	14	71	48	53	
62	61	30	9	24	23	59	34	18	61	60	30	27	52	67	50	93	16	48	72	63	76	61	10	21	67	76	72	38	58	76	21	93	46	49	79	7	55	60	5	
64	45	89	74	40	98	11	98	96	12	37	10	65	20	43	29	85	83	85	1	19	32	1	8	23	99	55	7	94	12	64	98	59	27	27	26	4	99	12	68	
51	40	54	35	87	45	20	75	45	65	66	63	6	38	89	84	96	84	84	6	9	39	60	48	66	35	19	87	44	95	8	76	99	52	34	55	85	11	37	74	
53	14	13	41	7	79	82	42	63	73	76	89	3	43	84	70	26	78	71	25	47	22	81	22	67	76	48	21	70	39	90	36	38	73	49	25	17	87	74	93	
80	87	99	38	49	92	53	99	87	3	88	44	22	13	37	29	45	21	98	19	78	80	20	27	32	98	61	69	92	59	7	35	80	21	54	73	46	87	69	96	
36	7	46	88	36	24	91	71	37	7	19	35	6	10	85	93	11	26	75	34	46	14	7	18	3	83	75	20	51	15	14	69	65	96	13	1	47	73	6	74	
20	96	11	62	34	2	27	7	21	67	42	16	44	72	13	47	60	94	63	69	7	32	18	14	48	56	62	30	67	10	68	87	41	30	38	59	73	59	69	56	
21	48	82	47	49	9	81	46	4	85	83	17	87	87	99	83	58	51	59	92	37	10	72	41	94	64	100	60	20	73	46	54	5	34	15	98	11	34	51	91	
On machine	3
99	96	97	64	51	87	16	75	46	51	42	43	53	46	30	94	40	95	61	31	98	37	84	91	45	7	57	75	70	14	7	45	44	84	3	46	50	4	16	15	
1	14	41	7	66	13	38	49	53	66	81	10	20	2	82	88	87	26	24	84	59	46	89	25	47	80	63	67	25	39	61	11	58	68	26	43	89	75	40	1	
45	65	24	35	57	80	60	77	12	28	100	6	34	53	45	36	25	92	39	2	43	83	58	27	87	55	92	49	21	84	96	27	36	92	82	18	38	48	85	50	
14	59	33	89	74	55	79	32	70	13	90	64	93	92	35	43	32	97	71	23	55	93	47	63	85	56	15	73	47	72	43	78	61	13	68	84	15	100	71	89	
9	38	8	1	90	50	100	94	50	25	58	38	39	45	51	92	60	48	84	83	27	87	97	59	93	94	51	13	55	29	90	37	83	15	16	97	71	70	41	69	
33	16	83	98	80	13	13	56	70	100	43	31	11	50	96	7	89	84	28	34	7	13	46	22	35	65	8	40	31	91	98	9	16	57	73	46	74	31	58	77	
63	25	50	10	54	47	2	23	37	45	73	40	18	16	73	17	86	22	71	22	23	14	59	7	40	48	20	28	11	61	20	68	30	46	59	44	41	29	96	95	
34	81	32	63	18	99	13	74	95	33	93	34	23	33	61	14	88	1	52	94	32	63	89	29	100	63	60	29	7	4	38	62	16	74	43	2	63	17	96	69	
95	87	95	9	98	43	90	61	17	37	57	61	76	19	99	76	76	57	3	64	81	45	73	86	26	22	16	63	38	18	64	30	62	54	63	15	5	93	47	35	
91	91	60	85	1	11	36	48	39	51	42	50	18	51	91	81	49	29	90	16	43	47	79	4	75	45	14	52	59	97	49	77	45	8	83	58	55	46	30	35	
4	49	96	60	27	82	38	80	40	13	68	42	77	75	12	61	27	88	100	95	1	98	30	15	59	10	79	7	15	29	35	83	32	64	13	100	76	31	68	3	
68	4	56	17	57	38	22	51	77	16	38	54	90	32	72	61	87	35	37	98	44	23	14	53	91	54	9	82	56	45	55	90	36	9	57	25	26	97	15	83	
30	80	74	75	83	32	70	47	18	95	75	97	100	88	79	65	20	90	100	88	16	4	53	100	25	81	39	54	53	74	78	52	97	36	58	39	88	20	71	60	
23	12	11	77	24	77	94	54	99	53	98	68	27	49	68	79	23	15	2	55	62	56	83	36	31	57	100	34	8	23	73	73	39	92	95	77	22	72	71	78	
86	37	83	75	22	47	51	93	57	87	14	25	68	88	50	37	88	58	82	47	67	18	83	78	17	15	45	75	54	20	70	79	7	13	67	70	53	62	6	27	
28	17	40	56	75	44	11	72	35	31	15	4	83	19	97	19	11	71	40	49	40	22	67	86	34	29	26	74	99	19	17	52	79	70	10	48	48	95	87	49	
13	49	6	99	93	97	23	64	17	66	27	53	50	80	22	83	76	14	4	54	92	36	16	30	27	89	89	36	75	69	8	28	1	95	33	65	64	53	85	28	
72	15	56	37	87	89	8	6	84	71	10	8	29	96	19	35	27	26	37	90	31	95	91	53	55	97	3	70	14	14	23	52	52	11	2	57	73	37	15	42	
51	21	82	42	90	40	58	69	44	50	19	20	53	56	100	55	69	59	24	17	23	36	93	93	44	25	77	75	89	77	48	68	41	22	62	58	50	6	13	14	
18	36	25	35	64	37	16	23	81	2	100	48	60	71	67	28	5	73	57	85	70	20	64	80	61	48	88	33	6	93	12	74	60	72	17	83	49	12	33	25	
63	53	71	73	85	100	97	56	66	83	50	53	80	6	29	58	24	87	98	46	13	25	35	75	54	27	18	48	16	87	29	89	4	21	5	73	81	62	88	60	
36	28	32	13	37	72	65	70	49	97	94	15	84	27	75	59	29	44	51	49	92	61	99	91	92	21	74	32	89	25	22	75	95	91	75	6	83	13	71	72	
1	88	46	54	23	46	6	24	85	79	74	79	2	63	82	62	26	85	79	2	40	22	68	62	62	69	20	39	18	89	66	3	79	79	21	20	21	62	90	20	
65	69	42	62	89	12	72	87	79	21	18	75	91	44	75	29	33	100	1	90	35	53	48	92	28	35	87	73	62	12	97	84	14	25	75	62	90	28	76	70	
62	50	60	74	53	75	42	72	77	70	91	41	46	52	32	19	96	63	8	5	24	99	53	71	92	3	25	11	64	56	50	35	64	67	38	64	63	68	80	43	
38	43	59	9	90	94	14	84	74	83	84	80	68	83	61	59	26	39	12	81	96	35	98	26	12	16	46	77	17	62	23	41	31	25	39	82	63	19	42	43	
27	59	43	1	21	57	76	10	20	82	20	7	93	65	40	71	39	18	50	17	98	29	82	23	49	70	65	16	87	24	44	99	58	4	49	37	93	4	68	5	
19	55	65	66	88	46	48	89	57	72	76	20	82	2	48	1	88	42	68	7	35	4	96	13	16	37	30	28	56	36	56	48	43	63	63	6	69	99	70	81	
45	86	54	29	35	8	67	67	87	15	15	50	78	48	26	33	52	91	46	86	71	98	40	59	47	52	94	39	15	79	10	71	95	17	43	89	78	35	98	37	
58	11	4	78	6	70	74	23	27	76	25	23	57	88	4	50	68	48	6	17	31	67	84	35	72	31	35	16	94	67	13	14	90	29	62	63	3	17	33	3	
9	83	24	54	24	8	80	12	78	59	44	95	12	1	89	100	12	39	90	94	53	17	72	51	75	78	85	77	6	94	41	44	5	9	65	69	69	50	16	62	
92	96	86	30	7	55	7	52	95	30	27	11	51	56	12	57	48	13	1	28	15	3	87	8	63	68	42	86	51	65	76	100	62	55	10	86	27	61	35	57	
71	74	40	22	73	53	55	93	18	66	70	63	49	71	76	69	8	83	73	2	83	37	4	14	53	40	90	23	37	9	18	36	3	46	49	25	95	70	70	6	
100	49	16	31	53	58	94	96	4	22	16	8	40	42	97	80	1	4	68	45	29	57	82	65	57	7	40	14	52	33	77	99	83	83	63	16	62	81	11	4	
86	97	53	74	80	85	97	21	81	37	86	19	82	53	41	39	5	55	66	58	32	26	13	55	67	71	3	10	37	87	78	99	67	33	74	98	91	33	97	54	
78	50	82	23	100	7	18	40	33	40	79	24	21	63	24	83	87	58	24	1	25	84	94	39	31	34	62	53	50	46	74	79	83	92	27	95	80	93	88	66	
26	86	63	22	53	18	80	11	87	98	15	84	3	76	9	1	5	10	65	15	25	81	14	48	29	93	61	84	42	42	41	6	83	28	67	94	28	31	95	83	
56	29	94	61	3	60	22	49	89	23	35	28	39	89	95	1	87	92	84	5	94	87	52	68	73	14	41	86	31	96	99	35	18	63	47	94	76	63	13	67	
56	8	84	4	77	46	4	97	38	10	32	80	70	47	73	44	7	4	31	79	5	75	39	82	40	90	60	92	38	38	10	91	54	14	28	30	42	29	8	18	
70	10	41	95	29	42	44	49	35	35	83	60	87	56	42	33	31	48	83	59	59	68	93	44	38	67	11	91	99	5	33	26	74	32	75	11	53	52	81	49	
On machine	4
85	22	11	52	1	53	22	80	3	17	30	6	96	29	54	72	5	6	13	79	67	38	10	42	55	64	34	88	78	18	88	62	54	25	58	78	62	12	2	3	
47	23	87	15	4	93	5	1	90	12	42	54	59	84	91	37	88	3	50	26	38	75	49	29	18	84	99	36	79	4	94	98	91	68	97	68	89	61	70	15	
70	79	10	12	43	64	76	5	22	28	52	93	50	88	65	10	88	80	48	88	47	62	54	16	72	35	8	18	51	60	58	16	97	14	58	52	78	25	81	88	
80	55	2	92	28	15	14	16	21	76	8	3	55	81	22	99	34	53	32	89	79	15	55	95	62	33	60	12	81	44	70	52	27	21	61	100	4	11	97	13	
44	77	55	52	15	85	54	69	28	89	45	4	21	40	70	59	29	65	22	30	91	24	23	15	34	1	58	25	6	21	27	19	94	2	61	77	94	58	54	3	
47	95	91	97	12	49	24	69	8	49	50	82	73	29	36	81	83	51	83	51	81	59	98	7	47	11	30	20	20	13	79	100	22	31	46	62	17	18	51	9	
8	37	14	14	50	87	22	8	55	4	30	94	37	60	56	33	86	12	66	30	11	25	59	78	26	38	50	4	51	45	5	11	20	58	16	41	31	87	39	6	
12	3	54	73	39	24	59	44	3	58	5	23	4	94	83	39	7	31	43	95	27	64	89	98	1	87	62	82	23	12	65	5	90	8	79	46	7	79	85	70	
95	44	84	19	2	85	52	40	52	7	65	43	76	30	82	12	58	76	51	58	84	70	90	23	28	84	92	39	20	82	25	29	70	79	1	41	22	57	80	93	
89	5	53	91	23	100	54	11	65	89	15	93	63	38	56	61	43	78	15	49	15	49	19	58	39	49	57	83	83	30	65	26	55	45	9	88	16	85	52	12	
70	35	22	51	38	79	17	78	23	46	67	7	83	22	23	81	23	52	17	7	83	85	90	23	58	87	38	87	26	61	40	79	98	34	36	60	73	25	47	48	
31	92	100	19	77	47	40	42	82	64	43	78	18	97	82	19	81	8	41	74	50	1	62	67	49	16	53	55	91	33	33	69	71	29	66	87	4	87	60	36	
18	71	69	100	73	38	23	3	85	27	17	37	39	35	82	50	58	59	69	73	5	86	10	54	20	48	13	56	61	75	19	48	6	7	53	44	24	9	4	51	
98	8	65	74	6	94	44	86	74	50	48	22	19	32	100	75	66	54	57	70	40	33	99	15	64	16	25	20	2	100	69	27	59	59	19	79	18	27	72	56	
81	89	14	78	28	11	34	20	32	26	47	45	52	84	5	59	13	16	44	70	32	38	78	11	48	69	42	53	32	56	10	60	73	21	27	89	16	28	96	29	
51	24	61	97	34	37	17	20	84	77	70	79	25	36	71	70	18	2	61	100	99	88	14	81	85	33	48	2	92	46	86	97	99	20	12	49	81	70	67	64	
82	42	27	63	54	40	72	62	97	100	74	92	24	99	93	61	91	26	99	38	92	90	84	73	86	95	13	26	78	54	72	37	86	100	71	78	15	89	53	93	
52	53	8	5	71	90	33	90	8	10	70	21	3	15	54	93	71	44	38	88	32	85	26	76	81	54	26	11	91	88	2	24	92	60	55	50	95	88	40	13	
91	11	15	75	42	69	77	9	48	39	33	67	12	92	75	70	94	80	12	27	94	27	55	70	32	98	75	13	5	85	32	30	37	96	24	64	44	28	11	29	
18	29	36	95	74	94	81	92	58	70	17	22	57	68	1	65	97	57	25	76	72	34	47	25	49	46	15	84	42	33	69	80	60	9	89	75	97	43	54	5	
49	61	93	96	4	63	38	95	15	3	95	96	89	46	35	69	40	48	42	6	52	47	76	43	91	19	99	85	53	48	53	55	14	96	92	85	82	22	51	1	
25	84	6	64	3	97	98	20	61	42	88	99	53	66	6	18	2	43	70	63	40	48	17	44	42	35	67	97	32	59	73	43	71	87	14	42	59	24	83	88	
5	73	37	7	45	47	85	25	58	78	5	58	39	11	40	26	96	83	96	39	50	74	87	1	6	16	72	60	85	90	22	38	40	100	37	74	54	5	83	36	
98	63	10	18	33	97	93	42	81	83	64	60	55	97	88	75	90	83	66	19	4	55	63	54	37	59	4	79	93	20	26	78	35	87	84	30	84	99	64	51	
72	32	52	40	91	58	90	16	22	45	14	59	29	7	34	71	44	98	18	76	37	1	81	97	25	9	95	51	84	100	57	35	54	64	38	67	59	8	56	65	
11	73	66	52	95	63	47	47	87	46	91	15	48	79	4	59	59	73	12	38	50	13	24	24	55	97	4	29	19	100	61	46	37	47	72	41	63	30	30	24	
23	6	35	57	46	86	26	49	42	31	97	53	86	13	69	7	6	22	57	17	86	41	67	39	55	59	47	8	52	49	59	67	91	27	94	26	76	14	69	38	
81	84	83	60	23	36	8	56	79	80	8	60	1	3	49	76	29	46	70	3	3	51	26	56	69	35	45	54	42	48	32	88	93	71	98	65	81	78	73	31	
92	86	35	90	59	23	99	8	28	92	55	43	47	100	71	63	5	4	26	4	67	3	63	73	33	49	75	34	38	32	49	44	94	68	45	7	49	59	89	41	
96	87	81	88	9	16	19	7	92	86	82	49	35	88	94	27	2	16	72	45	60	85	30	26	52	99	42	51	51	70	7	65	52	5	92	62	69	20	40	33	
30	40	18	61	88	6	6	100	3	82	51	8	75	85	66	62	100	29	2	93	64	73	94	57	53	93	96	60	62	55	24	2	58	5	72	48	55	89	25	96	
82	3	2	35	32	9	83	60	46	89	29	47	16	46	68	16	98	48	37	83	53	29	5	27	21	36	82	90	91	65	64	41	24	77	19	80	70	28	27	8	
75	16	59	91	92	32	66	92	96	40	55	31	57	11	37	79	42	26	51	2	10	55	51	77	23	86	24	62	22	74	24	54	79	32	28	10	64	31	73	23	
91	56	91	12	87	32	54	45	14	85	14	2	12	74	63	2	79	49	75	4	40	76	84	93	89	64	5	24	31	76	87	98	6	21	15	66	42	48	74	64	
40	97	41	12	94	2	54	66	35	71	27	31	71	89	98	10	77	56	24	88	50	90	94	61	33	45	32	36	11	79	28	33	29	60	63	57	4	44	70	38	
72	95	32	43	52	97	5	78	57	61	18	63	64	61	24	76	45	11	15	40	10	42	64	64	97	48	80	97	85	99	30	41	46	13	78	36	6	45	31	50	
47	74	52	46	46	70	59	91	82	15	30	60	78	13	14	25	35	16	24	31	2	99	73	21	20	26	49	81	54	71	11	73	43	7	56	67	56	60	94	9	
95	34	15	17	76	58	90	36	8	29	91	93	10	65	21	36	30	48	97	52	36	14	33	42	46	13	28	30	77	67	40	19	9	19	32	3	59	15	20	36	
87	29	9	85	90	84	9	71	89	6	70	87	83	67	33	40	31	23	95	73	86	59	27	65	88	34	51	77	36	7	48	86	85	71	42	16	13	68	57	94	
49	33	20	67	83	56	31	72	48	81	52	38	82	97	98	7	3	56	2	36	74	90	34	98	21	88	50	30	72	57	32	29	33	79	91	7	85	100	60	26	
On machine	5
86	44	61	39	54	69	77	29	34	35	83	81	34	49	86	72	56	90	26	38	55	24	52	16	10	71	100	93	25	11	70	78	11	43	45	54	17	57	72	30	
34	42	57	82	95	27	28	28	89	32	60	26	1	64	80	82	19	45	57	11	30	34	58	23	59	90	96	4	8	7	39	36	99	14	52	44	67	65	69	69	
65	82	77	44	47	70	1	44	41	50	39	55	85	72	41	11	9	73	38	40	22	26	86	49	28	77	96	42	11	61	95	57	64	85	34	49	12	97	41	2	
64	81	59	15	33	21	45	44	14	61	59	56	12	14	33	34	30	30	13	58	49	81	43	34	9	64	85	1	81	57	81	12	51	42	59	92	7	78	87	43	
34	33	15	78	54	36	85	70	20	82	31	6	25	81	70	1	97	87	52	28	89	30	81	46	71	18	45	85	63	94	92	16	68	14	58	3	15	47	24	27	
23	55	74	39	74	11	75	73	31	35	22	29	69	53	22	31	67	68	60	64	48	53	71	58	92	3	44	99	52	68	55	55	35	88	30	77	57	21	77	24	
24	63	46	6	37	93	26	48	56	68	75	3	35	100	15	51	20	48	21	34	80	77	95	31	27	86	92	79	58	51	10	44	28	75	42	29	72	10	3	65	
97	67	96	79	51	74	34	61	73	73	10	83	40	84	42	79	43	11	42	75	48	3	89	11	34	83	61	75	6	61	43	34	87	27	94	4	17	7	83	77	
17	83	57	56	91	93	46	15	36	62	5	95	59	11	46	55	10	16	51	88	32	29	20	63	1	91	37	62	8	96	70	39	20	57	11	31	90	34	69	3	
34	87	98	72	48	98	28	92	29	41	60	47	66	26	20	75	16	76	61	4	25	64	83	39	62	55	89	57	45	1	93	62	68	43	39	46	59	53	97	28	
39	7	36	6	79	61	17	52	56	80	34	88	59	63	90	92	90	82	1	54	59	13	45	33	79	65	14	89	31	91	100	17	95	41	91	15	68	100	62	92	
12	78	56	4	59	37	47	32	100	85	61	77	57	23	69	40	83	69	2	13	89	56	30	5	94	47	69	35	89	42	91	48	21	23	59	49	65	63	54	9	
89	24	80	52	54	38	93	63	35	48	86	29	16	20	29	18	3	73	82	58	17	76	56	23	58	77	40	19	4	8	95	32	33	40	34	73	91	98	25	34	
63	69	48	90	25	16	90	8	35	16	39	79	88	56	21	79	40	54	97	85	65	5	70	93	43	80	30	5	31	3	21	4	72	16	67	80	44	39	53	77	
74	79	14	100	95	29	70	58	22	6	23	17	59	44	96	35	76	72	46	84	95	82	57	79	38	81	87	91	32	77	75	80	43	46	48	55	22	4	67	26	
37	31	83	89	87	47	67	28	59	56	21	46	62	90	89	81	80	5	52	47	33	83	94	60	42	14	50	85	8	19	60	1	88	75	67	46	8	62	32	54	
61	85	59	98	69	80	85	23	23	35	6	11	20	68	31	78	44	54	22	66	18	73	77	19	56	26	37	36	71	63	88	86	94	18	68	54	40	31	69	68	
98	32	25	48	89	40	59	82	29	18	70	10	39	91	62	74	93	82	83	74	84	92	9	48	5	32	16	92	26	83	42	2	46	3	81	63	55	36	61	8	
84	3	97	64	52	95	12	40	58	89	95	50	10	13	93	19	54	41	40	61	68	4	54	27	47	32	50	57	31	83	36	75	70	16	70	82	25	36	65	83	
20	39	32	18	37	52	11	97	6	80	42	84	97	27	74	100	56	79	68	41	49	73	6	61	91	41	59	50	85	90	51	17	18	30	45	39	78	67	91	64	
33	54	87	15	70	75	19	33	33	85	76	26	100	27	34	56	22	79	31	29	85	98	72	15	69	76	24	77	1	41	72	93	14	17	12	16	98	36	52	86	
15	37	76	59	64	60	67	77	11	69	50	10	96	59	22	64	29	100	88	96	2	87	44	8	70	100	11	48	86	91	20	79	78	95	70	93	46	80	71	56	
83	99	48	95	18	37	3	42	93	39	89	67	27	76	10	85	60	11	17	43	94	83	89	11	5	36	92	80	78	91	25	80	70	33	89	14	77	21	5	11	
33	40	43	96	55	12	26	19	21	7	27	73	73	48	2	39	21	79	44	12	11	26	89	91	43	48	69	73	15	29	63	20	26	59	70	57	48	55	28	63	
29	83	36	74	99	54	86	7	58	20	24	16	90	12	43	79	15	99	48	78	72	76	29	5	24	100	83	63	30	66	100	18	31	51	71	89	38	62	19	75	
19	36	66	22	14	38	12	93	5	51	22	74	41	35	71	22	86	80	28	62	47	28	78	42	52	99	26	96	11	59	92	27	16	46	65	28	76	19	70	97	
74	82	84	40	42	76	5	11	45	90	22	5	36	58	43	7	55	28	60	77	69	30	81	62	6	82	17	7	92	67	10	10	90	46	56	26	50	30	31	67	
8	66	9	82	91	94	93	47	77	82	97	48	46	18	42	70	81	88	18	31	69	54	36	6	92	47	31	50	65	90	29	39	88	61	34	15	64	79	45	8	
33	83	61	67	6	31	79	93	8	53	96	7	67	17	73	75	65	59	34	69	77	42	31	95	9	98	39	33	31	38	28	60	72	65	40	89	34	69	17	56	
64	76	43	85	11	83	55	98	64	8	15	11	67	68	81	55	98	85	2	32	23	1	52	89	89	75	90	41	74	97	90	42	64	34	51	43	77	76	40	39	
85	94	100	68	74	80	8	95	24	71	98	16	32	23	15	71	85	2	99	88	25	70	83	85	97	82	44	70	68	49	26	82	34	31	40	7	60	13	22	6	
98	51	98	84	71	52	23	36	100	48	51	98	44	8	1	3	27	88	14	86	9	81	67	31	21	9	86	97	77	3	48	37	4	97	44	13	80	32	6	62	
49	27	98	39	14	92	58	73	93	32	81	15	52	80	62	45	98	32	24	43	70	10	31	20	100	62	7	11	18	4	3	19	21	31	93	50	40	29	56	87	
3	35	34	20	36	51	95	1	90	78	5	51	39	23	57	11	52	41	91	58	6	68	6	93	79	62	82	77	85	23	41	57	14	68	59	67	57	56	61	31	
1	41	9	1	75	25	36	14	96	74	32	38	87	82	51	25	60	34	82	98	2	39	79	51	82	75	9	54	8	58	10	83	66	56	52	7	95	64	55	88	
49	13	98	3	62	8	30	74	7	75	74	62	35	4	81	20	10	49	37	86	33	6	37	60	69	40	82	51	2	44	17	15	63	91	25	8	22	29	11	90	
41	19	5	21	87	38	10	5	3	25	89	38	67	86	54	56	100	51	43	91	29	70	44	25	33	47	77	78	48	90	14	35	86	16	18	30	46	90	12	30	
77	51	19	20	71	41	21	77	84	96	47	81	95	70	3	3	59	2	22	77	80	33	75	66	73	62	59	51	65	71	78	75	87	20	6	78	64	76	15	88	
28	20	38	13	13	2	46	24	19	18	56	1	13	61	10	87	42	59	39	74	16	53	16	72	61	67	98	30	55	89	94	37	6	21	61	21	83	52	73	78	
63	9	43	53	4	3	87	58	11	25	65	68	63	68	86	4	4	8	74	62	8	10	99	60	70	2	54	4	64	35	64	75	11	27	80	39	60	53	86	59	
On machine	6
97	87	79	65	60	81	60	45	60	35	12	62	78	63	54	80	13	15	26	61	73	28	87	17	64	3	93	65	18	98	8	53	31	18	88	36	86	79	62	17	
80	57	91	92	81	30	64	38	99	21	18	69	85	97	86	18	25	17	76	8	69	50	95	93	47	69	32	59	43	83	28	1	89	85	87	46	55	57	15	31	
67	27	32	68	29	12	93	50	7	21	55	84	30	90	13	51	89	36	47	40	24	67	79	24	18	84	8	58	25	20	45	4	98	49	10	37	60	97	17	39	
30	84	56	9	9	53	72	19	42	91	5	28	12	78	85	8	76	25	63	62	46	85	40	96	47	20	19	26	59	75	52	27	53	16	34	2	1	71	98	41	
62	55	43	75	47	13	95	19	75	92	90	63	91	50	2	58	39	79	94	53	94	62	8	12	77	76	12	88	62	41	34	48	80	23	59	65	99	38	46	82	
70	45	94	36	31	7	46	33	45	78	5	40	92	34	43	76	9	61	80	96	38	50	71	57	4	72	90	90	17	80	20	41	21	61	15	27	88	42	71	14	
42	81	83	76	37	100	99	24	34	21	25	51	30	50	83	41	12	52	69	73	84	55	47	60	65	55	58	82	74	69	27	49	78	97	96	92	38	59	62	11	
4	11	99	88	33	17	93	21	57	61	26	47	70	48	9	87	46	59	21	54	98	31	77	38	76	13	8	51	59	7	74	47	18	100	54	78	97	60	5	76	
2	11	27	76	35	65	36	25	79	82	74	63	88	33	1	69	69	62	15	52	91	32	54	94	12	3	42	56	94	46	7	69	81	20	66	96	96	49	39	63	
89	39	51	33	63	6	59	13	28	51	13	36	79	23	5	69	63	76	11	67	93	40	35	83	34	54	41	47	65	61	46	77	8	98	86	92	68	10	63	99	
66	68	98	7	95	24	81	40	59	91	45	23	14	97	73	87	46	25	78	68	37	63	1	63	39	100	42	67	70	1	5	71	2	13	30	77	66	77	81	63	
23	61	24	72	72	37	57	37	73	51	39	40	5	10	28	69	30	32	82	95	94	96	62	29	97	99	70	58	44	52	89	14	56	81	29	66	67	8	36	45	
46	34	47	11	80	55	35	30	66	58	72	44	56	6	56	61	50	77	72	33	38	44	37	84	97	19	70	24	65	19	8	2	2	53	62	65	3	73	46	68	
43	22	71	54	27	3	28	2	38	51	97	56	48	50	73	58	95	60	28	39	80	5	54	94	20	29	40	90	34	72	1	89	28	81	75	1	8	56	67	14	
77	98	2	49	97	52	61	4	38	95	44	39	56	66	71	55	53	97	37	9	92	52	52	90	62	99	76	64	82	60	75	7	54	9	73	37	2	36	46	74	
53	32	97	88	26	63	37	6	61	69	73	52	53	10	71	50	28	86	66	92	97	72	10	46	2	16	100	83	99	10	90	44	13	20	58	86	13	47	82	91	
43	1	4	13	87	37	11	71	83	100	69	37	87	10	2	82	56	68	34	53	82	13	2	5	57	54	69	36	98	38	48	2	39	30	14	93	79	17	6	39	
91	40	10	55	46	24	41	89	61	56	94	81	74	45	11	74	37	6	5	80	53	45	93	54	34	35	23	63	16	67	5	27	55	86	43	70	22	85	90	89	
36	12	66	40	17	66	55	51	47	29	33	92	5	39	60	48	16	8	16	97	67	26	45	31	19	95	89	78	56	66	32	28	42	21	1	70	12	65	28	20	
17	18	95	21	75	56	73	72	80	86	39	37	31	30	37	95	4	66	69	74	15	62	1	100	43	6	11	83	50	60	100	89	51	45	26	46	38	57	35	66	
31	48	10	29	58	48	80	87	70	15	1	95	53	33	8	57	14	71	80	59	80	66	61	17	66	98	26	25	95	32	72	58	45	54	7	55	60	35	88	58	
48	99	38	45	47	36	17	5	36	64	88	17	41	84	82	18	46	6	31	8	6	100	51	59	41	9	80	67	6	47	20	81	15	53	29	32	35	49	40	30	
64	78	47	42	30	88	15	90	54	12	73	92	50	38	92	71	11	28	39	55	88	1	23	48	51	93	25	63	13	50	37	78	95	84	69	26	34	37	95	18	
90	69	52	69	99	24	100	80	20	3	62	77	53	40	55	7	42	76	5	56	97	47	84	43	96	99	98	97	66	60	76	42	32	8	65	7	86	25	21	91	
44	75	60	63	10	68	27	54	55	41	19	57	93	71	74	42	12	49	43	15	58	40	21	85	62	37	42	6	95	5	24	32	94	91	73	43	22	53	27	40	
92	100	78	55	4	50	13	78	63	40	46	15	5	57	82	60	68	44	12	69	73	57	57	46	59	47	44	18	10	92	99	7	30	50	94	38	16	40	58	73	
36	24	80	35	55	23	87	32	51	30	4	5	85	68	85	67	2	16	79	91	86	72	95	41	52	93	11	33	46	94	82	1	99	59	54	77	18	7	53	19	
46	70	44	94	26	18	54	13	24	48	85	40	85	78	56	91	19	80	73	70	29	55	39	59	93	55	38	54	87	8	6	57	34	88	58	80	77	20	26	89	
68	6	66	7	67	56	32	84	94	4	56	79	93	99	31	95	62	64	2	41	21	19	59	72	35	49	36	83	46	9	79	87	19	63	27	5	49	48	96	42	
86	7	32	97	60	27	12	77	61	44	85	56	98	94	72	7	8	32	72	86	64	17	7	18	1	73	2	86	39	90	97	31	74	36	41	96	36	2	16	92	
19	73	54	17	18	51	90	25	86	25	53	51	84	9	84	80	45	63	92	2	68	76	37	76	80	55	92	84	89	16	94	50	4	70	11	45	46	2	67	11	
44	64	67	100	53	4	4	23	24	9	33	76	25	68	98	21	97	37	19	72	76	90	9	41	91	32	55	100	30	17	13	33	99	62	1	66	72	86	6	52	
17	32	58	2	90	18	10	62	63	1	27	41	45	3	79	82	64	34	54	74	45	98	82	82	39	42	77	12	36	36	46	91	45	27	65	42	98	72	91	83	
86	75	85	44	35	99	67	41	80	28	4	99	56	41	16	68	27	41	78	44	94	57	96	84	35	38	84	29	45	44	68	51	17	36	95	99	74	82	85	1	
71	15	69	10	86	100	34	85	99	38	56	32	21	53	8	58	88	54	45	99	48	34	20	91	45	35	23	98	84	17	29	72	40	1	77	8	16	65	4	18	
36	57	96	86	50	20	54	67	80	38	78	23	15	44	41	43	38	36	36	3	6	99	75	12	36	44	60	37	49	79	14	67	54	2	76	15	69	15	50	45	
94	66	9	79	81	32	42	39	98	16	97	8	43	49	83	2	42	76	74	73	46	51	63	56	44	90	45	6	25	25	32	49	87	63	100	41	67	57	47	91	
72	94	72	14	53	81	61	74	55	40	16	60	27	16	69	25	43	76	19	74	87	63	16	86	54	60	42	26	20	100	32	2	82	34	24	25	52	45	2	79	
39	92	8	17	99	74	31	69	22	69	7	6	18	71	67	22	67	69	59	54	13	72	85	94	53	17	13	13	45	77	44	91	5	64	76	29	63	81	98	69	
62	47	23	64	67	87	99	3	8	78	43	77	73	81	14	41	52	25	35	22	64	12	77	36	33	5	74	21	42	94	96	29	51	40	9	38	45	75	9	99	
