Factories	4
Families	40
Machines	2
SetupType	1

Number of Jobs in each Family
7	9	8	8	1	1	9	2	10	7	5	5	8	1	2	4	1	6	7	3	9	4	3	4	6	1	6	10	3	7	1	6	4	7	3	5	1	5	8	3	

Jobs in each Family
0	1	2	3	4	5	6	
7	8	9	10	11	12	13	14	15	
16	17	18	19	20	21	22	23	
24	25	26	27	28	29	30	31	
32	
33	
34	35	36	37	38	39	40	41	42	
43	44	
45	46	47	48	49	50	51	52	53	54	
55	56	57	58	59	60	61	
62	63	64	65	66	
67	68	69	70	71	
72	73	74	75	76	77	78	79	
80	
81	82	
83	84	85	86	
87	
88	89	90	91	92	93	
94	95	96	97	98	99	100	
101	102	103	
104	105	106	107	108	109	110	111	112	
113	114	115	116	
117	118	119	
120	121	122	123	
124	125	126	127	128	129	
130	
131	132	133	134	135	136	
137	138	139	140	141	142	143	144	145	146	
147	148	149	
150	151	152	153	154	155	156	
157	
158	159	160	161	162	163	
164	165	166	167	
168	169	170	171	172	173	174	
175	176	177	
178	179	180	181	182	
183	
184	185	186	187	188	
189	190	191	192	193	194	195	196	
197	198	199	

Total number of jobs
200

Processing times of jobs
7	9	
6	6	
2	8	
7	8	
9	8	
1	10	
4	2	
6	7	
6	8	
9	3	
9	1	
8	9	
3	9	
4	1	
5	5	
8	1	
1	7	
5	2	
8	7	
4	2	
1	6	
2	3	
4	6	
8	8	
2	5	
2	3	
2	1	
6	7	
3	10	
8	5	
1	2	
3	4	
4	9	
7	3	
5	4	
9	6	
8	5	
4	8	
1	3	
10	9	
8	6	
1	6	
9	6	
5	10	
7	1	
1	1	
9	5	
2	8	
1	2	
6	8	
5	4	
7	10	
3	7	
4	3	
6	2	
10	10	
2	8	
5	7	
7	10	
6	10	
3	3	
10	10	
1	4	
3	5	
4	6	
3	9	
3	2	
10	2	
9	10	
4	3	
3	5	
1	4	
5	9	
6	1	
6	1	
9	10	
2	4	
1	7	
1	3	
3	2	
4	8	
4	9	
2	4	
1	5	
7	5	
6	10	
5	7	
3	7	
3	7	
7	8	
9	1	
7	6	
8	4	
8	5	
4	7	
7	4	
10	5	
4	10	
5	5	
6	8	
7	5	
4	6	
3	6	
10	8	
5	5	
1	4	
8	6	
1	6	
3	4	
4	4	
5	1	
7	9	
1	5	
3	2	
1	5	
10	5	
4	3	
1	6	
4	3	
8	7	
6	4	
4	4	
6	6	
3	9	
8	7	
1	8	
3	9	
5	3	
6	5	
7	8	
5	5	
5	6	
10	1	
9	3	
7	3	
5	10	
2	2	
6	8	
1	7	
5	6	
2	4	
4	5	
8	4	
1	10	
5	4	
8	10	
10	10	
4	10	
10	7	
1	1	
1	10	
7	10	
7	8	
3	4	
2	1	
4	5	
7	1	
1	6	
3	5	
3	9	
9	6	
8	3	
10	4	
3	5	
4	9	
2	4	
7	3	
6	5	
5	7	
7	7	
6	8	
3	6	
7	4	
1	6	
7	2	
2	8	
7	10	
3	9	
8	10	
9	7	
1	9	
10	7	
5	4	
5	3	
6	9	
1	9	
3	1	
6	8	
1	7	
2	8	
5	9	
10	5	
2	1	
7	2	
7	8	
2	3	
2	1	
3	6	
10	2	
2	9	

Stepup times between Families, where [f][f] represents initial setup time
On machine	1
15	5	16	16	6	3	18	15	17	20	8	20	6	1	12	5	11	13	17	7	4	19	5	5	5	5	1	17	10	8	18	8	12	6	2	9	11	1	13	13	
8	13	9	17	6	9	4	19	19	19	1	6	20	6	16	17	17	7	14	2	1	18	16	7	14	14	2	8	3	15	3	6	19	4	3	15	10	12	13	15	
17	20	19	15	6	5	11	12	12	15	7	18	16	19	14	2	1	17	4	20	6	18	4	13	5	3	17	8	10	9	3	3	8	12	15	17	7	13	4	14	
19	13	3	14	20	6	2	17	3	4	20	19	11	12	20	19	7	16	15	13	15	20	3	9	17	11	9	2	3	5	5	14	14	19	20	2	17	7	11	14	
13	6	2	11	19	11	11	4	16	2	9	18	13	13	7	6	20	10	17	20	17	5	8	14	4	15	13	14	5	15	4	15	10	8	2	9	1	3	13	20	
13	10	18	19	7	17	4	1	8	12	7	20	14	10	7	12	18	16	6	14	11	13	3	1	8	16	4	5	18	11	11	19	2	7	8	4	6	19	14	17	
14	14	15	17	1	19	13	9	15	19	3	1	1	17	7	8	19	16	5	6	6	15	3	8	14	13	10	20	13	8	18	1	5	14	14	9	6	16	6	5	
16	3	12	1	4	4	12	16	20	16	3	10	4	19	7	4	14	20	13	16	13	14	10	19	18	6	10	10	7	17	14	20	20	12	5	12	19	16	18	1	
11	3	8	15	20	12	5	16	5	1	19	8	6	11	4	17	16	14	8	2	14	3	1	9	1	2	18	15	15	20	1	14	3	17	18	2	8	5	15	13	
4	19	1	16	7	11	6	19	4	4	1	15	3	1	7	17	20	10	16	17	7	5	17	13	17	18	18	7	1	6	7	14	14	11	7	20	4	4	6	15	
2	10	20	13	7	20	20	13	19	19	1	16	20	9	10	8	20	3	13	2	18	8	11	10	4	19	14	19	11	4	18	20	1	4	4	10	6	15	12	2	
10	9	10	14	17	11	12	16	5	6	6	19	8	2	18	8	2	13	8	10	1	18	8	13	13	20	19	8	3	6	4	3	12	5	20	8	15	3	11	20	
15	10	16	1	14	16	11	1	3	13	19	13	9	11	7	19	7	12	12	13	7	5	10	15	18	18	17	10	14	10	8	10	19	8	1	13	18	18	16	5	
7	13	1	12	5	10	19	18	3	15	14	15	5	9	19	1	11	16	11	8	17	19	9	16	1	2	12	19	8	13	8	16	7	19	16	15	1	19	8	18	
5	2	11	3	18	5	4	6	4	12	16	6	13	11	16	19	8	7	9	3	6	12	15	1	19	3	18	1	6	15	14	18	3	12	18	16	13	17	15	2	
17	5	2	3	13	8	3	11	12	8	16	8	9	16	17	6	15	11	5	4	4	20	13	7	12	1	11	16	11	6	14	5	1	7	8	8	18	8	4	12	
7	12	9	4	3	12	18	17	17	5	4	14	18	13	17	14	18	9	18	9	16	11	11	19	9	19	6	17	11	18	5	18	10	15	16	13	16	16	6	11	
8	16	15	12	16	3	18	17	9	5	19	20	7	20	12	15	4	19	16	18	13	11	4	4	20	9	1	20	16	12	18	16	10	9	18	2	20	4	16	8	
7	4	7	17	4	6	8	14	7	18	14	15	8	10	20	7	11	3	8	13	2	13	8	8	19	7	5	15	7	11	12	5	5	11	12	4	8	15	19	4	
13	5	16	11	3	3	5	11	15	8	6	8	10	6	5	6	16	14	12	12	20	12	16	2	2	16	11	1	15	6	12	9	11	10	18	8	19	11	6	8	
17	5	17	20	13	15	18	7	9	18	3	10	17	20	9	5	3	13	8	7	13	16	5	9	12	4	20	8	11	5	13	18	9	12	6	6	15	13	17	3	
5	16	6	19	2	10	4	20	19	14	4	7	8	3	13	12	5	16	14	16	4	13	9	20	10	7	10	15	3	15	4	18	9	7	9	3	8	6	15	4	
8	18	13	13	15	2	16	1	6	20	20	15	13	11	3	15	13	2	15	5	18	17	1	16	9	4	16	8	7	1	12	12	6	16	1	9	20	2	11	9	
14	10	15	11	15	12	9	19	17	11	3	20	19	4	6	13	3	1	4	17	14	6	14	14	10	11	7	15	15	5	20	20	6	10	17	14	5	19	12	4	
19	20	9	2	15	3	14	20	10	4	19	13	14	17	20	4	8	8	6	6	2	17	4	2	13	6	11	13	12	20	8	18	18	4	20	9	1	6	4	6	
20	1	7	1	10	3	16	3	11	9	12	8	14	6	19	10	4	20	10	20	16	4	17	16	7	20	10	18	6	18	14	3	14	6	2	9	11	14	1	7	
16	14	16	11	2	11	18	6	18	12	17	3	12	14	20	12	18	19	2	9	2	18	19	11	3	13	14	8	5	5	15	16	2	5	2	19	3	16	3	16	
12	16	19	6	17	7	11	12	10	5	12	2	16	10	11	1	16	18	1	20	15	1	14	13	14	16	2	10	20	9	8	9	14	14	14	4	14	17	4	5	
20	3	20	17	8	2	2	15	20	15	17	15	17	4	6	16	7	10	8	7	15	7	7	5	7	17	5	14	16	10	13	15	7	3	6	13	16	19	20	15	
8	14	13	2	12	5	19	7	10	16	4	17	20	1	18	3	8	6	7	4	18	6	12	9	8	16	2	11	5	16	1	10	19	10	13	17	4	9	1	19	
3	4	14	13	8	19	8	1	16	8	18	10	13	3	4	5	10	19	20	19	18	6	18	16	14	16	17	8	4	6	9	20	9	20	14	11	7	5	8	1	
19	3	1	8	9	19	1	1	6	18	16	13	17	3	9	12	17	3	5	3	13	14	13	1	5	20	20	19	8	12	12	12	19	4	20	5	9	9	18	2	
19	4	15	1	6	5	15	16	19	19	5	5	2	9	14	12	14	11	17	12	16	11	19	6	2	5	3	3	10	18	5	20	14	9	15	6	6	20	13	6	
17	20	9	19	16	5	17	15	13	17	11	16	10	11	5	2	20	5	2	4	19	1	1	10	7	2	5	18	13	10	17	7	10	3	17	17	7	4	4	19	
17	2	7	1	7	19	18	14	6	13	14	1	17	2	14	14	1	18	10	11	2	1	5	15	19	7	17	11	18	18	5	8	7	15	18	12	3	15	14	8	
12	3	1	1	7	1	8	18	13	1	4	18	18	1	3	2	15	5	18	9	5	1	2	1	19	15	2	9	17	3	13	13	17	2	8	14	18	7	15	15	
6	16	9	19	16	8	5	11	7	7	14	10	18	19	1	4	20	6	13	8	1	4	7	5	10	10	12	18	9	7	12	9	17	10	16	1	17	20	2	12	
2	19	6	15	14	16	17	15	2	5	14	16	8	5	17	20	2	16	15	14	9	6	5	8	5	19	16	13	16	12	13	15	9	9	15	20	12	2	5	11	
7	11	20	14	18	11	17	10	10	7	11	10	18	6	19	15	11	4	3	4	10	13	8	9	16	19	19	1	10	15	19	20	20	4	9	10	6	16	4	18	
5	19	14	10	19	5	19	3	11	12	12	4	15	2	10	6	2	15	12	2	20	2	6	10	20	12	20	4	17	18	15	5	12	5	2	10	1	7	3	5	
On machine	2
8	19	11	9	14	19	19	5	8	9	13	18	15	20	10	20	5	8	1	16	3	9	16	19	3	4	2	13	3	18	5	10	15	1	16	13	20	9	15	12	
13	11	1	11	11	8	11	8	7	7	16	5	18	3	1	12	13	16	1	12	18	20	19	1	7	15	11	2	16	10	6	1	14	7	10	7	19	6	1	16	
15	18	5	1	13	6	20	8	18	17	17	15	9	1	11	1	13	16	4	14	3	20	8	13	7	12	7	3	3	2	1	1	1	20	8	6	10	2	19	10	
4	20	5	18	5	11	20	17	8	17	19	19	12	3	14	12	19	3	16	19	13	13	13	3	8	9	17	17	10	17	9	15	8	1	5	9	14	4	13	6	
9	8	20	6	12	18	10	17	2	15	13	6	2	10	2	1	16	9	13	10	20	9	18	19	17	14	1	3	19	19	12	20	15	16	16	10	2	5	13	18	
13	20	18	9	17	17	16	1	3	13	2	4	9	17	6	6	9	9	9	2	5	5	20	3	3	6	1	1	19	20	12	9	4	14	3	9	20	11	12	17	
11	8	17	1	12	2	1	12	16	1	9	20	3	17	9	15	5	12	8	1	3	12	17	11	14	2	20	12	15	19	20	14	12	14	11	3	10	7	15	4	
3	14	1	18	6	7	15	15	12	17	14	11	13	20	2	12	8	3	1	18	11	5	2	12	15	4	10	3	2	20	20	8	14	1	18	3	9	15	6	13	
13	9	17	7	2	4	17	12	5	10	15	13	12	14	9	14	19	13	16	1	9	17	20	2	20	5	14	17	17	14	10	3	19	17	15	9	17	5	12	18	
2	1	4	20	17	5	16	10	17	1	7	4	11	3	3	11	1	19	2	14	13	7	15	1	7	12	18	20	15	18	10	4	11	18	10	6	3	2	9	6	
17	9	13	14	11	1	5	2	11	1	3	19	14	11	18	5	16	18	20	14	16	15	10	8	15	9	3	12	1	18	15	19	10	20	17	13	10	12	6	5	
4	9	11	8	20	4	17	6	19	15	12	9	3	20	2	19	2	20	13	18	16	12	6	9	13	10	15	18	19	14	15	18	4	11	8	17	14	12	17	3	
8	4	14	10	4	10	9	9	10	13	14	3	7	16	18	12	17	19	6	9	19	1	6	18	12	13	4	10	5	19	19	17	2	8	18	1	20	16	3	1	
8	15	20	1	15	10	15	8	15	12	12	6	5	9	13	5	11	13	5	2	16	11	17	20	6	4	4	9	7	11	8	13	15	11	10	10	8	11	13	16	
7	13	12	8	10	8	18	15	3	2	2	10	20	2	1	4	3	11	4	16	16	10	20	7	8	20	7	11	17	14	4	13	4	16	2	5	18	8	3	12	
13	5	3	2	12	4	2	20	6	9	6	20	20	9	15	16	14	6	17	20	7	12	16	3	10	19	15	11	4	16	3	11	3	17	16	14	13	3	3	2	
14	14	6	14	18	12	18	4	11	6	15	13	5	3	17	10	18	1	17	19	4	9	17	18	9	18	9	2	3	13	10	20	20	15	8	18	19	20	15	10	
19	15	17	18	16	9	7	1	4	18	5	20	12	6	11	15	11	12	14	5	13	9	14	7	19	11	16	3	3	4	19	12	16	5	3	2	19	6	19	10	
15	3	3	8	13	11	4	10	19	20	3	9	4	4	7	19	13	15	11	11	17	8	15	16	11	20	5	14	11	5	3	3	12	15	8	9	6	1	12	9	
16	5	20	16	11	9	17	15	15	5	11	4	17	9	17	11	10	9	15	2	20	10	9	5	15	10	14	1	5	10	3	7	8	12	1	19	3	8	12	13	
7	7	18	3	20	2	3	9	1	19	6	14	13	9	7	16	10	17	15	2	18	17	1	11	11	20	2	1	15	5	4	7	17	5	10	4	2	11	11	6	
8	14	4	10	6	11	7	20	8	15	17	8	6	11	10	6	19	1	4	8	4	5	1	6	16	1	9	7	15	9	3	13	14	7	14	17	5	10	12	12	
3	8	18	9	9	10	18	12	1	15	13	2	5	7	3	2	13	5	13	4	9	11	10	8	11	9	9	16	11	1	17	13	8	1	16	12	10	5	18	17	
8	7	14	20	19	4	19	15	12	17	4	2	3	13	3	13	4	9	3	7	11	13	8	11	14	5	9	16	17	8	4	16	9	8	20	6	10	10	7	12	
4	19	17	2	3	12	20	17	5	1	14	10	14	4	8	2	18	8	16	10	20	16	1	7	11	6	5	16	1	3	8	7	1	5	16	20	1	11	16	3	
1	11	8	5	3	13	13	2	7	11	13	14	17	16	10	12	4	14	7	14	1	15	11	10	12	6	1	8	14	6	19	9	13	18	7	11	16	13	19	7	
10	17	20	15	8	8	5	4	12	11	13	7	9	4	10	2	5	11	16	13	14	13	9	9	12	15	2	14	5	7	6	8	10	6	9	7	10	1	8	7	
4	17	11	20	14	12	19	14	7	19	13	9	16	5	6	13	11	17	4	12	8	11	14	18	4	2	4	16	10	6	14	8	20	8	16	1	7	15	4	20	
19	2	4	2	9	13	14	3	9	20	11	6	2	17	3	5	4	14	1	15	5	7	10	9	7	9	6	6	1	3	15	18	20	20	1	17	4	14	18	11	
11	17	14	12	2	10	1	13	5	5	12	16	19	5	6	16	6	19	20	15	16	14	19	18	3	18	20	2	18	6	20	11	5	19	5	5	13	13	9	6	
8	19	1	7	7	3	17	2	20	11	10	19	3	3	16	14	16	3	17	1	15	11	1	6	18	14	12	14	14	14	13	19	4	13	13	12	10	13	3	7	
18	12	16	4	19	11	10	14	14	7	9	9	6	5	10	19	11	10	15	12	15	18	2	1	2	10	2	10	3	3	20	11	12	14	6	20	15	1	5	12	
17	19	6	8	16	2	5	19	19	8	15	9	20	16	9	4	13	3	18	6	3	18	12	17	9	5	1	12	16	17	13	11	2	6	18	12	12	16	20	18	
7	3	18	9	10	8	1	8	14	14	15	20	18	5	11	14	9	2	11	3	9	19	6	2	13	8	19	18	14	19	17	4	2	15	9	18	17	11	1	17	
13	17	11	8	19	5	13	6	17	16	13	19	11	8	8	14	5	2	11	5	16	5	2	4	17	1	4	7	20	8	7	18	17	12	4	10	10	5	10	5	
1	3	20	2	5	19	3	19	11	15	12	11	20	4	2	11	15	4	12	15	8	7	10	1	10	9	20	9	13	5	14	11	4	16	18	17	12	17	19	12	
3	7	16	14	6	15	16	14	9	20	15	3	8	5	9	4	17	14	2	11	1	9	2	12	3	10	17	12	12	4	13	11	4	11	6	15	19	7	2	3	
11	2	11	7	1	13	6	20	2	2	17	18	16	10	4	3	10	13	7	7	16	11	15	18	10	2	10	10	15	3	3	6	20	5	14	2	18	15	8	12	
17	14	7	7	14	11	13	5	8	6	10	2	17	3	6	10	18	8	20	11	9	15	11	1	5	17	2	6	8	7	19	6	4	9	19	9	7	8	14	18	
5	20	16	20	2	10	3	15	20	13	7	6	1	15	2	2	5	3	18	13	15	10	3	12	14	19	5	10	2	10	1	18	18	19	3	10	12	3	5	9	
