Factories	4
Families	30
Machines	6
SetupType	3

Number of Jobs in each Family
9	9	1	2	2	10	10	9	7	6	6	3	5	4	3	3	9	5	2	2	6	2	1	1	8	9	6	6	4	1	

Jobs in each Family
0	1	2	3	4	5	6	7	8	
9	10	11	12	13	14	15	16	17	
18	
19	20	
21	22	
23	24	25	26	27	28	29	30	31	32	
33	34	35	36	37	38	39	40	41	42	
43	44	45	46	47	48	49	50	51	
52	53	54	55	56	57	58	
59	60	61	62	63	64	
65	66	67	68	69	70	
71	72	73	
74	75	76	77	78	
79	80	81	82	
83	84	85	
86	87	88	
89	90	91	92	93	94	95	96	97	
98	99	100	101	102	
103	104	
105	106	
107	108	109	110	111	112	
113	114	
115	
116	
117	118	119	120	121	122	123	124	
125	126	127	128	129	130	131	132	133	
134	135	136	137	138	139	
140	141	142	143	144	145	
146	147	148	149	
150	

Total number of jobs
151

Processing times of jobs
2	7	1	4	5	4	
6	6	8	8	6	3	
8	1	2	7	1	9	
6	7	5	10	2	2	
7	1	9	3	9	1	
1	3	9	8	1	6	
10	5	5	10	2	3	
5	7	3	8	5	10	
10	4	6	9	2	6	
4	10	4	9	8	6	
6	3	3	7	7	9	
8	8	4	6	4	9	
3	7	3	1	2	10	
8	10	2	9	8	10	
8	10	4	3	9	5	
6	3	6	1	3	2	
2	7	2	2	9	7	
2	4	3	4	3	7	
5	8	9	9	6	10	
10	2	6	4	4	6	
2	9	3	8	1	5	
9	1	10	6	1	4	
9	8	4	9	10	6	
6	5	3	10	1	9	
8	9	10	10	9	8	
5	2	3	2	10	2	
2	1	10	4	6	5	
4	7	8	10	7	1	
10	8	5	5	8	6	
1	10	6	9	3	3	
1	9	8	1	6	8	
5	4	3	5	6	5	
5	6	8	8	3	3	
3	8	1	4	1	10	
1	5	7	6	2	6	
7	1	9	2	10	3	
7	3	5	10	8	8	
4	9	6	9	6	8	
10	9	7	7	5	6	
1	9	4	9	1	3	
6	1	5	10	4	9	
10	5	10	5	9	5	
3	10	1	3	8	9	
7	7	10	1	10	5	
2	1	9	10	4	8	
8	3	2	2	2	5	
8	10	4	8	5	1	
10	2	8	5	10	2	
1	6	3	2	5	8	
7	10	6	1	8	10	
3	3	8	4	6	3	
7	5	8	9	8	7	
7	8	7	9	4	5	
8	4	7	3	4	4	
4	6	3	5	2	5	
7	4	4	4	6	8	
3	7	7	1	6	5	
9	8	10	4	10	6	
7	4	9	4	5	4	
10	9	5	5	3	8	
6	5	3	2	1	4	
3	6	3	4	9	4	
4	3	9	4	5	7	
2	7	4	3	4	1	
3	1	4	3	2	9	
2	2	7	9	9	5	
3	2	4	5	4	6	
4	4	7	8	3	6	
8	7	7	7	8	9	
3	7	2	7	8	3	
4	2	10	2	6	2	
10	9	6	5	8	4	
10	10	1	5	7	1	
2	8	10	9	9	8	
5	3	2	9	5	8	
6	2	5	4	10	2	
1	4	1	1	6	9	
9	3	9	1	8	2	
5	5	5	2	4	6	
3	6	1	9	4	1	
5	6	6	4	10	3	
4	5	6	4	4	2	
9	3	10	8	9	2	
2	10	7	7	7	7	
4	6	2	9	8	5	
6	1	5	8	7	4	
9	1	1	4	8	6	
8	4	3	4	7	4	
6	3	10	7	6	8	
6	8	9	9	9	4	
6	2	8	4	3	6	
3	3	7	6	9	1	
8	4	3	8	4	2	
1	6	7	4	5	8	
10	5	1	2	5	5	
9	5	6	6	2	6	
10	6	9	5	6	6	
10	9	6	9	3	7	
8	5	4	10	2	3	
6	4	7	2	6	9	
4	4	4	6	1	7	
3	5	2	3	7	1	
8	2	6	4	1	3	
1	7	2	10	5	7	
8	10	8	7	7	5	
1	9	9	5	2	1	
9	4	6	3	3	4	
4	2	6	7	6	5	
5	2	10	10	2	9	
7	2	10	10	2	2	
2	10	1	2	6	1	
4	3	5	4	5	9	
5	5	1	2	1	9	
4	3	8	7	2	5	
2	10	6	1	2	3	
6	6	3	10	1	2	
7	4	8	9	7	1	
3	4	4	10	5	8	
5	10	4	4	4	2	
5	1	10	4	1	1	
10	9	9	1	7	4	
4	1	6	4	1	8	
5	2	4	5	4	9	
7	1	1	1	2	7	
7	5	4	3	2	8	
8	5	8	6	2	2	
10	8	3	5	9	2	
2	8	3	8	6	8	
1	8	10	9	3	4	
9	7	7	5	3	6	
10	9	4	9	6	3	
4	6	7	10	2	10	
7	4	6	9	1	10	
5	7	9	1	3	5	
8	1	5	4	2	10	
3	8	4	1	5	8	
5	3	2	7	10	4	
9	2	2	6	8	8	
8	10	6	3	6	10	
8	1	2	5	2	6	
9	5	10	9	8	8	
2	5	7	4	3	5	
9	9	5	8	1	9	
4	2	4	7	7	7	
7	2	10	2	6	6	
10	9	2	6	10	8	
5	2	10	10	1	6	
2	9	6	4	10	9	
2	9	1	8	10	5	
9	3	10	2	10	9	
9	2	8	9	3	7	

Stepup times between Families, where [f][f] represents initial setup time
On machine	1
26	28	85	85	42	32	75	71	46	50	5	36	31	36	72	13	17	10	37	52	66	8	37	13	53	90	93	30	40	24	
36	47	37	31	80	8	37	57	66	1	58	77	54	34	19	99	35	15	62	16	43	15	17	5	82	71	36	16	83	78	
77	8	19	98	53	30	4	13	6	20	32	13	30	16	96	25	15	8	99	49	75	42	72	96	23	82	3	64	14	87	
5	37	83	65	38	81	66	80	23	4	50	42	30	4	25	30	13	72	76	16	20	36	27	6	90	15	19	20	82	55	
52	40	4	5	65	93	35	70	57	97	75	45	77	61	42	74	4	100	74	30	30	26	55	96	76	22	87	75	50	74	
9	81	1	42	70	92	44	32	49	35	30	26	58	15	2	88	21	27	46	76	100	40	16	83	26	21	6	65	25	34	
67	48	99	47	6	85	81	67	75	64	51	21	80	38	43	84	14	15	19	34	92	97	85	62	78	41	22	6	58	40	
22	70	31	23	36	95	35	62	91	82	59	19	47	8	60	33	53	38	8	79	85	9	69	35	83	8	38	38	96	17	
95	42	9	12	42	89	36	33	43	88	74	45	67	4	72	44	13	76	30	18	89	27	33	62	66	87	53	46	17	86	
66	20	43	31	34	12	39	53	79	47	83	43	20	79	80	40	94	17	40	85	29	15	100	19	45	74	59	47	10	59	
86	43	18	52	75	28	25	5	38	60	81	83	90	100	31	34	18	22	49	46	33	51	18	47	26	24	99	1	83	70	
16	56	50	79	34	88	65	15	62	17	93	4	86	98	97	94	62	40	40	26	1	60	39	15	85	76	95	93	77	62	
30	69	82	61	60	74	100	38	73	3	37	90	34	56	6	49	24	21	81	50	51	36	51	19	62	55	98	91	2	18	
54	51	50	90	68	86	2	86	95	16	83	97	94	85	29	32	85	93	82	6	72	67	26	53	29	23	3	38	42	32	
24	72	73	62	80	72	50	31	72	21	98	72	69	63	25	54	91	93	67	97	39	35	35	21	46	20	32	71	46	96	
15	23	40	2	12	60	55	48	16	47	75	58	59	92	98	96	71	65	67	78	25	59	20	59	18	18	2	21	88	37	
2	54	98	12	70	72	10	13	61	13	10	71	55	94	21	32	92	52	54	73	86	4	1	49	45	15	21	28	27	25	
94	27	40	99	59	94	12	54	75	92	74	55	52	96	27	64	28	86	100	84	47	87	12	65	1	5	17	9	56	65	
57	75	40	86	19	12	43	58	100	65	47	39	31	62	14	31	52	84	24	48	57	67	71	3	84	35	63	4	69	40	
19	1	71	59	56	62	88	3	44	40	10	68	62	96	28	11	84	43	29	50	17	52	91	45	96	69	15	66	93	57	
56	68	22	94	21	78	97	39	87	78	8	100	95	36	92	44	44	9	63	15	63	35	47	32	56	19	8	53	60	20	
25	82	23	82	58	54	36	43	22	68	47	68	62	82	11	56	5	35	56	60	69	82	70	54	90	61	94	52	74	43	
80	71	97	29	74	97	37	79	16	42	85	74	57	70	13	17	89	88	38	53	95	61	3	69	69	4	83	46	5	36	
45	78	78	6	76	19	68	25	17	83	68	80	77	85	28	35	55	22	2	76	89	58	50	3	82	20	88	91	64	1	
46	24	19	55	95	22	62	44	89	71	72	7	41	32	18	97	29	51	27	1	29	73	27	5	100	38	5	31	64	33	
2	4	33	31	79	54	15	26	87	100	79	70	24	2	59	58	92	74	19	95	85	46	91	42	49	27	82	51	83	18	
73	62	70	8	69	65	89	75	29	6	15	83	3	50	80	50	49	26	87	88	19	6	33	33	83	59	85	56	24	49	
14	16	30	16	98	33	50	30	93	38	34	26	78	60	52	68	59	41	83	49	19	42	32	20	27	58	38	13	33	60	
9	36	77	50	96	17	56	71	98	27	87	82	1	31	4	36	4	11	31	96	38	54	4	45	27	33	35	72	32	35	
55	79	13	13	99	28	67	29	43	14	22	15	83	68	11	40	21	51	63	55	83	47	34	42	26	45	24	70	9	44	
On machine	2
48	1	45	20	70	39	90	78	14	58	22	93	57	83	5	8	83	22	57	49	58	13	47	86	62	95	65	90	38	50	
17	98	42	100	62	96	1	70	9	16	49	94	59	41	61	13	29	70	10	83	72	10	72	15	75	85	23	39	33	96	
38	86	75	74	79	98	66	55	21	22	64	9	29	100	17	62	82	52	48	6	60	50	91	81	51	31	31	39	57	14	
47	18	51	20	48	3	63	42	49	81	36	76	11	14	46	21	56	28	61	69	32	51	8	52	36	52	92	17	31	97	
75	99	13	81	30	58	18	35	6	85	98	62	70	3	23	4	67	12	4	83	94	2	70	3	2	39	33	77	54	28	
71	95	69	22	77	81	50	64	46	36	26	97	39	89	80	4	54	40	1	5	21	70	36	46	3	36	67	30	68	49	
82	12	63	85	100	55	81	46	44	28	13	95	86	21	60	24	6	41	41	5	31	76	67	74	32	57	13	51	31	29	
63	63	51	13	36	43	4	15	67	12	36	8	13	88	16	50	79	29	51	8	4	30	46	50	30	79	17	88	74	63	
65	80	4	85	87	68	100	60	24	96	41	82	73	88	56	74	92	50	17	37	35	21	12	38	78	94	70	41	16	86	
33	14	82	44	45	17	78	12	80	85	77	41	45	62	91	74	1	71	64	3	58	19	12	62	79	34	62	53	7	52	
80	91	25	58	98	21	69	96	33	37	53	18	22	63	82	62	55	76	55	77	17	33	86	49	16	5	7	78	78	49	
30	39	50	7	100	8	8	57	92	98	20	100	9	47	24	28	56	63	49	25	44	81	86	11	86	69	11	54	10	18	
11	52	57	68	58	99	89	28	44	46	98	67	98	20	86	76	22	75	3	12	85	86	39	23	68	49	4	93	18	39	
86	86	21	42	10	37	91	26	72	34	79	91	35	51	80	73	75	64	97	57	59	31	61	46	28	95	46	7	22	34	
80	90	14	1	75	9	71	87	93	77	13	30	97	41	15	33	41	68	43	61	1	37	24	74	4	25	15	80	2	90	
86	15	66	91	57	4	46	23	94	58	6	31	88	71	17	54	18	34	78	40	48	61	29	91	66	66	60	67	88	76	
28	45	42	55	68	92	25	51	18	32	57	57	19	100	93	71	36	69	56	46	42	17	21	53	50	3	17	39	37	49	
79	69	25	100	1	13	33	71	77	90	42	26	78	70	19	56	36	88	89	35	5	61	14	59	50	40	71	74	73	21	
97	6	8	100	33	27	38	19	38	99	25	53	18	43	72	75	12	32	77	6	89	46	77	43	94	51	31	16	45	79	
99	16	25	35	8	61	31	75	63	3	10	45	89	55	47	34	15	61	98	55	57	63	52	41	45	23	41	8	84	91	
59	38	57	59	3	62	25	95	8	39	19	34	6	68	13	6	41	56	87	84	2	18	98	46	1	36	83	7	40	39	
69	99	14	52	40	27	63	74	60	40	91	92	78	15	70	92	17	60	83	16	100	3	68	67	73	98	4	28	65	65	
62	47	70	54	77	96	45	32	97	84	90	42	85	85	44	88	37	69	73	62	66	94	62	48	35	84	35	80	35	56	
29	73	8	32	47	96	98	26	94	18	56	38	13	42	98	46	25	63	67	12	2	75	21	86	49	49	32	45	22	8	
71	4	13	13	29	86	13	15	94	43	81	5	12	39	71	100	81	15	57	21	78	60	38	21	57	65	69	11	42	80	
20	82	35	69	19	64	74	98	94	21	91	90	29	12	98	19	26	23	58	13	8	46	43	49	2	66	54	14	62	38	
42	23	96	57	52	58	85	77	78	83	100	80	25	91	62	97	66	74	20	13	62	67	15	58	61	12	59	35	63	30	
32	38	99	97	65	75	61	23	10	77	35	21	89	6	3	15	99	50	63	25	12	52	97	54	44	12	53	4	91	4	
48	84	52	22	38	91	97	30	36	96	94	20	94	17	35	4	74	73	62	72	58	92	6	77	42	92	60	2	34	13	
100	5	78	28	92	39	7	84	71	35	93	18	5	34	65	38	60	29	94	57	38	58	10	49	94	80	54	47	32	58	
On machine	3
6	88	29	86	29	94	53	74	41	52	51	90	57	45	71	83	80	12	70	59	58	99	79	14	4	6	79	37	57	95	
54	45	29	72	77	82	52	55	4	13	41	100	17	50	60	3	92	2	26	32	20	88	70	84	69	10	47	30	83	11	
53	54	24	99	88	33	22	50	36	62	80	12	22	26	97	21	5	6	28	60	20	81	77	33	43	67	56	23	72	18	
10	87	53	58	36	91	27	8	59	66	13	83	44	69	97	25	67	29	73	41	43	33	30	39	63	30	29	53	24	97	
67	92	42	66	3	51	20	31	9	19	64	58	90	22	30	10	1	50	55	87	16	40	29	29	51	14	45	99	51	57	
22	16	79	75	16	6	64	87	67	97	59	61	61	10	43	4	1	4	91	19	69	95	60	48	46	96	35	75	71	84	
10	3	60	64	45	44	12	47	95	32	5	38	56	79	26	53	61	93	20	19	82	11	33	4	8	20	87	17	91	89	
41	12	14	95	19	60	92	77	30	87	37	65	90	38	73	87	15	13	72	31	49	31	83	62	88	56	66	57	74	77	
19	45	3	64	41	86	44	65	5	77	87	40	1	43	46	17	38	24	68	28	75	40	15	80	22	45	20	73	19	1	
65	100	10	66	21	76	82	99	9	71	59	8	41	43	8	65	29	66	70	59	5	27	79	19	78	45	86	51	3	68	
54	46	14	78	45	32	40	100	99	74	28	10	23	31	42	17	81	43	27	14	9	86	98	89	35	13	30	44	56	72	
55	73	68	91	43	39	27	87	22	80	93	28	39	50	85	33	16	35	89	1	60	57	60	63	32	84	64	44	96	27	
31	29	14	40	100	17	70	51	53	36	76	7	75	56	16	58	24	98	73	60	40	76	48	63	11	78	41	98	30	14	
98	83	40	65	62	4	59	47	17	45	43	46	63	62	62	30	34	12	48	3	40	74	49	47	75	68	77	9	42	72	
72	67	25	3	62	24	33	27	32	49	99	62	40	77	57	45	45	2	29	18	51	19	88	43	5	38	94	44	99	98	
4	98	66	26	65	17	10	75	78	51	12	40	68	10	44	54	16	44	57	1	4	57	18	14	79	89	3	86	19	2	
5	17	6	24	65	27	7	87	44	17	93	5	99	11	72	1	49	24	78	31	37	34	33	45	28	84	16	85	80	6	
31	55	14	28	79	82	97	50	33	50	55	74	26	9	32	30	59	46	100	35	1	65	98	54	15	69	79	86	55	90	
15	23	15	51	70	93	37	23	61	52	97	42	88	34	41	30	91	13	9	99	40	60	20	28	60	24	50	50	63	3	
100	86	25	7	45	42	10	31	75	56	30	36	81	71	46	46	14	62	2	21	2	46	31	34	23	82	18	52	7	81	
61	16	35	39	70	8	39	20	90	59	68	37	88	82	3	80	90	21	73	43	90	57	50	44	25	53	9	80	41	58	
16	24	49	32	64	2	81	85	4	40	29	20	46	82	54	82	10	83	71	32	94	74	62	38	61	21	35	9	100	29	
36	75	10	43	86	87	71	47	66	11	51	31	64	54	84	19	92	9	49	30	30	42	37	35	24	90	48	5	97	23	
59	87	20	10	17	8	60	45	88	2	71	69	22	93	26	94	6	35	39	11	66	74	66	15	42	30	96	19	17	63	
2	6	38	64	84	52	34	21	17	99	64	11	85	19	60	26	4	66	84	68	7	78	8	71	36	7	34	46	3	77	
9	32	66	3	65	94	93	99	55	28	23	68	97	73	3	2	69	34	10	65	74	76	43	52	51	81	88	35	47	60	
9	91	65	84	31	17	57	27	50	29	74	35	38	68	33	73	27	100	57	92	11	4	17	36	76	80	71	99	89	78	
7	1	89	100	55	95	26	80	40	31	69	98	49	90	79	8	2	83	1	44	28	78	67	65	63	11	69	91	44	58	
72	76	48	14	88	91	53	77	10	84	27	36	99	4	74	79	17	27	14	95	74	7	86	38	63	87	49	23	31	55	
78	26	52	34	56	70	61	25	58	45	57	86	10	80	38	93	3	89	85	57	95	21	6	7	67	21	7	74	28	70	
On machine	4
42	27	46	75	74	79	65	24	69	76	41	85	39	1	2	65	18	88	62	75	71	59	23	56	60	75	40	51	62	23	
98	13	21	64	86	81	69	3	61	15	47	32	4	19	49	73	57	37	14	90	38	30	18	88	89	53	40	19	71	47	
17	57	77	60	96	44	3	55	30	26	75	72	4	87	46	4	39	11	53	69	7	78	83	86	99	28	64	17	64	92	
25	70	87	32	95	75	72	82	2	11	5	29	55	7	92	87	67	68	16	46	77	48	21	76	53	7	37	92	6	69	
82	57	71	85	73	61	2	74	25	10	49	67	65	24	97	56	66	15	31	74	45	6	100	52	51	21	32	96	85	18	
54	88	22	58	3	54	3	55	93	92	2	1	82	44	71	45	49	39	91	4	34	60	49	52	12	43	1	23	4	27	
83	77	28	37	85	48	87	49	96	50	11	54	64	42	99	66	46	26	39	27	38	64	72	60	9	99	80	70	84	45	
85	74	30	30	96	99	14	94	50	8	93	46	54	100	7	29	34	92	31	26	43	49	56	50	9	15	28	95	92	37	
16	20	91	82	14	35	78	11	59	4	51	5	25	4	29	26	38	7	17	87	61	33	21	49	60	59	69	69	67	80	
47	96	24	98	70	34	16	11	75	61	41	35	88	54	53	12	96	16	33	26	14	20	29	100	17	95	47	5	49	33	
78	59	31	59	73	70	3	80	72	6	69	93	26	86	84	1	52	20	63	1	49	21	88	89	50	70	19	39	16	7	
35	61	4	27	39	17	38	8	100	10	77	29	25	34	18	1	63	99	31	42	54	7	78	33	31	71	30	16	68	52	
44	33	56	3	78	13	24	55	100	61	74	14	16	83	92	2	96	36	49	67	49	81	5	4	55	52	7	5	66	36	
86	28	79	64	33	48	23	68	44	73	47	56	2	86	64	32	32	31	45	60	66	99	27	73	8	57	21	9	40	41	
12	64	78	77	76	19	20	24	88	8	48	91	6	65	58	91	22	37	58	10	25	16	66	85	73	15	64	77	27	85	
58	25	80	56	97	64	32	70	75	91	76	9	96	17	50	5	52	60	78	53	31	47	3	65	5	26	22	30	27	34	
94	98	49	10	37	94	46	8	86	94	81	48	84	44	33	78	18	3	91	35	47	96	94	69	87	6	35	86	31	71	
30	14	54	19	5	84	12	28	40	47	47	82	25	33	32	80	17	87	31	99	14	18	34	43	6	58	59	19	8	5	
47	84	58	90	78	57	15	6	21	66	49	39	71	70	25	80	63	41	58	80	44	46	59	22	34	65	9	48	40	64	
41	18	43	79	77	22	42	70	65	38	3	10	88	94	45	6	96	66	9	88	78	9	58	38	97	91	100	98	94	60	
60	42	16	7	82	92	37	58	67	61	76	10	22	58	21	42	73	15	90	35	31	68	19	46	44	50	64	77	7	71	
65	34	91	68	82	46	85	53	32	30	45	74	69	23	3	37	63	67	28	32	19	34	45	61	67	50	83	99	96	63	
24	39	78	98	9	34	56	88	96	56	44	57	43	70	26	17	90	100	8	75	90	42	31	17	54	8	60	3	63	83	
93	75	42	86	37	31	65	45	12	17	14	56	68	44	70	48	33	96	86	30	71	52	82	36	6	34	23	43	53	35	
75	45	23	35	42	60	62	67	19	16	68	88	32	2	48	19	6	92	37	72	20	3	77	12	33	86	88	10	72	97	
78	99	24	70	82	8	64	2	53	24	36	7	31	95	1	5	76	26	38	59	53	92	39	91	36	13	78	72	53	73	
80	59	23	34	17	56	39	90	71	47	62	11	56	91	13	32	58	69	96	65	98	20	31	5	56	95	5	7	62	91	
14	18	47	51	52	98	71	81	52	16	16	28	21	84	94	83	21	96	2	94	32	51	55	55	82	31	67	42	28	32	
69	14	9	79	34	52	81	37	77	97	86	92	42	99	15	90	71	43	65	23	54	77	24	94	53	60	18	94	63	88	
26	7	58	25	47	58	57	7	42	81	32	2	70	92	54	18	38	63	14	47	52	17	93	5	60	80	75	40	83	86	
On machine	5
56	86	5	7	25	53	1	28	55	50	15	48	39	10	94	93	75	33	71	85	60	76	86	85	52	99	12	22	50	42	
53	70	19	79	86	97	79	69	9	33	61	84	96	42	47	9	56	11	54	50	11	97	53	61	39	5	95	70	68	51	
73	95	36	43	12	75	6	89	100	93	77	17	94	30	29	89	40	29	42	93	35	79	100	23	76	43	15	91	1	26	
29	53	85	6	76	10	54	11	16	87	7	22	8	27	3	14	75	31	45	84	46	97	77	16	68	6	85	72	51	60	
15	35	13	62	2	23	9	40	22	50	19	42	29	95	1	53	56	83	76	66	63	98	55	9	4	55	22	80	13	79	
81	31	32	94	89	3	75	42	11	44	48	48	97	32	2	64	26	45	12	49	58	76	1	37	92	58	29	86	86	95	
68	5	38	94	9	30	6	52	100	72	51	33	91	94	85	83	1	62	18	64	24	53	27	66	8	47	79	40	52	60	
67	20	93	36	23	43	25	95	95	73	14	96	99	18	63	35	94	8	42	28	73	1	31	26	73	91	8	19	67	55	
69	22	23	15	9	71	34	7	17	70	35	50	25	10	93	88	37	79	58	43	50	18	59	26	33	32	34	61	96	22	
76	70	62	11	25	88	43	50	68	18	13	66	92	82	84	91	63	95	45	98	88	71	57	96	36	69	20	28	100	6	
8	3	54	27	6	95	93	2	32	30	90	80	96	19	77	94	48	22	15	63	2	25	12	70	66	71	36	68	38	32	
38	7	57	86	21	32	67	38	95	42	84	42	27	29	10	61	49	62	49	35	11	19	89	51	42	30	90	98	19	65	
91	91	68	68	95	75	58	98	65	65	19	45	46	62	74	76	53	89	54	82	90	7	85	61	5	69	71	64	48	10	
13	1	40	78	90	77	81	19	79	9	82	95	97	97	11	78	57	99	14	90	83	34	87	57	100	87	43	58	5	40	
69	17	11	55	37	99	88	42	12	77	29	12	87	73	46	10	74	59	3	44	76	81	44	53	25	49	84	2	51	30	
37	41	21	9	3	49	57	81	62	90	31	17	56	1	42	77	32	46	8	81	68	31	41	73	93	29	64	95	1	78	
68	93	39	9	75	86	82	97	100	53	24	38	19	92	73	94	99	10	68	19	56	66	76	14	5	74	70	68	39	48	
11	58	26	80	36	34	84	58	37	56	60	33	38	86	96	61	18	24	66	69	51	35	7	84	51	52	21	16	96	99	
27	43	74	88	78	54	94	61	35	83	22	54	78	39	52	22	57	28	73	51	42	16	27	44	84	78	13	36	65	64	
73	69	7	57	14	82	36	71	39	90	24	97	27	19	65	79	27	54	7	78	9	79	51	70	58	22	24	41	50	99	
36	73	90	12	72	45	91	61	35	52	1	37	93	10	3	82	47	92	37	41	21	6	33	75	74	15	18	67	99	39	
46	73	27	99	12	82	50	7	93	13	68	76	2	42	48	48	69	12	76	10	11	64	83	16	87	48	83	95	1	89	
92	86	89	30	17	19	25	52	80	23	8	30	19	83	73	28	77	15	11	14	65	29	90	23	19	29	74	74	37	83	
50	26	24	42	28	73	15	44	95	50	6	82	61	71	95	78	98	72	73	21	44	30	14	70	96	6	59	72	98	33	
93	79	53	96	26	41	13	16	80	42	68	88	81	87	2	70	92	91	40	6	68	60	52	36	46	52	39	17	11	53	
63	41	90	45	50	8	35	65	57	1	1	46	78	66	65	50	84	93	67	17	49	46	69	3	15	82	78	19	38	51	
20	56	37	50	33	3	97	21	26	74	45	13	90	47	36	35	89	64	28	45	100	41	52	95	24	63	81	50	81	79	
64	86	74	14	88	15	9	40	62	49	20	2	20	4	78	1	37	4	98	96	12	65	26	45	61	79	91	34	62	30	
88	33	71	88	100	34	48	97	35	1	33	58	9	3	61	29	25	57	27	97	36	94	58	67	6	8	72	72	27	55	
70	44	50	13	94	10	66	37	17	56	51	92	78	69	56	33	82	14	48	26	65	26	94	19	45	61	91	67	26	3	
On machine	6
39	39	81	16	80	73	17	55	82	85	59	92	84	88	81	54	37	98	90	53	87	44	59	23	100	38	85	33	90	88	
81	24	37	84	40	48	46	35	8	85	98	56	70	72	91	46	42	5	66	16	60	79	6	47	1	39	91	35	93	1	
35	1	46	3	37	25	53	71	39	14	47	42	70	38	47	2	47	96	77	34	96	46	2	92	23	64	31	80	79	2	
15	21	81	62	9	27	32	14	61	52	12	51	66	60	63	62	84	88	89	89	83	8	90	29	23	95	53	82	37	4	
47	12	26	87	8	53	79	73	86	80	73	32	36	16	13	53	80	40	75	43	40	9	38	44	50	48	95	66	98	22	
59	88	20	80	70	93	90	88	6	70	74	30	91	55	76	43	16	61	2	24	78	79	85	65	8	82	20	67	22	79	
83	94	82	95	97	35	91	41	52	75	96	99	41	12	89	64	87	24	20	42	81	19	19	16	64	60	67	14	49	90	
8	83	59	41	76	79	87	48	94	97	49	48	67	95	74	27	34	77	14	14	19	6	44	31	21	37	40	62	77	16	
97	6	58	94	66	64	26	74	34	71	53	34	86	5	21	13	2	78	29	44	29	29	23	83	24	55	7	35	1	32	
81	19	59	10	2	100	70	61	33	5	93	96	41	27	34	70	9	92	28	21	76	55	23	81	54	23	64	88	99	3	
93	57	2	8	43	43	45	89	60	55	11	48	92	68	94	54	83	29	26	61	93	84	42	31	80	43	90	63	77	12	
52	2	85	89	50	56	95	91	52	88	15	34	94	35	68	2	85	29	45	64	26	68	81	44	91	71	77	14	17	58	
87	50	50	67	72	72	44	48	68	52	21	94	5	47	60	46	97	62	48	37	93	50	36	45	15	20	23	70	78	22	
9	54	57	3	45	1	36	15	24	67	57	38	50	71	58	36	43	84	62	57	17	98	59	60	68	48	60	45	66	95	
38	27	53	77	91	54	57	7	17	85	10	40	96	31	1	91	23	40	18	6	20	70	94	4	26	25	86	80	55	94	
52	19	6	46	52	44	66	91	34	30	16	11	6	50	93	33	4	90	12	88	81	88	3	1	77	15	39	37	66	70	
45	55	73	14	18	27	24	91	34	86	92	46	21	84	96	34	65	56	53	43	56	78	8	58	82	59	65	94	65	52	
68	30	49	60	25	24	69	8	4	6	22	88	11	7	11	24	80	48	36	50	74	31	12	29	23	64	37	63	21	74	
97	55	1	60	96	22	1	29	75	95	76	65	27	88	40	61	90	11	11	68	69	85	62	66	91	94	2	9	89	45	
43	59	51	57	55	80	85	28	23	44	49	83	4	95	92	90	89	31	88	22	83	21	69	72	5	36	2	16	69	47	
30	49	58	89	98	62	35	25	25	78	52	91	55	1	4	45	30	79	71	74	87	24	81	61	15	100	27	25	37	35	
28	20	63	96	62	72	71	39	34	93	100	85	77	24	84	99	72	15	29	46	95	18	63	85	66	18	92	4	52	60	
83	19	35	21	29	54	11	55	21	51	86	90	29	72	84	36	17	27	21	61	84	63	4	95	17	98	84	49	60	60	
100	67	48	97	26	65	43	97	33	19	60	55	45	85	13	7	63	22	94	65	45	23	32	15	73	37	36	82	29	30	
18	60	59	44	2	28	22	86	30	51	52	16	26	1	81	93	51	35	1	16	73	80	21	28	16	97	76	15	5	89	
79	21	10	41	81	56	66	96	21	38	18	47	93	70	9	39	12	88	60	15	81	84	45	40	10	89	20	13	52	3	
60	28	60	69	49	82	18	42	91	82	76	94	14	65	74	5	93	8	5	92	87	83	57	99	16	73	18	74	70	84	
4	43	96	6	11	43	91	7	55	8	46	61	88	82	26	62	52	49	87	13	39	19	61	52	44	69	91	68	71	35	
96	69	74	16	98	55	92	63	99	85	74	96	30	37	36	46	43	73	16	65	86	85	84	63	82	13	58	38	25	75	
7	48	70	44	61	69	45	40	38	37	10	99	89	20	29	7	51	22	89	78	80	22	16	48	51	8	21	38	47	22	
